56390.0187875008	1.0001614791434839	0.0006191363136969924
56390.0596557369	0.9989151242531178	0.0006190234040635492
56390.08008985541	0.9998534104435932	0.0006192783473385672
56390.10052387404	0.9992298070549721	0.0006191358831985632
56390.12095809302	0.9997864871626629	0.0006193106921009503
56390.14139221223	1.0001885604914844	0.0006194568263247016
56390.16182633168	0.9993889592683196	0.0006193566712001944
56390.18226045136	1.0001992109129385	0.0006195720375743424
56390.202694571264	1.0006626056583434	0.0006197377247652917
56390.22312869153	1.0004579843228842	0.0006197274222538214
56390.243562811906	1.0009923724651948	0.000619824026333611
56390.263996832626	0.9996348556041297	0.0006197191632730483
56390.28443105359	0.9989441029040412	0.0006196748266211526
56390.30486517478	1.0011525684862337	0.0006200452104003408
56390.32529919621	1.00052640356219	0.0006200656700099866
56390.34573341786	1.0008511379678098	0.0006201125901350281
56390.36616753975	0.9994597385764246	0.0006200563653841411
56390.38660176199	1.0003301805257392	0.0006201756737545534
56390.407035784345	1.00056472968555	0.0006203774741530077
56390.42746990705	0.9990766073220064	0.0006202479434786475
56390.447904129986	1.0007091464177846	0.0006203657091408167
56390.46833815316	1.0003646589624704	0.0006203556448027346
56390.48877227656	1.0001933565574708	0.0006204461968017886
56390.509206500195	1.0001302698929135	0.0006203924054953333
56390.55007474829	1.0005729818173046	0.000620454169105173
56390.57050887273	0.9989767237220728	0.000620243668871232
56390.59094299742	0.999986563834128	0.0006203919734067365
56390.61137712234	0.9997188478323997	0.0006202328110676506
56390.63181124737	0.9999632553258442	0.000620283724720146
56390.65224537287	0.9993148049305499	0.0006202100272950788
56390.672679498486	0.999787751320054	0.0006202240967605414
56390.733981976955	0.9992771311797238	0.0006203328850725577
56390.7748502304	1.0006371323292163	0.0006208421101625513
56390.79528435753	1.0009942706703463	0.0006212497482491594
56390.81571838489	1.0022154725112873	0.000621955874863133
56390.8361526126	1.0015450850667245	0.0006225675605283039
56390.856586740425	1.003330971358734	0.0006236469142339637
56390.87702086849	1.0055925628182754	0.0006251869036256707
56390.8974549969	1.0081125947742227	0.0006269755533529814
56390.91788902554	1.0121441545551653	0.0006294655457642635
56390.9383232543	1.0172270604910483	0.0006325471810853186
56390.95875738341	1.0249063826661096	0.0006364584613773866