56224.73518085419	1.0007081841414076	0.0005814788048491489
56224.75561365151	1.0007849144706111	0.0005815122197830481
56224.7760465486	1.0006798764482165	0.0005814592560584825
56224.796479545446	1.00038006740616	0.0005815118601991696
56224.81691244207	0.9998280632711326	0.0005814528895274962
56224.837345338456	1.0004038694345831	0.0005816243761357294
56224.85777823484	1.0005869123325104	0.0005817355511769771
56224.87821113076	0.9999998773634046	0.0005816417291328501
56224.89864402668	0.9993366941996202	0.0005815611471202382
56224.919076922364	0.9995171894393077	0.0005815847533699422
56224.959942713045	0.9997809355093031	0.000581591687286402
56224.98037560803	1.0006262847703697	0.0005817233160231581
56225.00080850302	0.9994418972010055	0.0005816719312039136
56225.021241397546	1.0003925205755593	0.000581771347572206
56225.041674292064	1.0012394299634289	0.0005819274795669433
56225.062107186124	0.9998579016893043	0.0005818019743700938
56225.102972974004	0.9992510560645471	0.0005817470450620159
56225.1234059676	0.9989365704011478	0.0005818029227771289
56225.14383876096	1.0005120053719054	0.0005819487230791644
56225.164271654314	0.9989846760579599	0.0005817242967096549
56225.18470464721	0.9999169625580031	0.0005819161477345303
56225.205137440105	1.000958056598307	0.0005821254527003625
56225.22557033253	0.9997935542095732	0.0005818780992994851
56225.266436117156	1.0003882686034369	0.0005820205458027678
56225.28686900911	0.9993473521803682	0.000581918774669427
56225.307302000845	1.0001571013057695	0.000582061475629317
56225.327734792576	1.0005098675167767	0.0005820558545446995
56225.348167783835	0.9990133604364666	0.0005818777345015823
56225.3686006751	0.9998812624198895	0.0005820214232983893
56225.38903356613	0.9998361193630428	0.000581963820222703
56225.40946645693	1.0005140965292962	0.0005821249031976723
56225.429899347495	0.9994494278212206	0.0005819259127678075
56225.45033223783	1.0008839634123066	0.0005821353621445038
56225.470765227925	0.9986178860668535	0.0005818493692345549
56225.49119801779	1.0000604041504213	0.0005820538842853907
56225.511630907655	0.9996780726921763	0.0005819408655796874
56225.53206389706	0.9982111454571191	0.0005817206934386538
56225.55249668646	1.0007461725132358	0.0005821551739487315
56225.57292957563	0.9983886875073146	0.0005819053505984829
56225.59336256456	0.9987528232300291	0.000581972918334232
56225.61379535327	0.9981279731747953	0.0005818136733795953
56225.634228341965	0.9993308321000522	0.0005820710012312903
56225.654661230205	0.9995305602966796	0.0005824248164152462
56225.67509401844	0.9996553902451899	0.0005821134209436
56225.69552700621	0.9988526876539428	0.0005820069068239664
56225.71595989398	0.998609856718737	0.0005820583543292596
56225.73639268152	0.9993254364832345	0.0005821136559375445
56225.756825668825	0.9996926339847941	0.000582173452475963
56225.77725845613	0.9996904404560184	0.0005821768844879704
56225.797691342974	0.9998075087790668	0.000582195682350748
56225.81812432981	1.0000994449080964	0.0005822461121490864
56225.838557116185	1.0011087358860602	0.0005823552757024839
56225.85899000256	0.9986915766955156	0.0005820056035960813
56225.8794229887	0.9995057589254378	0.0005822305609823566
56225.89985587461	0.9998638381211881	0.0005823240431216547
56225.92028876029	0.9995583191231826	0.0005823147932038979
56225.94072164596	1.0011734883402124	0.0005825152233821151
56225.96115453117	1.000641365065978	0.0005825067936513264
56225.98158741638	1.0002665504445791	0.0005824433285392019
56226.002020301356	1.0005810093571696	0.0005825115640659885
56226.0224531861	0.9992679098436444	0.0005823593545945432
56226.04288617062	0.9993497123112246	0.0005823263935222283
56226.06331895489	1.0000454226466449	0.000582501202866677
56226.08375183894	1.0006538899077502	0.0005825389410228181
56226.10418482299	1.0000493549215264	0.0005825066702762469
56226.12461760656	1.0010673316023044	0.0005826110062222066
56226.145050490144	0.9992286191709955	0.0005824051277490763
56226.165483473495	1.0005040616817265	0.0005825306566516525
56226.1859162566	1.0002648357046313	0.0005825730296999324
56226.20634923949	1.0001960742322982	0.0005825820464053816
56226.22678212214	1.0004292621838184	0.0005826478602146981
56226.24721490478	0.9995311525503744	0.0005825321419657165
56226.2676478872	0.9993165825923345	0.0005825011975572259
56226.288080769154	0.9999534741574779	0.000582629873962868
56226.3085136511	0.9994847259082204	0.0005825504896414792
56226.32894653282	1.0007624167964404	0.0005826943554956947
56226.34937941454	1.001095527398689	0.000582776741360925
56226.39024517681	1.0005363451221632	0.000582772552056472
56226.43111093861	0.999964192480128	0.0005827010831634033
56226.45154381917	1.000266458846927	0.0005827620126613616