55811.384843938155	0.999913711365756	0.0006135624098889062
55811.405277459344	1.0010938803144414	0.0006136551156996216
55811.4257107803	1.0002883404650673	0.0006135987999792218
55811.446144301015	0.999607703425999	0.0006135302629725087
55811.466577721505	1.0001175410445509	0.0006135657762029215
55811.50744456131	0.9989782786241372	0.0006135178476054874
55811.548311299965	0.9993923920934374	0.0006135756222121092
55811.56874481905	1.0004838353383776	0.0006136850453595376
55811.60961155584	0.99951309454452	0.0006136052360244838
55811.630045073995	1.0020270483069202	0.0006137877303017148
55811.65047849169	0.9998367437533475	0.0006135872216855226
55811.67091180915	0.9996295706077296	0.0006134265888155444
55811.71177874314	0.998896396229767	0.00061344435141767
55811.73221205967	0.9996089750006648	0.0006135804910817053
55811.793512507626	0.9995901266347547	0.0006135149739214761
55811.81394582299	1.0002297984092634	0.0006134526896179163
55811.83437923813	0.9996372954361432	0.0006134816379360747
55811.85481275302	0.9994248176273376	0.0006133467956363362
55811.89567948166	0.9995232996269031	0.0006134005503108288
55811.956979722636	0.99938761972347	0.000613367599349693
55811.97741323567	1.001183158018237	0.0006134860776069248
55811.99784654824	0.9998521004473799	0.0006133733365947694
55812.018279960816	1.000314751280466	0.0006132805717917461
55812.03871347292	1.0004213884871245	0.0006133423102879888
55812.05914688479	0.9995367124272738	0.0006131707008660554
55812.079580296435	1.0006777161764233	0.0006133336062820276
55812.100013707604	1.0004284041085767	0.00061326677561779
55812.16131393973	1.0000011311273784	0.000613198063476397
55812.18174734974	0.9986613643040152	0.0006130372383849025
55812.20218075952	0.9985618271240059	0.0006130253455205252
55812.22261416906	0.998549225140218	0.0006129709008978782
55812.243047478376	0.9985899037230713	0.0006130015445859155
55812.263480987225	0.9977148981720937	0.0006128094562597526
55812.28391439583	0.9985186748052441	0.0006129286145311353
55812.304347704216	0.9996939820437005	0.0006129441714065725
55812.32478121213	1.0001159632916334	0.000613086069644855
55812.365647927494	0.9999002423730863	0.0006129381596913134
55812.38608143471	0.9998622018535133	0.0006129344876009987
55812.40651484146	0.9996966668509206	0.0006129146396264662
55812.42694834798	0.9994720603453574	0.0006128321539739897
55812.44738165427	1.0004030385414657	0.00061297943064615
55812.467815060314	0.9997194908412556	0.0006128381804118863
55812.4882485659	1.0005744816960664	0.0006129153896421693
55812.50868187149	0.9996875076200669	0.0006128089419695025
55812.529115276375	1.0001602106921563	0.000612794479585858
55812.56998208592	1.000953364439202	0.0006129001536371974
55812.59041549011	0.9999621070576358	0.0006127238461155423
55812.61084899407	1.0001521009101524	0.0006127439354270582
55812.63128239756	1.0016056217620342	0.0006128044211440814
55812.651715701046	1.0000789799339247	0.0006126491090162019
55812.672149204074	0.9993787883849692	0.0006125017215127878
55812.69258260687	0.9999478707134326	0.000612580848403911
55812.71301590919	0.9997189121106524	0.000612513327294488
55812.73344941129	1.0002635632783337	0.0006124819684103902
55812.753882813384	1.0000467322129059	0.0006124420585451226
55812.774316314775	0.9998871451643654	0.0006124689424989318
55812.79474961617	0.9996974073966567	0.0006124878803713015
55812.815183017105	1.0002399857742246	0.0006124030671443729
55812.8356165178	1.0018428467504976	0.0006125555606362167
55812.85604981826	0.9994495916215728	0.0006122596455632912
55812.876483218264	0.999997483125485	0.0006122737913717204
55812.89691661826	0.999734003069605	0.0006121720359576641
55812.93778331686	0.9990100034398579	0.0006120874989423591
55812.958216815925	1.0020456336459234	0.0006123579100330519
55812.97865021453	0.9989268557098093	0.0006119521090988117
55812.9990836129	0.9989926881930197	0.0006120274697441987
55813.01951701103	0.9999366974715984	0.0006120235398150949
55813.0399504087	1.0002763297608017	0.0006119314290244097
55813.06038380614	0.9990839741146724	0.0006118742867938367
55813.08081720334	0.9998074747173872	0.0006118557681261228
55813.10125060032	0.9999039882685341	0.0006118601847238999