55811.384843938155	0.999842324786478	0.0006135186059875119
55811.405277459344	1.0011467879760036	0.0006136875472805311
55811.4257107803	1.0004260585740894	0.0006136832792868503
55811.446144301015	0.9997811303544399	0.0006136367073993055
55811.466577721505	1.0003221409591563	0.0006136912969544973
55811.50744456131	0.9992628685160773	0.0006136926271594471
55811.548311299965	0.999736043070472	0.0006137866062697486
55811.56874481905	1.0008272353303311	0.0006138956828852973
55811.60961155584	0.9997278658040388	0.0006137370849918537
55811.630045073995	1.0021658700954728	0.0006138727650426992
55811.65047849169	0.9999023550501311	0.0006136274865123118
55811.67091180915	0.9996527944694058	0.0006134408402289339
55811.71177874314	0.9990051000470652	0.0006135111088341056
55811.73221205967	0.9998159235583414	0.000613707520350973
55811.793512507626	0.9999083762253016	0.000613710304871675
55811.81394582299	1.0005273686683365	0.0006136351929547184
55811.83437923813	0.9998951933359713	0.0006136399109684327
55811.85481275302	0.9996242045984162	0.0006134691593776058
55811.89567948166	0.9996437457403311	0.0006134744672593252
55811.956979722636	0.9993770664679023	0.0006133611223582782
55811.97741323567	1.0011363854386561	0.0006134574171903398
55811.99784654824	0.9997597253564381	0.0006133166677957301
55812.018279960816	1.0001341361333838	0.0006131698388843937
55812.03871347292	1.0001874764577534	0.0006131989025738499
55812.05914688479	0.9992280996055882	0.0006129813808162599
55812.079580296435	1.0003139116171558	0.0006131106238385192
55812.100013707604	1.0000284515035955	0.0006130216030062874
55812.16131393973	0.9995827958675281	0.000612941541395332
55812.18174734974	0.9982498401953218	0.0006127846206186208
55812.20218075952	0.9981530132909895	0.0006127743713350206
55812.22261416906	0.9981486288590815	0.000612724990273582
55812.243047478376	0.9981880473008148	0.0006127548581267129
55812.263480987225	0.9973323199435509	0.0006125744717399868
55812.28391439583	0.9981442765698622	0.0006126987947015359
55812.304347704216	0.9993790861873721	0.0006127510987431339
55812.32478121213	0.9998543430016299	0.0006129256924873804
55812.365647927494	0.9996844458061805	0.0006128058765444736
55812.38608143471	0.9996067882521193	0.0006127779142205803
55812.40651484146	0.9993849468218458	0.0006127235238854418
55812.42694834798	0.9990814265386503	0.0006125926345650163
55812.44738165427	0.9999110263582197	0.0006126779588029649
55812.467815060314	0.9991523186540113	0.000612490498112606
55812.4882485659	0.9999730421922868	0.0006125469697648401
55812.50868187149	0.9990932528578541	0.0006124446635031656
55812.529115276375	0.9996013584243783	0.0006124520728584783
55812.56998208592	1.0004234601558182	0.0006125756845577805
55812.59041549011	0.9994165182326399	0.0006123895381643813
55812.61084899407	0.9996199367050406	0.0006124179046273059
55812.63128239756	1.001151406235415	0.0006125265220620307
55812.651715701046	0.999725562576078	0.0006124326052862565
55812.672149204074	0.9991060417532265	0.000612334559888566
55812.69258260687	0.9997624963452506	0.0006124672856962346
55812.71301590919	0.9996143576289477	0.0006124492682748009
55812.73344941129	1.000252346909588	0.0006124751003969385
55812.753882813384	1.000085617006437	0.000612465872115258
55812.774316314775	1.0000223615783026	0.0006125517677002091
55812.79474961617	0.9998961426309155	0.0006126096401372922
55812.815183017105	1.0004721427426988	0.0006125452066724608
55812.8356165178	1.0020874795472539	0.0006127051361713949
55812.85604981826	0.999710363776028	0.0006124193937568949
55812.876483218264	1.0002708480286626	0.0006124411659586778
55812.89691661826	1.0000395286128199	0.0006123591199152494
55812.93778331686	0.9994033617553608	0.0006123285072472762
55812.958216815925	1.0024734776034887	0.0006126193688158437
55812.97865021453	0.9993722574514785	0.0006122249664493303
55812.9990836129	0.999440039949346	0.0006123015373792736
55813.01951701103	1.000392999697942	0.0006123028251983581
55813.0399504087	1.0007198415715957	0.000612202752865726
55813.06038380614	0.999453478152081	0.0006121005841073906
55813.08081720334	1.0001140998490707	0.000612043414608288
55813.10125060032	1.000118723389164	0.0006119915852104634