55728.749876287584	0.9997365286525519	0.0005662609443701803
55728.77031067991	0.9998076701249013	0.0005662990761000229
55728.790745071994	0.9995770111639202	0.0005662317841210513
55728.811179464086	0.9994705740484522	0.0005662294757498499
55728.83161385606	0.9998491616193088	0.0005663072836733531
55728.8520482478	0.9998274930129627	0.0005663467521689588
55728.87248263954	1.000176620661127	0.0005663765507396533
55728.892917031044	1.0001015565324	0.0005664186210929073
55728.91335142244	0.9989489370783363	0.000566200229428569
55728.93378591383	0.9996842978183956	0.0005662749798088343
55728.95422020499	0.9997176333776215	0.0005663035664229038
55728.97465459603	0.9997234409857374	0.0005664241621676418
55728.99508908696	1.0008351984067467	0.000566588229191063
55729.01552337776	1.0001592767971599	0.000566544488928524
55729.03595776846	1.0004056402446575	0.0005664340689963914
55729.05639225904	1.0000428859568502	0.0005662767999704622
55729.0768265495	1.000994927245667	0.0005663298033624358
55729.09726103984	1.0008263956295262	0.0005664381200034858
55729.11769543007	1.0002183658419412	0.0005663197178365631
55729.13812972017	0.999927584705885	0.0005662579647282859
55729.158564210054	0.9990676939256325	0.0005660901326438568
55729.178998599935	0.9997845909777231	0.0005661205378149553
55729.19943298969	1.0013601205279643	0.0005662038733804805
55729.21986737922	0.9990718864279834	0.000566053165247861
55729.240301768754	1.000321079484932	0.0005662073730308995
55729.260736158045	0.9986037998545038	0.0005658485313323122
55729.28117054723	0.9992546708708769	0.0005659246649110043
55729.30160493641	0.9998193872402928	0.0005660615006435418
55729.32203942535	1.0004283117863233	0.0005663162569050828
55729.3629081029	1.0000974171578099	0.0005665296495417337
55729.38334259149	0.9997750760675215	0.0005664033862920794
55729.403776979976	1.0009177315253117	0.0005665182823771027
55729.42421126834	1.0005128727290757	0.0005664543610650642
55729.44464575659	0.9998971124284631	0.0005662847275590606
55729.46508004472	1.001816284197265	0.0005664632405372029
55729.48551443262	0.9997464197570846	0.000566208148144043
55729.526383208184	1.0012967632868595	0.0005660478091266224
55729.54681759585	0.9989441723198115	0.000565617722297619
55729.56725208328	0.9987619672326544	0.0005654688322542025
55729.5876863706	0.9977638583478045	0.0005651573852573847
55729.60812085792	0.9976101289021483	0.0005651071176275346
55729.628555245	0.998375611173961	0.0005652972234902837
55729.66942401882	0.9995750182412476	0.0005658163148045194
55729.68985840555	1.0001061301772591	0.00056591589783543
55729.73072717868	1.0000001756006414	0.0005656230447586544
55729.75116156494	0.9994902835067441	0.0005654331362698111
55729.77159595121	0.9997784634485869	0.0005655316017572921
55729.79203033725	0.9990417627605593	0.0005654621050846865
55729.81246472328	0.9994608480810417	0.0005654377867608058
55729.83289910909	0.9997327483591055	0.0005653657077555377
55729.85333349478	1.0003751407312242	0.0005655487951470355
55729.87376788046	0.9997550623168987	0.0005654844258584405
55729.89420236592	0.9994600785528066	0.0005653397027937218
55729.91463675126	1.0010095345617287	0.0005654143952397721
55729.935071036474	0.9999132538047637	0.0005654034756157493
55729.95550552158	1.0005756616628936	0.000565662844802071
55729.97593990645	0.9998211445259034	0.0005656449144911801
55729.99637419132	1.0019051371423753	0.0005660409672490763
55730.01680867608	1.0013032851143502	0.0005658673745772652
55730.03724306061	1.0013370556349634	0.0005657502907816226
55730.09854621359	1.000187949840447	0.0005649559299093508
55730.118980497646	0.9999126837519334	0.0005647991704672045
55730.13941498159	1.0001427120974744	0.0005648787323807456
55730.15984936542	1.0002722569172418	0.0005649348932828673
55730.18028374912	0.9999646278306008	0.0005648787294906508
55730.20071813271	0.9989001221863437	0.0005645841440982335
55730.24158689943	0.9999744506018954	0.0005647281816618448
55730.26202128267	0.999649059795345	0.0005648265375092016
55730.282455665685	0.9997826479244493	0.0005648045487581865
55730.30289004857	1.0000975668164782	0.0005648162824657871
55730.32332443135	1.000674491749484	0.000564828243140137
55730.343758814124	0.999616740603068	0.0005648170039558081
55730.36419319667	0.999068678282411	0.0005647999074224765
55730.384627578984	1.0002906930751951	0.0005649167465130064
55730.4050619613	1.0000002856277599	0.0005650005199370849
55730.42549644349	1.0000968706511222	0.0005648569782876839
55730.44593072545	0.9990197390338615	0.0005643784171006094
55730.46636520741	0.9989148599752046	0.0005640629640322367