56307.36521181769	0.9989186790082615	0.0006130189321153972
56307.38564463783	0.9997393889070779	0.0006131706625302577
56307.40607765813	1.0002786815162168	0.0006132374957325451
56307.426510578676	0.9996298824157274	0.0006131902122668007
56307.44694339945	0.9998621302324812	0.000613239108799864
56307.46737642046	1.0007013928988189	0.0006136245216362654
56307.4878093417	0.9998297460514245	0.0006132246354215257
56307.508242163174	1.000806620137516	0.0006134600754484085
56307.52867518482	0.999683581192056	0.0006133345835417094
56307.54910810676	0.999932861794975	0.0006133469481171259
56307.56954102893	1.000633654895283	0.0006134443904051771
56307.58997395128	0.9994358502374774	0.0006132713670702117
56307.61040687386	0.9991047646998701	0.0006132705988373216
56307.65127271977	1.0000929800046117	0.0006133032290026426
56307.67170564305	1.0001240965704745	0.0006133766311225169
56307.69213856656	0.9990315520392541	0.0006132738965422063
56307.71257149031	0.9997827158076122	0.0006133160860642749
56307.73300451428	1.0011639262429624	0.0006133913216917374
56307.75343733849	0.9998173829871526	0.0006133351212075413
56307.77387026293	0.999607958852871	0.0006133299754416814
56307.79430328761	1.0006756947703674	0.0006134161202750484
56307.814736112516	1.0007198396226515	0.0006134387890235465
56307.8351690376	0.9992592657080488	0.0006133512323676419
56307.85560206297	1.0005544718737334	0.0006134421827075523
56307.87603498858	0.999544706660901	0.0006134439062500938
56307.89646781441	1.00004313687347	0.0006134345252965913
56307.91690084037	0.9997985986735807	0.0006134122958060882
56307.93733376668	0.9992410852638952	0.0006133186340295999
56307.95776669321	1.0009424434473684	0.000613492211323026
56307.978199619865	0.9992080908227589	0.0006133089115979858
56307.99863254687	1.0000647577468276	0.0006133638089442885
56308.0190655741	0.999568688758103	0.0006134288324607862
56308.03949840146	1.0005128637262668	0.0006134222808556622
56308.05993132916	1.0004017213744822	0.0006134273856202828
56308.080364356974	0.9994468667942151	0.0006134038031520514
56308.10079718514	1.0004806698202222	0.0006134687028315412
56308.12123021355	1.0011630039247004	0.0006136307520875779
56308.14166314206	0.9997886874859517	0.000613452965829926
56308.162095970925	0.9988648583635088	0.000613304631460211
56308.18252899991	0.9984706957123033	0.000613334330483944
56308.20296192924	0.9982976327765684	0.000613349596817533
56308.22339475869	0.9990977642063618	0.0006133537404792671
56308.24382778837	0.9989162130900918	0.0006133946693938639
56308.264260618394	0.9985321905526124	0.0006132927640015675
56308.28469354854	0.9993618352549674	0.0006133940587490146
56308.30512657904	1.0005803924446777	0.000613543048802656
56308.32555940965	1.0000996110330753	0.0006134036455568277
56308.34599244061	0.9997961530709051	0.0006134440945967107
56308.36642537169	1.000459089846603	0.0006134920540380135
56308.386858303	1.0004690852717741	0.0006135799496100905
56308.40729123466	1.000264166740116	0.0006137089562027963
56308.42772416644	1.0003867088876404	0.0006135726126750085
56308.44815709844	1.0010599938099873	0.0006136769000344121
56308.4685900308	1.0010136813804529	0.0006139408619019248
56308.48902296328	0.9978908782515646	0.0006133456587288068
56308.5094559961	0.9991404826088259	0.0006134572252861271
56308.52988892904	1.0009113156422835	0.0006136263124833819
56308.55032176222	0.9999190152262872	0.0006135588770471418
56308.570754795735	1.0003204577408253	0.0006139765558953962
56308.59118772938	0.999984884989421	0.0006135680378409142
56308.61162056325	0.999889110488519	0.0006135311951926593
56308.63205359747	0.9992888360113564	0.00061350451461987
56308.652486531806	1.0000829789515708	0.0006139761234245082
56308.67291936638	1.0012857535035704	0.0006140397476779938
56308.69335240129	1.0007835951518895	0.0006140348878121299
56308.71378533633	1.0001744181276815	0.0006139550650110342
56308.73421837171	0.9998467945717467	0.0006139665786092458
56308.754651207215	0.9997911692911473	0.0006140268041427575
56308.77508414295	0.9992973847586009	0.0006137587711509529
56308.79551717903	1.0007987131314675	0.0006140753358780692
56308.81595001523	0.9985702239387502	0.0006140117970403258
56308.836382951784	0.99831903343689	0.0006140075955176587
56308.856815888445	1.0005598325887743	0.00061422561697864
56308.877248825345	1.000246317868525	0.000614180125031256
56308.897681762595	1.0009115238883284	0.0006142190837165325
56308.91811469996	1.0000098409867297	0.0006141665613469687
56308.93854763767	1.000122886053067	0.0006142867500510407
56308.9589806755	1.0001729267855826	0.0006142846137252594
56308.979413513676	0.9997873428412319	0.0006141458417955938
56308.999846451974	1.0001654551185362	0.0006142301326087695
56309.02027949062	0.9991652819100171	0.0006141288249245132
56309.040712329384	1.0005599730197015	0.0006142950233228204
56309.06114526849	0.9985161791759839	0.0006141038164597047
56309.081578307836	1.0001465247583519	0.0006142798224904189