56142.02064937709	1.0002245163871109	0.0006256925997584444
56142.04108327826	0.999297847544707	0.0006255900546489125
56142.06151727896	1.0006914677436445	0.0006257803847698903
56142.08195137966	1.0006137405070423	0.0006258275372418125
56142.1023853799	0.9989488482554597	0.0006256181312241679
56142.1228192799	0.9997598304792384	0.0006256767086751413
56142.14325337967	1.0010526911018178	0.0006258277915531606
56142.16368737921	0.9993181921280381	0.0006256787580463181
56142.184121378516	1.0011433186266034	0.0006259132912554669
56142.20455537758	0.999329159968217	0.0006257983580167188
56142.224989376424	1.0002541500754778	0.0006257917724081361
56142.2454234748	1.000622974910106	0.0006258859267423391
56142.26585737317	0.9998473417589239	0.0006257809319914803
56142.28629137108	1.0006795980929057	0.0006259263077637994
56142.306725368755	0.9983215710205882	0.0006256816573487968
56142.327159366425	0.9992645537517362	0.0006257521301033102
56142.34759336364	0.9989179184585383	0.0006257450311496555
56142.368027360615	1.0002960900192186	0.0006258613059943297
56142.388461357354	1.0005016379364484	0.000625881232589226
56142.40889525363	0.999866282997769	0.0006258487530430749
56142.429329349914	1.0000053103530417	0.0006259221294991958
56142.449763345954	0.9995722161055971	0.0006259126653948889
56142.47019744154	0.9998029893931728	0.000625827317092337
56142.49063133712	0.9994426040788962	0.0006258381475000995
56142.511065332226	1.0007147473747053	0.0006259872546681174
56142.53149942711	1.000040465288331	0.0006258756190861677
56142.55193332176	0.9997241601768805	0.0006259169046837554
56142.592801410356	1.0004904732220359	0.0006260783370437807
56142.61323540431	1.0000205423543491	0.0006259935836218478
56142.63366929802	1.0001908053478532	0.0006259929168323718
56142.65410339127	0.9994002207825782	0.0006259718635749945
56142.67453738452	1.0004423073554631	0.0006260522137369057
56142.69497137731	1.0003009997631813	0.0006260671295345585
56142.71540536986	1.0004652158586458	0.0006260825227264899
56142.73583936218	1.0004440751238588	0.0006261017500436344
56142.756273454266	1.0005047327474055	0.0006261075862181825
56142.77670734612	0.9990867211234327	0.0006259676666447792
56142.79714133774	1.000291428156935	0.0006260500195613927
56142.81757542913	0.9998684820718877	0.0006260420390331158
56142.83800932029	0.9993531913298029	0.0006259475553286843
56142.85844331098	0.9982238427162893	0.0006258647125809308
56142.878877401665	0.997818362057846	0.0006258615174611251
56142.89931129189	0.9979185331743344	0.0006258589229140131
56142.91974528188	0.9984379395275521	0.0006259061195998836
56142.94017937164	1.000340331116376	0.0006261369539885721
56142.960613261166	1.000200358379155	0.0006261084418606224
56142.981047350455	0.9994070269695815	0.0006260332633625815
56143.00148133952	0.999950670606706	0.0006261376271067771
56143.021915228346	1.0010018336328401	0.0006262812743672341
56143.0423493167	1.0012099870771238	0.0006262884039330869
56143.06278320507	0.999711038216588	0.0006261341476361946
56143.083217192965	0.9996733958331321	0.0006261362745474008
56143.103651280624	1.0002749341957442	0.0006261691669556837
56143.12408516829	1.00027649324362	0.000626202625635501
56143.14451915549	1.0010338657020657	0.0006262752101094406
56143.16495324245	0.9995368124840792	0.0006260912372112084
56143.18538722895	0.9983655920981468	0.0006261008743135826
56143.20582111545	0.9996028245986017	0.0006261968583747039
56143.22625520171	1.0003226741791889	0.0006261818263440053
56143.246689187516	0.9994732030559474	0.0006261448973453102
56143.26712327332	1.001298532381818	0.0006262732450979618
56143.28755715865	1.0000880232737221	0.0006262582310727486
56143.30799114375	0.9999653357812491	0.0006262101850223779
56143.328425228625	1.0007704602149676	0.0006263034034551311
56143.348859113255	0.9986598167851242	0.000626027009744536
56143.36929309766	1.000550190764247	0.000626327970090814
56143.389727181835	1.0004196732079043	0.0006263287214238202
56143.41016106577	0.9993805355525246	0.0006261317821462803
56143.43059504924	1.0007479422934082	0.0006263936060286105
56143.45102913272	0.9994342522774838	0.000626255997727844
56143.47146301572	0.9999626133009984	0.0006262846750641202
56143.491897098495	1.0012421992159573	0.0006264442229971664
56143.51233108104	0.9992981982127097	0.0006262826415064346
56143.53276496334	1.000458937846785	0.0006263652321792989
56143.55319904542	0.9996754976621611	0.0006263019960617808
56143.57363302726	0.9996125301363075	0.0006263890790416607
56143.594067008635	0.999454424856265	0.000626367152013046
56143.614500990014	1.0002483429089104	0.0006263885682867757
56143.63493497093	0.9992245017648602	0.0006262953839423717
56143.65536895183	1.0008258184769994	0.0006264464990478286
56143.67580293228	0.9987955161548615	0.0006261486588326496
56143.696236912496	1.0003861744231564	0.0006263546658281044
56143.71667089247	0.9999113633247081	0.0006263949812615047
56143.73710487222	1.0001598141193853	0.0006263646904197138