55067.45879600896	1.001253370403905	0.0006086616529582991
55067.47922944389	1.000314616030479	0.0006085804239501505
55067.49966287881	0.9995660448393973	0.0006085297873307172
55067.520096213266	0.999985655343936	0.0006086818402676353
55067.54052974726	0.9993997637595056	0.0006086776371748443
55067.56096318125	1.0008896254269257	0.00060877029108041
55067.581396514775	0.9987137450113469	0.0006084592024957283
55067.60182994807	0.9988347446255764	0.0006087680096265199
55067.622263480895	0.9997570180672664	0.0006086191941418273
55067.642696813724	0.999848772530987	0.000608684712717381
55067.66313024609	1.0001000002888263	0.0006087118423800432
55067.68356377821	1.0004445907542068	0.0006086546951871973
55067.70399710988	1.001044150960395	0.0006088806447635811
55067.72443054131	1.0011175236520704	0.0006089429749721104
55067.744864072505	0.9996928911009662	0.0006086379779245791
55067.76529740347	1.0000052807230415	0.0006089136389812353
55067.78573083397	1.0003931297078668	0.0006089414692907604
55067.80616426424	1.000293778167914	0.000608934534959589
55067.82659779427	0.9995566446483556	0.0006088544072449318
55067.847031124074	0.9994503261758418	0.0006088114731876025
55067.867464553405	0.9997139418092135	0.0006087601143887094
55067.88789808251	0.9994730875157839	0.0006088344947529539
55067.90833141115	1.0004540320429254	0.0006089838064285892
55067.92876483979	0.9997666523881263	0.0006088329578267268
55067.949198267954	1.0001065253038233	0.000608943395349418
55067.969631695894	0.9996058685060771	0.0006090399455185468
55067.99006512336	0.9988459811023551	0.0006087846148974991
55068.01049855084	0.9993297265082074	0.0006088355823958543
55068.030931977846	1.000075916358635	0.0006090043647304363
55068.05136540439	1.0001272469968197	0.0006090294481911832
55068.071798830926	1.0002516647202426	0.0006090227897223065
55068.092232157	0.9995344426231365	0.0006089517470246884
55068.11266568284	1.0009829249264866	0.0006092125270384573
55068.133099108454	1.0007414730895805	0.0006091471787488804
55068.1535324336	0.9994603231699013	0.000609032267854614
55068.17396595851	1.0007745503216114	0.0006091514766694777
55068.19439938319	1.0000423588638292	0.0006090698234311932
55068.2148327074	0.9993226814914493	0.0006090556973903583
55068.23526613161	0.9996032143486595	0.000609140554617162
55068.25569965536	1.000307550260826	0.000608976997332861
55068.276133078645	0.9989072069496284	0.0006088458033220262
55068.29656640193	0.9992690891652626	0.0006089954638560186
55068.31699992474	0.9987647494200105	0.0006088197766152171
55068.337433347326	0.9983430140860338	0.000608887002909183
55068.35786666944	1.0001326194022964	0.0006091033538041039
55068.37830009156	0.999976762674463	0.0006091906925638549
55068.39873361321	1.0003029194740976	0.0006092779614971439
55068.4191669344	1.0015197513726852	0.000609429365189922
55068.43960035558	0.9993714806745263	0.0006090977019929464
55068.460033876305	1.0007300782845931	0.0006092891896842556
55068.48046719679	0.9994870550900217	0.000609167557430275
55068.500900617044	1.0015751848783183	0.0006093041246203152
55068.521334036835	0.999794262205495	0.000609049142666344
55068.541767456394	0.9995527097194036	0.0006091029776464134
55068.56220087571	1.0001237712568127	0.0006091533923568373
55068.58263429457	0.9992646386227496	0.0006089578666559459
55068.60306781343	1.000272989190607	0.0006092188075021396
55068.62350113182	0.9986094578871976	0.0006090175673513568
55068.66436786768	1.0000061888376253	0.0006091759698739235
55068.684801385134	1.0003998831800571	0.0006092266133066505
55068.705234802364	0.9998250750325888	0.0006091002439747639
55068.72566821912	0.9995613888449534	0.0006090870654350675
55068.74610163589	0.99977689081386	0.0006090811531290122
55068.78696846825	1.000509130507928	0.0006091925532920724
55068.807401783844	1.0003092482727203	0.0006091598803278134
55068.82783529921	1.0004793764317867	0.0006090224697678022
55068.84826861435	0.9998131754892527	0.0006089211033364323
55068.86870202924	1.0003345353844715	0.0006090123249977994
55068.88913554368	0.9992813376156213	0.00060866582633148
55068.90956885788	1.0007747324375398	0.0006090301177849675
55068.930002271845	1.0001152178037276	0.0006088762903900065
55068.950435785584	1.0012839104638713	0.0006090616747662807
55068.970869098855	0.9996903700288303	0.000608930201108362
55068.99130251189	1.00002447148831	0.000608901084581363
55069.011735924694	0.9989214345009693	0.0006086086893565961
55069.032169337035	0.998847848837215	0.0006086852915559446
55069.052602749136	1.000895600142657	0.0006089287271672469
55069.07303616101	0.9983631612616855	0.0006085355744417506
55069.093469572654	1.0005123824316913	0.0006089020846643191
55069.11390298382	1.0007049169604234	0.0006096267933993847
55069.13433639477	0.9990371735484476	0.0006085821489784376
55069.15476970548	1.000210231331865	0.0006090628697125152
55069.17520321595	1.0007687128841232	0.0006091662165252357