56307.36521181769	0.9987575178003488	0.0006129200302992143
56307.38564463783	0.9995912715319596	0.0006130798176260342
56307.40607765813	1.000143273886502	0.0006131544818312355
56307.426510578676	0.9995069536583786	0.0006131148056466722
56307.44694339945	0.9997511797718042	0.0006131710602564007
56307.46737642046	1.000601982340024	0.0006135635636351886
56307.4878093417	0.9997416645354253	0.0006131706124683686
56307.508242163174	1.0007293284747842	0.0006134126983145078
56307.52867518482	0.9996168662958279	0.0006132936520371173
56307.54910810676	0.9998762522488421	0.0006133122244934892
56307.56954102893	1.000586767130629	0.0006134156455832687
56307.58997395128	0.9993984044172062	0.0006132483896581212
56307.61040687386	0.9990763533769338	0.0006132531593958871
56307.65127271977	1.0000815325108738	0.0006132962088705012
56307.67170564305	1.000120616258223	0.0006133744966451942
56307.69213856656	0.9990356865104688	0.0006132764345634197
56307.71257149031	0.9997941251320543	0.0006133230851072676
56307.73300451428	1.0011822908626138	0.0006134025732940225
56307.75343733849	0.999842314338476	0.0006133504152738838
56307.77387026293	0.9996391395501939	0.0006133491069983621
56307.79430328761	1.000712837281705	0.0006134388887057407
56307.814736112516	1.0007625827946434	0.0006134649904823639
56307.8351690376	0.9993072112388101	0.0006133806616172752
56307.85560206297	1.0006074276492523	0.0006134746500118666
56307.87603498858	0.9996022319591251	0.0006134792108677019
56307.89646781441	1.0001049988725104	0.0006134724719457067
56307.91690084037	0.9998644384155615	0.0006134526908489872
56307.93733376668	0.9993105679683226	0.0006133612814327107
56307.95776669321	1.001015421925023	0.0006135369408955688
56307.978199619865	0.9992840095118648	0.0006133555101083593
56307.99863254687	1.0001435085762107	0.0006134121087251714
56308.0190655741	0.9996498670849306	0.0006134786510743614
56308.03949840146	1.0005962911389128	0.0006134734308564332
56308.05993132916	1.0004870182045114	0.0006134796880207372
56308.080364356974	0.9995336688204969	0.0006134570773128013
56308.10079718514	1.0005688621917324	0.0006135227800979811
56308.12123021355	1.001252272929679	0.0006136854666609776
56308.14166314206	0.9998785673382898	0.000613508114545525
56308.162095970925	0.9989551093079334	0.0006133600456854145
56308.18252899991	0.9985610894092575	0.0006133898569584209
56308.20296192924	0.9983879164295074	0.0006134050666897548
56308.22339475869	0.9991877556751398	0.0006134089869285772
56308.24382778837	0.999005556492782	0.0006134495316197819
56308.264260618394	0.9986206038248645	0.0006133470669280299
56308.28469354854	0.9994491637104705	0.0006134476597110242
56308.30512657904	1.0006664084087749	0.0006135957926873615
56308.32555940965	1.0001839110078685	0.0006134553503183216
56308.34599244061	0.9998784997540436	0.0006134946199826364
56308.36642537169	1.0005393111845646	0.0006135412466076081
56308.386858303	1.0005468792106473	0.0006136276600309286
56308.40729123466	1.000339271583323	0.0006137550365448329
56308.42772416644	1.0004589066645322	0.0006136168941295733
56308.44815709844	1.0011290817057863	0.0006137192527864809
56308.4685900308	1.001079370210537	0.0006139811501194678
56308.48902296328	0.9979527427443833	0.0006133836832452411
56308.5094559961	0.9991985688356279	0.0006134928893555363
56308.52988892904	1.0009654127345655	0.0006136594776586918
56308.55032176222	0.9999687440105846	0.0006135893910553622
56308.570754795735	1.0003656658996736	0.0006140043037530486
56308.59118772938	1.0000253174841043	0.0006135928463023222
56308.61162056325	0.999924560259091	0.0006135529471448312
56308.63205359747	0.9993190724686871	0.0006135230780245734
56308.652486531806	1.0001078295886094	0.000613991379856339
56308.67291936638	1.001305006290697	0.0006140515544739136
56308.69335240129	1.0007970045601722	0.0006140431152096914
56308.71378533633	1.0001817831412791	0.0006139595860098922
56308.73421837171	0.9998479193903003	0.0006139672693160647
56308.754651207215	0.9997858557006641	0.0006140235407742831
56308.77508414295	0.9992854402196125	0.0006137514349308414
56308.79551717903	1.0007799108912456	0.0006140637991006653
56308.81595001523	0.9985444458341854	0.0006139959463170331
56308.836382951784	0.9982860550518386	0.0006139873124435799
56308.856815888445	1.0005193685006935	0.0006142007768055113
56308.877248825345	1.0001982708613164	0.0006141506227812926
56308.897681762595	1.000855660344869	0.0006141848025101943
56308.91811469996	0.9999460688469233	0.0006141273950165892
56308.93854763767	1.000050967915112	0.0006142425771200436
56308.9589806755	1.0000926892278472	0.0006142353335499619
56308.979413513676	0.9996986495470298	0.0006140913595917338
56308.999846451974	1.0000680665279142	0.0006141703234975609
56309.02027949062	0.9990591682669289	0.0006140636030356845
56309.040712329384	1.0004447093908897	0.0006142242570764599
56309.06114526849	0.9983920029421137	0.0006140274460405531
56309.081578307836	1.000012820269272	0.0006141977025532048