56142.02064937709	1.0002015593621718	0.0006302805475438682
56142.04108327826	0.9991123995558775	0.0006354120323903715
56142.06151727896	1.0006405106352938	0.0006308923435927461
56142.08195137966	1.0005946902214542	0.0006297665445134912
56142.1023853799	0.9988122242754408	0.0006406548057285684
56142.1228192799	0.9996379343393831	0.0006358067083353953
56142.14325337967	1.0010947074830576	0.0006317282251027911
56142.16368737921	0.9993218803399861	0.0006296620858633224
56142.184121378516	1.001086488689894	0.00063135321891206
56142.20455537758	0.9992830027461089	0.0006309267449610236
56142.224989376424	1.0002334521605074	0.0006299439648129314
56142.2454234748	1.0005723851722417	0.0006320672407256443
56142.26585737317	0.9997921060973592	0.0006336846687224128
56142.28629137108	1.0006837708441554	0.0006299579266768633
56142.306725368755	0.9983035587019347	0.0006307388305024247
56142.327159366425	0.9991894510381555	0.000642190761264828
56142.34759336364	0.9990107772949045	0.0006312833571112961
56142.368027360615	1.0003953044539262	0.0006408052382429485
56142.388461357354	1.0004825258186878	0.000630284897246457
56142.40889525363	0.9999002341432268	0.0006315304039246657
56142.429329349914	1.000028146460759	0.0006303790555879259
56142.449763345954	0.9995744220129081	0.0006293578658332714
56142.47019744154	0.9997924258017459	0.0006294627592449599
56142.49063133712	0.9994019492745638	0.0006322785921221083
56142.511065332226	1.0007118359236808	0.0006295199185456956
56142.53149942711	0.9999635898008172	0.0006415461868381042
56142.55193332176	0.9997981885284315	0.0006337873784001841
56142.592801410356	1.0006098755523598	0.0006460909577100445
56142.61323540431	1.0000239554358337	0.0006296273111002385
56142.63366929802	1.0002764863041218	0.00063914507788079
56142.65410339127	0.999607328389086	0.0006773287261016438
56142.67453738452	1.0005167320810542	0.0006343116776619677
56142.69497137731	1.000440031236038	0.0006524098261722082
56142.71540536986	1.0005805287395333	0.0006434737067430339
56142.73583936218	1.0006160664485122	0.0006667738630094055
56142.756273454266	1.0005402474860903	0.0006311275446603279
56142.77670734612	0.999118797432354	0.0006306665499030863
56142.79714133774	1.0003823943258383	0.0006358841809424666
56142.81757542913	0.9998589381153937	0.0006301140019909515
56142.83800932029	0.9993614186188069	0.0006295951219756285
56142.85844331098	0.9982480273856813	0.0006304856488417729
56142.878877401665	0.9979233116994484	0.000634469430498059
56142.89931129189	0.9978794295539626	0.0006412171319669783
56142.91974528188	0.9984534398641913	0.0006296589006850804
56142.94017937164	1.0003217667557998	0.0006316429794704206
56142.960613261166	1.0001248073286635	0.0006367140754172795
56142.981047350455	0.9993747999488098	0.0006318950361330071
56143.00148133952	0.9999618567321042	0.0006296870462362918
56143.021915228346	1.0010603069580826	0.0006317801226248364
56143.0423493167	1.0011950043577005	0.0006308596459562171
56143.06278320507	0.9997912470604473	0.0006330703069026148
56143.083217192965	0.9998276860853725	0.0006504924339489442
56143.103651280624	1.0004338285561083	0.0006339713282370253
56143.12408516829	1.0004291421646194	0.0006397646879961899
56143.14451915549	1.0010536586001568	0.0006302172408782543
56143.16495324245	0.9995546953414811	0.0006299712650067122
56143.18538722895	0.9983005547219334	0.0006535461389676173
56143.20582111545	0.9995455572276315	0.0006483419422810341
56143.22625520171	1.000321181269721	0.0006325660569618364
56143.246689187516	0.9993615223786445	0.0006712145496852489
56143.26712327332	1.001243450235909	0.0006428701154449552
56143.28755715865	0.9999882604089958	0.0006425160591551929
56143.30799114375	0.999914111568792	0.0006317014703438265
56143.328425228625	1.0005817512438722	0.0006312175670918237
56143.348859113255	0.9984770020146084	0.000631073200527919
56143.36929309766	1.0004042050437854	0.0006300519722264432
56143.389727181835	1.0003479554322439	0.0006323982662743953
56143.41016106577	0.9991757506909871	0.0006302715046826337
56143.43059504924	1.0007245469175972	0.0006299371943418551
56143.45102913272	0.9994573500782419	0.00062951129777981
56143.47146301572	0.9998308449354354	0.0006365539335362746
56143.491897098495	1.0011505969182593	0.0006323942851237534
56143.51233108104	0.9992965582253437	0.0006296689749330273
56143.53276496334	1.00049291061847	0.0006375534242505275
56143.55319904542	0.9996819112028756	0.0006329026877543538
56143.57363302726	0.9997686163029595	0.0006905695753796725
56143.594067008635	0.9996231576044984	0.0006678148592146757
56143.614500990014	1.0002632120459953	0.0006305981664123434
56143.63493497093	0.9993796947854419	0.0006349241076298906
56143.65536895183	1.000934312688412	0.000641563596746792
56143.67580293228	0.9987910685539347	0.0006298221700355947
56143.696236912496	1.0002551641508193	0.0006395221697453669
56143.71667089247	0.9997786881562296	0.0006413419737581216
56143.73710487222	1.0000420458314336	0.0006376853864915649