55067.45879600896	1.0015158919293814	0.0006585537298811221
55067.47922944389	1.0005434477200497	0.000653499462736533
55067.49966287881	0.9997629428246338	0.0006692480929375165
55067.520096213266	1.0003880258926252	0.0006362851830303744
55067.54052974726	0.9998903914891399	0.0006406699245778053
55067.56096318125	1.0011062817859386	0.0006458795951027272
55067.581396514775	0.9988278235453517	0.0006416851802297685
55067.60182994807	0.999077790345808	0.0006353889528712052
55067.622263480895	0.9995807674831166	0.0007123879605232657
55067.642696813724	0.999692118115544	0.000665223642364429
55067.66313024609	0.9998324943977625	0.0006713803854342899
55067.68356377821	0.9999599926746766	0.0008804962947509359
55067.70399710988	1.0007822405821085	0.000734047378396356
55067.72443054131	1.001104583862785	0.000648909836695365
55067.744864072505	0.999396087916928	0.0007460858470464636
55067.76529740347	1.0000405366953606	0.0006353896730943221
55067.78573083397	1.0004077495583	0.0006885337931459656
55067.80616426424	1.000422195312291	0.0006644482359417816
55067.82659779427	0.999580323272476	0.0006392653214542379
55067.847031124074	0.9993988966114693	0.0006346602472182561
55067.867464553405	0.9996350773225461	0.0006359964784258255
55067.88789808251	0.9993000296455692	0.0006548899262390074
55067.90833141115	1.000431212962456	0.0006465013790056125
55067.92876483979	0.9996404360686315	0.0006435845059871584
55067.949198267954	0.9999891987181044	0.0006375830228153987
55067.969631695894	0.9998446114981665	0.0007779520585180932
55067.99006512336	0.9987664917967636	0.0006489010816161859
55068.01049855084	0.9991651151128513	0.0006364890949293797
55068.030931977846	1.0001063486255906	0.000657197139329693
55068.05136540439	1.0000258237629664	0.0006387510540305337
55068.071798830926	0.9999979834821865	0.0006626534443148273
55068.092232157	0.9992958698737976	0.000639552780646214
55068.11266568284	1.0008688640530068	0.0006617696112842106
55068.133099108454	1.0004825021816568	0.0006438286259264288
55068.1535324336	0.9993546899469113	0.0006855428373698752
55068.17396595851	1.0006676060891853	0.0006969203695203602
55068.19439938319	0.9999349775720138	0.0006825985166142724
55068.2148327074	0.9992155744954172	0.0006859330066655169
55068.23526613161	0.9994970262215181	0.0006989105802244587
55068.25569965536	0.9997987451425793	0.0006824013211351944
55068.276133078645	0.9984927308750898	0.0006574052199319743
55068.29656640193	0.9989196376127487	0.0006535803825368561
55068.31699992474	0.9980863453913382	0.0008273388604424077
55068.337433347326	0.9979991407936353	0.000652271136844999
55068.35786666944	0.9998239541686191	0.0006916508386162884
55068.37830009156	0.9996689125972396	0.0007059412889733888
55068.39873361321	1.0001067648597077	0.0006682821788958646
55068.4191669344	1.0014500976077945	0.000742861211470366
55068.43960035558	0.9990716462747192	0.0007189623104447293
55068.460033876305	1.000592767179964	0.0006921817473790473
55068.48046719679	0.9993627847845615	0.0006957462093599323
55068.500900617044	1.0012910218276474	0.0007108183516488784
55068.521334036835	0.9995179605359023	0.0006898241405996264
55068.541767456394	0.9995176418881735	0.0007275299307187459
55068.56220087571	1.000093908422891	0.000734786168710778
55068.58263429457	0.9992396758352732	0.0007298155905825737
55068.60306781343	1.000267289912817	0.0007349342331803734
55068.62350113182	0.9985930909749527	0.0007175508777157872
55068.66436786768	0.9999969620228658	0.00070281933007354
55068.684801385134	1.0005206613545128	0.0007010904886059329
55068.705234802364	0.999821927421579	0.0006555118717837239
55068.72566821912	0.9997423932895928	0.0006455997801560988
55068.74610163589	0.9999704385874473	0.000648650668326822
55068.78696846825	1.0007364213018008	0.0007091940770505909
55068.807401783844	1.000353288102995	0.0006432348479938925
55068.82783529921	1.0004310517952884	0.0006751953759928128
55068.84826861435	0.9997916850906157	0.0006657153547891312
55068.86870202924	1.000339733952928	0.0006379281653316657
55068.88913554368	0.9993031752330448	0.0006371283958571131
55068.90956885788	1.0008000610370764	0.000671889873684749
55068.930002271845	1.0001442365226088	0.0006607084502618679
55068.950435785584	1.0013169112307205	0.0006796638998706085
55068.970869098855	0.9997275035032919	0.0006618300648802272
55068.99130251189	1.0000661027130426	0.0006755471589438816
55069.011735924694	0.9989096879207822	0.0007123357396111337
55069.032169337035	0.998904191987182	0.0006846181565788489
55069.052602749136	1.0011794417157078	0.0006476425943270283
55069.07303616101	0.9982363466441729	0.0006911330750504653
55069.093469572654	1.0008671396911957	0.00063919515587324
55069.11390298382	1.0010199566724418	0.000662346717551364
55069.13433639477	0.9989655432049296	0.000716336160573848
55069.15476970548	1.0003034080664794	0.00071164107968295
55069.17520321595	1.0009415645917097	0.0006833961161262101
55150.130513295575	1.0004068324919682	0.0006762083359833748
55150.15094597094	0.9992090379144427	0.0006750212650601755
55150.19181132175	1.0007689643668256	0.0006466130236748259
55150.21224399717	0.9987153448285059	0.000661335108953507
55150.2326765726	0.9989915778010752	0.000645971677897832
55150.253109248035	1.0004089006011776	0.000632945316926667
55150.27354202346	0.999570996141779	0.00062133991910594
55150.29397469889	1.001160267113418	0.0006119061768193106
55150.33484004975	0.9994064312193838	0.0005976746314381575
55150.35527272518	0.9994215052062808	0.0005924124154290025
55150.37570530061	1.0008398790267616	0.0005896291310342259
55150.39613807604	1.0010138373025734	0.0005877368515391713
55150.41657075147	1.0002080641807816	0.0005883421140154421
55150.4370033269	0.9997292226150986	0.000586722661034536
55150.45743600238	0.9998039220774688	0.0005871467532297127
55150.477868777816	1.0012683087996934	0.0005889075801215043
55150.51873402873	1.0001311970065387	0.0005945739402338572
55150.53916670422	0.9995503029724937	0.0005978287447542404
55150.55959937971	0.9994198434102733	0.0006134416956869241
55150.600464730625	0.999879402965304	0.0006088770089583544
55150.620897406116	0.9993644010699432	0.0006177366398317309
55150.6413300816	0.9996374391546606	0.0006178398829101944
55150.66176265709	1.0007128474737788	0.0006205699462692228
55150.68219543258	0.9992267267118812	0.0006296938742632039
55150.76392613464	1.0006793425569016	0.0006368305126771751
55150.78435871019	0.9999754309844343	0.0006392227233439139
55150.80479148568	1.0003434550815586	0.0006413498393848127
55150.82522416122	0.9987068296153886	0.0006429232931565912
55150.86608941232	1.0002229852638975	0.0006384917195216347
55150.88652218786	1.0001203691380887	0.0006392881528950057
55150.90695486341	0.9997003704706695	0.0006029147496331573
55150.92738743901	0.9998847186291299	0.0006403081600239001
55150.947820214555	0.9991004720871686	0.00064537055163974
55150.96825289016	0.9983466341831141	0.0006457785516296833
55150.98868546577	0.9983630829538657	0.0006422105082188663
55151.00911824131	0.9983975013043362	0.0006374893169332245
55151.029550916915	0.9986104668404842	0.0006362611528337717
55151.04998349258	0.9987726542163105	0.0006348061875071289
55151.07041626818	1.000183822557563	0.0006333347897252597
55151.090848943786	1.0010724777820568	0.0006314414809032612
55151.152146970715	0.9994344285148578	0.0006238054159151563
55151.19301222204	1.0007318392862665	0.00061838098109032
55151.2134449977	1.0004711872492906	0.000624855431378536
55151.23387767337	1.0003860285847288	0.0006185664867288206
55151.25431024902	1.0003176730770713	0.0006095706498307258
55151.27474302475	0.9993472567496137	0.0006064458939903269
55151.29517570047	0.9996403864597807	0.0006037059606894035
55151.315608276185	1.000437124995292	0.0005939063652409451
55151.33604095185	0.9998980186728604	0.000588670497284542
55151.35647372763	0.9998329931753901	0.0005887160534408809
55151.37690630335	1.0005107850824961	0.0005933205378621353
55151.39733897907	0.9999480728571983	0.0005904442909077213
55151.41777175485	0.9997069698019196	0.0005890628506160606
55151.438204330625	1.000121985734469	0.0005869911343991156
55151.458637006406	1.0002230297448664	0.0005873493728509179
55151.47906968219	0.9999802491205386	0.0005858045614231218
55151.49950245796	1.0003370645219989	0.0005856530061538535
55151.5199350338	1.0001551954446612	0.0005852189685451169
55151.560800385414	1.0008244145993581	0.0005873989927305144
55151.58123306125	0.999980625108396	0.0005917526354993588
55151.60166563709	0.9999163083521494	0.0005902020405087767
55151.62209841298	0.9994569596686921	0.0005981246206340305
55151.64253108882	0.9997742431937297	0.0005963632391645986
55151.66296366472	0.9998124629332357	0.0005882428758138457
55151.68339644061	1.0003775648547246	0.0006062222900148198
55151.70382911651	0.9998784320417936	0.0005938082441065633
55151.724261792406	0.9989857988521846	0.0006120101518494002
55151.74469436836	1.0003407067860863	0.0006246765522059865
55151.76512714425	0.9998525551588863	0.0006321219758356174
55151.78555982021	0.9994372331582158	0.0006256356209325208
55151.805992396155	1.000293892797628	0.0006312415661395441
55151.846857848126	0.9995207355129263	0.0006312579101286154
55233.82400104169	1.0008313149277726	0.0007598899360383151
55233.84443447266	1.0003800644607503	0.0006561291397098443
55233.86486800409	0.9993748976807354	0.0006218671534339125
55233.88530163587	1.0002719060419198	0.0006219327275670242
55233.905735067885	0.9997740392935829	0.0006436995817240669
55233.92616860025	0.9993045728806839	0.0006218879571220239
55233.94660223296	1.0004262619082531	0.0006305933011568187
55233.967035665904	0.9987817139461677	0.0006223580794886219
55234.007902732956	1.0001365087011544	0.000619457517769834
55234.048769801295	0.9994748516665681	0.0006428578228522559
55234.06920343598	1.0009150879055775	0.0006300023343113156
55234.089636871024	1.0005818509908022	0.0006390181412504111
55234.1100704063	0.999776461561775	0.0006376320676591187
55234.13050404192	0.999956907517294	0.0006255489482719762
55234.15093747789	0.9988282674131634	0.000630516456441376
55234.171371014214	0.9993573010395298	0.0006261323010775718
55234.19180445088	0.9999004978700099	0.0006217428786562051
55234.212238087784	0.9997556195215681	0.0006203573020460677
55234.25310506276	0.9996233471844482	0.0006184922225835825
55234.27353870059	1.0002746494104726	0.0006165812998460336
55234.29397223889	1.0008622373393021	0.0006166182276722602
55234.314405777535	1.0007346810464313	0.0006239336008258454
55234.33483931642	1.0001670053093692	0.0006170878578457961
55234.35527285565	1.001473981535324	0.0006205560842452521
55234.37570639523	1.0007533901439962	0.0006223156801295642
55234.39614003516	0.9990030686493121	0.0006154195032198558
55234.41657347544	0.9997848616840349	0.0006197132398462551
55234.43700701595	1.0003709144523176	0.0006186944244114308
55234.45744065681	0.9992901502661224	0.0006148524633725237
55234.477874098025	1.0007710621352155	0.0006236102210802507
55234.49830763958	0.9992972022401055	0.0006290749658522082
55234.51874128149	0.9994667088011324	0.0006278281711621803
55315.458148916056	0.9997029648583531	0.0005673732985935528
55315.478583268196	1.0000911097456	0.0005663074642518327
55315.5194521727	0.9993250832205802	0.000567424277415995
55315.539886625054	1.0005108346590412	0.0005683172825578015
55315.56032117747	1.0000511315172798	0.0005671313566042266
55315.580755529954	0.9995667425553505	0.0005647102475017857
55315.601189982524	0.9993064264858958	0.0005686198262542962
55315.621624535146	0.9997559742656024	0.0005642757703153077
55315.64205888783	0.9989698062922518	0.0005646993607191196
55315.66249334059	0.9997498151550852	0.0005639156584809244
55315.68292789342	0.999883556722903	0.0005666621520124665
55315.70336234631	0.9997308849536578	0.0005639422122955392
55315.72379669927	1.000801070922833	0.0005661675018361295
55315.74423125228	1.0009452877362368	0.0005641174252569284
55315.76466570538	0.999573655271838	0.0005637304007272251
55315.78510005854	0.9994103558740057	0.0005645920570147904
55315.80553461175	1.0002462593688928	0.0005663372407070313
55315.825969065045	0.9989922694749447	0.0005652563495769083
55315.8464034184	1.000218027435265	0.000567858803639771
55315.86683797182	1.0000832934746309	0.0005712328551307933
55315.88727242531	1.0000405861866501	0.0005637310958382624
55315.90770697886	1.0002781059420847	0.0005656029072733097
55315.92814133248	1.0009364509878735	0.000563925873242314
55315.94857578617	1.0008997106266504	0.0005638793957529838
55315.96901033991	0.9997959614072733	0.0005638682394954488
55315.98944469373	1.0002413542992104	0.0005662999046821517
55316.00987914761	1.0004960442831905	0.0005655094798536186
55316.03031370157	0.9999964461610598	0.0005638015598705677
55316.05074805557	0.9999803978767163	0.0005644797960217658
55316.07118250965	1.0002836719525354	0.0005681943181513568
55316.112051417986	0.9998784308890167	0.0005639507880805871
55316.13248587227	0.9997164862064503	0.0005639885353719406
55316.15292042661	0.9997141127737672	0.0005641935179792934
55316.173354781	1.0013755839083198	0.0005699218113916118
55316.193789235476	0.9996043744708742	0.0005653084042182186
55316.21422378999	1.0006090516477368	0.000568881679095882
55316.234658144596	0.9999577158911379	0.0005637225740709155
55316.25509259925	0.9996892669027068	0.0005635410696416454
55316.275527153965	1.0005020561354194	0.0005637785394057506
55316.29596150876	0.9986406189472867	0.0005642629161243566
55316.3163959636	0.9985623920060924	0.0005674184825390111
55316.33683051852	0.9992910683911518	0.0005651853075041582
55316.35726487349	0.9991599539334863	0.0005664789608018485
55316.37769932852	0.9997698538804054	0.0005739562962666938
55316.398133883646	0.9998097434850706	0.0005648218034372085
55316.418568238805	0.9998426098577209	0.0005639567332419152
55316.43900279404	1.000262862194659	0.0005720747379334574
55316.45943724932	0.999866676662887	0.0005787973030340247
55316.479871604686	1.0002403412498273	0.0005689823722022113
55316.50030616011	1.0002397604957642	0.0005691210951366249
55316.52074061558	0.9992686622784726	0.0005633432247479902
55316.541175071136	1.00050743206601	0.0005646814581155124
55316.56160952675	1.0001920419577663	0.0005645241571042978
55316.60247843814	0.9999203699887366	0.000564605030419199
55316.62291289394	0.9999735019832225	0.0005633930819363723
55316.64334734979	1.0000034624361627	0.0005645977529048197
55316.66378180572	0.9995698464971245	0.000565222496957358
55316.68421636171	1.0019709408114292	0.0005643591926196653
55316.70465071774	1.0000499141945056	0.000567037994699208
55316.72508517384	0.9996064337426336	0.0005677854072996612
55316.74551973002	1.000290965230582	0.0005746189767971451
55316.76595408624	0.9997985521851185	0.0005743855990978624
55316.82725745529	0.9997748585970174	0.0005698993155976012
55316.847691911775	0.9985950448106538	0.0005650319079745766
55316.86812646832	1.000273560668295	0.0005637322074628266
55316.8885608249	1.0004436047334038	0.0005631094431886976
55316.90899538157	0.9989298929172727	0.0005674151804256625
55316.92942973829	1.0002995532840138	0.0005633529299391622
55316.949864195056	0.9995109697420541	0.000564214092625742
55316.970298751905	0.9996175414665384	0.0005635398759465902
55316.99073310881	1.0009433496769988	0.0005634543750325493
55317.01116756577	1.0001301092601245	0.000565705424003722
55317.03160212279	1.0005133862237199	0.0005785850000154725
55317.05203657987	0.9996685657602138	0.000563940440141059
55317.07247093702	0.9997705763553848	0.0005781777405812238
55317.09290549423	0.9998646798591113	0.000573031522837155
55317.11333995149	1.0010062037589984	0.0005632653766532527
55317.13377430879	0.9992458482359245	0.0005631432608273669
55317.154208866195	0.9991361939974064	0.0005720128331789072
55317.17464332364	0.9997329130415635	0.000570432665331554
55398.11505587031	1.0002086679894586	0.0006603142686469574
55398.13548976775	0.9991498794607945	0.0006315603359597046
55398.155923864964	1.000286538786797	0.0006408383832027676
55398.17635786194	1.0007558892362232	0.0006430049160433328
55398.19679175868	0.9992574575141308	0.0006243237973850603
55398.21722585496	0.9999732595136509	0.000622773820354704
55398.23765975124	1.0003331175030583	0.0006239371847760678
55398.278527842864	0.9998314244951578	0.0006226936091177478
55398.29896173821	0.9994617164392103	0.0006217593719569967
55398.31939573355	1.000246179501681	0.0006236493846047117
55398.33982982844	1.0006252802067654	0.0006230291780885579
55398.36026372309	1.000526167303435	0.0006211994914504754
55398.3806977175	0.9999290423122136	0.0006368514583421983
55398.40113181145	0.9996930982738288	0.0006404439683396501
55398.4215657054	0.9995670460956133	0.0006219720642301486
55398.44199979911	1.0017444388691699	0.0006297452888459765
55398.48286768562	0.9997217910212498	0.0006226021454115382
55398.5033017784	0.9998941272136054	0.0006216904281252392
55398.523735770956	1.0000612625579939	0.0006213214939584692
55398.54416976328	0.9999659477069962	0.0006252244994437577
55398.56460375536	1.0003080047299449	0.000622171810596631
55398.585037747216	1.000319826706065	0.0006252519407667622
55398.60547173883	1.0004250656414877	0.000626896736068162
55398.62590572999	1.000034317075019	0.0006466370556653401
55398.64633972115	0.9989922671689953	0.0006278503156944765
55398.66677371184	0.9997248872583757	0.0006316433960249379
55398.687207802526	0.9995125796653145	0.0006468968419986131
55398.70764169275	0.9995868175518006	0.0006217534996129134
55398.72807568274	0.9999140576784991	0.0008073739792846087
55398.7485097725	0.9998602097990021	0.0006258643833450755
55398.76894366203	1.000269754008382	0.0006337651088964782
55398.78937765132	0.9999538705256109	0.0006281013557702733
55398.809811740146	0.9999109021303234	0.0006272745501312998
55398.830245628975	0.9996516445936285	0.0006240267892701876
55398.85067971733	1.0005277287168888	0.0006249683201838786
55398.871113705696	0.9993363008863128	0.0006236064363619694
55398.891547593594	0.9997277041787136	0.000625969024486083
55398.91198168125	0.9998970281000734	0.0006246368030995719
55398.932415668685	0.9986299760753503	0.0006303258139945181
55398.952849555884	0.99847188684404	0.0006279213588939142
55398.993717529345	0.998564057910611	0.0006317500208898655
55399.01415151585	0.999426492408525	0.0006322288541825128
55399.034585601876	0.9992722055766824	0.000624200818000059
55399.07545347348	1.0002582381960026	0.0006233996518790225
55399.09588755881	1.00027541445456	0.0006491164651573393
55399.116321543916	1.0003055629667466	0.0006623590203452057
55399.136755428786	1.000081897750397	0.0006787602151833682
55399.177623497824	1.0005663216818834	0.0007129634417034044
55399.198057581765	0.9998903010396335	0.0006677697682620431
55399.2184914657	0.9995139790990526	0.0006567522417462449
55399.23892544917	0.9990839015045399	0.0006293283975763547
55399.259359532414	0.9991567393431218	0.0006908432957053276
55399.279793415415	1.000457182033961	0.0007305911979244102
55399.30022739819	0.9991002176691934	0.0008187299526670359
55399.320661480735	0.9993498434874177	0.0007919134194467027
55399.34109536304	1.0002054967861813	0.000669178206551782
55399.361529345115	1.0007369295528528	0.0006220379055804223
55399.38196342673	0.9998879393494267	0.0006244812809538351
55399.40239730833	1.000393682374154	0.0006222760782981437
55399.42283128948	1.0005987227146185	0.0006317723892569388
55399.443265370384	1.0009612960370142	0.0006275837107655831
55399.463699251064	0.9992458460776317	0.0006480408084724505
55399.48413323151	0.9998285455562534	0.0006424117283541671
55399.5250012917	1.0007369352257083	0.0006232634414734701
55480.78870675402	0.9991625029127651	0.000579989963807821
55480.80913954668	0.9996679933594018	0.0005838964104607777
55480.82957253934	1.0004177257144349	0.0005811504853594211
55480.85000533154	1.0000552928344442	0.0005812050331017363
55480.870438223734	1.0004681441067236	0.0005856253110511563
55480.89087121569	1.000411300937059	0.0005836262366364473
55480.91130400742	1.000939787231552	0.0005885583539430862
55480.93173689892	0.9987344867527057	0.0005809103291001349
55480.952169890414	0.9999276505339818	0.0005829314065237739
55480.972602681446	0.9994361675655044	0.0005799822903602432
55480.99303557248	0.9998590039115455	0.0005800659527276993
55481.01346856304	1.0005339457899427	0.000580238991006423
55481.03390135361	0.9999047029312051	0.0005810703889084435
55481.05433424394	1.000977873210374	0.0005812695847700037
55481.07476723404	0.9993337880980199	0.0005952196608942134
55481.095200023905	0.9994410954595552	0.0005839699331745169
55481.115633013775	1.0000906061121417	0.0005933388717471758
55481.13606590317	1.0000059932319671	0.0005795366263547822
55481.156498792574	1.0004326652346875	0.0005788380443277143
55481.176931681504	0.9997312670028935	0.0005910053082664615
55481.19736457044	0.9999246875388612	0.0005953808396104873
55481.21779745915	1.0007920991623727	0.0006095975108564221
55481.23823034762	0.9998641284547457	0.0006030650596468679
55481.25866323585	0.9990743386684233	0.0005856225833555668
55481.27909612409	1.0008373893439693	0.000578986969354262
55481.29952911186	1.0007424016620585	0.0005797741227095589
55481.31996189963	0.9991690992943223	0.0005825366341233323
55481.34039478717	0.9999713631082742	0.0005856040998736225
55481.36082777447	1.000013943203504	0.0005792033606726336
55481.381260561546	1.000563803713971	0.0005827089409753087
55481.40169354839	0.9994276144544519	0.0005821377600537452
55481.462992207744	0.9997024004603612	0.0005798918436815022
55481.48342509388	0.9998845967910359	0.0005805912363818816
55481.50385787979	0.999955355256873	0.0005793169163014982
55481.52429086547	0.9998906900885668	0.0005805322382052735
55481.544723650906	0.9992073667591475	0.0005786464086293138
55481.56515653612	0.9986448115142202	0.0005816801037723285
55481.5855895211	1.0006603210239176	0.000579080169714957
55481.60602230608	0.9987586302277252	0.0005792269888856275
55481.626455190584	0.9982685447624924	0.0005782020075994535
55481.6468881751	0.9973421094424085	0.0005790466812452685
55481.66732105937	0.9975718133833966	0.0005778770529225902
55481.68775394342	0.9983057713190691	0.0005827754240720107
55481.708186827236	0.9997078881031533	0.0005881989460806063
55481.749052594394	1.0001066142832493	0.0005870208956987514
55481.769485477744	1.0001117259635688	0.0005843606123439562
55481.78991836085	0.9994013653034575	0.0005811345789374098
55481.81035134374	1.0000503400748064	0.000578128567853494
55481.83078412639	0.9999631040712716	0.0005816090709527599
55481.8512170088	1.0009013243618876	0.0005818605003317863
55481.871649990986	1.0004820449154233	0.0005916159503364828
55481.89208277317	0.9999116895651219	0.0005832007743082922
55481.91251565488	1.0005382195195307	0.0005890727502839904
55481.932948636604	0.9991946759062655	0.0005779939098756246
55481.95338141809	1.0016979510102053	0.0005854522437167594
55481.97381429934	1.000186201864036	0.0005782220135407976
55481.99424728036	1.0001082528471474	0.0005785791667093832
55482.01468006115	1.0005603511015018	0.0005789711800317811
55482.03511304193	1.0002245383038844	0.0005779681627179808
55482.055545922485	0.9999561408780195	0.0005807966858572502
55482.075978702575	0.9996709920856882	0.0005778005208112261
55482.09641168266	1.0000004608845923	0.000578429390397242
55482.116844562515	0.9991630302564651	0.0005777807580164653
55482.13727744214	1.0004088799868702	0.0005808549589084709
55482.15771032176	0.9999906152648828	0.0005777147988899776
55482.178143200916	1.0002814025646964	0.0005796927758010255
55482.198576080074	0.9992152602748545	0.0005808267090211916
55482.21900895899	1.0006097746249991	0.0005777870202315201
55482.239441837686	0.9994095391980231	0.000577585716465345
55482.259874616146	0.9999615912860955	0.0005779061712407697
55482.28030759437	1.0002533100724138	0.000581174782806455
55482.30074047236	1.0001466487565849	0.0005806453900476433
55482.321173350356	1.000084661988942	0.0005799906591997659
55482.34160622811	0.9999780387280106	0.0005894170863845993
55482.36203910541	0.9999712886169703	0.0005798976147763429
55482.382472082696	1.0000177815332658	0.0005837025330707497
55482.40290485999	1.001220526744184	0.0005788110992203519
55482.42333773682	0.9995312532851581	0.0005802680566681937
55482.46420349001	0.9994354490678583	0.0005848994166002378
55482.484636366375	0.9991262825373037	0.0005806531334826407
55482.50506934227	0.9997691839996888	0.0005880570607459146
55646.09276056066	1.000588923742718	0.0005802784983992634
55646.11319458651	0.9990433510854297	0.0005895509718613477
55646.133628812706	0.9996751286929463	0.0005876195041176089
55646.15406293902	1.0020981450523596	0.0005778982111945854
55646.17449716569	1.0004428966569623	0.0005743308548809549
55646.194931192585	0.9995186876522667	0.000577619994653365
55646.21536531971	0.999250971946428	0.0005808391167430316
55646.235799547074	0.9996105783301417	0.0005761439290190596
55646.25623357466	0.9998667507305099	0.0005762239979785966
55646.27666770261	0.9998277327377711	0.0005771537012371577
55646.29710193067	1.000125465911582	0.0005759907479780448
55646.31753595908	1.001353402106039	0.0005773975302027241
55646.35840431648	0.9998991360422624	0.0005806720242329377
55646.378838445584	1.0002082358402025	0.0005803225624945753
55646.39927257504	1.0000822599489791	0.0005766863752342181
55646.41970660462	1.00012835588464	0.0005805278741972706
55646.46057496446	0.9998366361845636	0.0005785403820331419
55646.48100909485	1.000109241742191	0.0005827432641916968
55646.50144312547	1.0000342318212472	0.0005813944994770018
55646.521877356325	0.999739351532075	0.0005810999128662423
55646.5423114873	0.9990682983953904	0.0005758183695233047
55646.56274571861	1.0002379779502402	0.0005792292601227185
55646.58317975028	1.0001700430352398	0.000580643435213767
55646.644482146454	0.9996304924683896	0.0005852589815040965
55646.66491627894	1.0003218253822128	0.00058009343435311
55646.68535051177	0.9998416514754009	0.0005787536597397479
55646.705784544836	0.9995679504100907	0.0005766828198813057
55646.72621877814	0.9997183355737462	0.0005755965264004015
55646.74665291155	1.0006372552950134	0.0005799441994534524
55646.76708694543	1.0007807818589374	0.000581992457794551
55646.807955313656	0.9995580145818468	0.0005783722008083653
55646.848823582935	1.000224283333262	0.0005751615590503796
55646.869257717975	1.0013204176628676	0.0005763757675601248
55646.91012598865	0.9998043280663249	0.0005805025291734039
55646.93056012439	0.9985844857156116	0.0005826932018357182
55646.95099436037	0.9990193593510788	0.0005795202269385339
55646.97142839657	0.9984137262548647	0.0005827913302930565
55646.991862533134	0.9995286437087447	0.0005886334481837734
55647.01229666981	0.999344604269116	0.0005827779095617205
55647.03273080672	0.9997769247004269	0.0005851304620829809
55647.05316494397	1.0001957606443392	0.0005832463902282575
55647.094033219066	0.9991832418622986	0.000588642832218633
55647.114467457024	0.9999533235088054	0.0005857856794945064
55647.134901595215	0.998594466408905	0.0005761713959239803
55647.15533563364	0.9994887190076138	0.0005753362025315214
55647.17576987229	1.0001062200165247	0.0005870604736007142
55647.196204011176	1.000192161213147	0.0005921571412787092
55647.23707228976	1.0004040560435987	0.0005888650150050837
55647.25750642935	0.9992626141084195	0.0005918674137767535
55647.277940469285	0.9999480785646808	0.000594356505194024
55647.29837470945	1.0003546206069904	0.0005783717665791724
55647.33924309036	0.9989182130687465	0.0005784187899978492
55647.38011127233	1.0001471728512639	0.0005806368537401637
55647.40054551366	1.000280018204292	0.0005851630563428707
55647.42097955522	0.9995625474833486	0.0005813691032854282
55647.44141369702	0.9997819430616494	0.000578945888419142
55647.461847939165	1.0002580067438394	0.0005745586427396453
55647.48228198143	0.9998411143443051	0.0005829388142566533
55647.52315036677	0.9997350174325519	0.0005788016913423979
55647.54358450985	1.0010443240038356	0.0005763889476297208
55647.56401865316	1.000298607672769	0.0005771936965832274
55647.5844527967	0.9998486011188106	0.0005735615485168627
55647.60488694048	0.9995981275316984	0.0005726184348464533
55647.62532108449	1.0003572090575445	0.000574957227663903
55647.645755228725	0.9994359730907927	0.0005771141094744083
55647.6661893732	1.000489575434936	0.0005780837911788513
55647.68662351791	0.9998678632763034	0.000577427961161093
55647.70705766285	1.0000336043095777	0.0005866749446073878
55647.72749180814	1.0003815881374998	0.0005848345788600246
55647.74792595355	1.0003694359098283	0.0005911286720367305
55647.7683600993	1.0001670414523527	0.0005932942951395934
55647.78879434517	1.0004513062398954	0.0006121192001867763
55647.809228391394	1.0001727275460772	0.0006001547821095763
55728.749876287584	1.000482463963522	0.0005689124982078033
55728.77031067991	1.00055621171932	0.0005690209722042356
55728.790745071994	1.000243143337767	0.0005738114894821736
55728.811179464086	1.0001414028195896	0.0005666984474548406
55728.83161385606	1.0003732403123367	0.0005765275657124233
55728.8520482478	1.0003156404856282	0.0005722977470233066
55728.87248263954	1.0005304351178799	0.0005666338033313265
55728.892917031044	1.0004006674591392	0.0005788828836682884
55728.91335142244	0.9993369274215543	0.0005872123936162512
55728.93378591383	1.0001195539966923	0.0005773973552644719
55728.95422020499	0.9999499163808124	0.0005835177296781536
55728.97465459603	0.9995947319844962	0.0005664256936596415
55728.99508908696	1.0004833037210572	0.0005687384048109981
55729.01552337776	0.9997794476284454	0.0005691604332877434
55729.03595776846	1.0002802277709422	0.0005664437352243069
55729.05639225904	1.0000750955290059	0.0005670659887828017
55729.0768265495	1.000994927245667	0.0005665296106368075
55729.09726103984	1.0007379890056451	0.0005684476209574935
55729.11769543007	1.0000573010041658	0.0005673168178975674
55729.13812972017	0.9999584423535279	0.0005679887365900259
55729.158564210054	0.9991763106764574	0.0005680148603103281
55729.178998599935	1.0000941938159058	0.0005801932143121078
55729.19943298969	1.0016795213041005	0.0005902500929405303
55729.21986737922	0.9989849928639974	0.000567546613297598
55729.240301768754	1.0003009388093806	0.0005850333217299156
55729.260736158045	0.9988924667484057	0.0005669800181982682
55729.28117054723	0.9995196444439296	0.0005696023327480858
55729.30160493641	0.9997648927363056	0.0005709016380517658
55729.32203942535	0.9998992731651637	0.000567221137995724
55729.3629081029	0.999025131264025	0.0005840033734402451
55729.38334259149	0.9987472717794534	0.000569044901240306
55729.403776979976	0.9998678108578772	0.0005800096698840291
55729.42421126834	0.9994748390184814	0.0005677470351755628
55729.44464575659	0.998947570255438	0.0005938361287501687
55729.46508004472	1.0009205422711251	0.0005764499363076776
55729.48551443262	0.9989146099189444	0.0005862066710993809
55729.526383208184	1.0008573123259945	0.0005667511150159795
55729.54681759585	0.9988592278971437	0.0005829958179593927
55729.56725208328	0.9990461130003278	0.0005665409855655345
55729.5876863706	0.9982780999771607	0.0005695171031960979
55729.60812085792	0.9981659559755152	0.0005675596586964518
55729.628555245	0.9987040272806913	0.0005712327305076026
55729.66942401882	0.9991168212507815	0.0005689245156107602
55729.68985840555	0.9994531715921482	0.0006086975652144688
55729.73072717868	0.9998935786047223	0.0005820947611608391
55729.75116156494	0.999633947944091	0.0005670569387817958
55729.77159595121	0.9998338040609204	0.0005685596770378368
55729.79203033725	0.9989020306128222	0.0005661201907649834
55729.81246472328	0.9995207144824516	0.000575912794882026
55729.83289910909	0.9999085809892142	0.0005658610245527524
55729.85333349478	1.0004323220509583	0.0005669950102902815
55729.87376788046	0.9995832740296069	0.0005801733173568816
55729.89420236592	0.9993839887003284	0.000571215224673898
55729.91463675126	1.001058930514355	0.0005690663916205469
55729.935071036474	0.9997638488896899	0.0005658643375510634
55729.95550552158	1.0000300560804376	0.0005663794466798791
55729.97593990645	0.998848523225851	0.000568136881263683
55729.99637419132	1.000784426330905	0.0005662839170067286
55730.01680867608	1.0001466087519033	0.0005686880835959352
55730.03724306061	1.0004681474277102	0.000570244718154165
55730.09854621359	1.0007473098256012	0.000567615182250115
55730.118980497646	1.0005250650227158	0.0005909984200646747
55730.13941498159	1.0006537396683748	0.0005695222699800283
55730.15984936542	1.0005863509313675	0.0005672180510645879
55730.18028374912	1.0004719775520872	0.0005662462198820445
55730.20071813271	0.9997401698922648	0.0005679089995191888
55730.24158689943	1.000530954746946	0.0005687891584972712
55730.26202128267	0.9999146212025525	0.0005668932923038383
55730.282455665685	1.0000798665043829	0.0005681357411793132
55730.30289004857	1.0003963421329467	0.000566134754509931
55730.32332443135	1.000894117600927	0.0005649558775631602
55730.343758814124	0.9997582356859518	0.0005795549043131298
55730.36419319667	0.9991224476154357	0.0005653924762338387
55730.384627578984	1.0001590211220384	0.0005786856230864448
55730.4050619613	0.9997200288907732	0.0005676702804416785
55730.42549644349	1.0000969342809938	0.0005797576465030442
55730.44593072545	0.9996596281547647	0.0005948064004034907
55730.46636520741	1.0001432917686073	0.0005689580135542468
55811.384843938155	1.0001120133739199	0.0006410049328415744
55811.405277459344	1.001314428633239	0.0006346424077645454
55811.4257107803	1.0005757560924713	0.0006235576827888737
55811.446144301015	0.9998855470264573	0.0006211401654590024
55811.466577721505	1.0003538802196033	0.0006155746038525486
55811.50744456131	0.9992568460083948	0.0006186999304294453
55811.548311299965	0.9995286364771936	0.0006155626220130802
55811.56874481905	1.0006758617995244	0.0006142623839859472
55811.60961155584	0.9997027811858807	0.0006139959709842832
55811.630045073995	1.002107086599235	0.0006132112249384057
55811.65047849169	0.9999753557841631	0.0006225833868924306
55811.67091180915	0.9997549028668753	0.0006289279222685002
55811.71177874314	0.9988957450877172	0.0006141481890011952
55811.73221205967	0.9996045899159234	0.0006126494838107259
55811.793512507626	0.9994358158585186	0.0006342324249898596
55811.81394582299	1.0001484893214372	0.0006161947317838098
55811.83437923813	0.9995940989862147	0.0006149399036466691
55811.85481275302	0.9993868408406015	0.0006152479987600628
55811.89567948166	0.9994397903493122	0.0006173808199523205
55811.956979722636	0.9992105473663644	0.0006157699317617132
55811.97741323567	1.0010494587772674	0.0006178724944507368
55811.99784654824	0.9997482907001578	0.0006166749927523016
55812.018279960816	1.0001118734356504	0.0006125570798664929
55812.03871347292	1.0002185605238565	0.0006128686016853482
55812.05914688479	0.9993247632467686	0.0006127323374796303
55812.079580296435	1.0004502482722257	0.0006129979890036302
55812.100013707604	1.0001351439524488	0.0006203935515362239
55812.16131393973	0.9997952697609196	0.0006163055531000771
55812.18174734974	0.9983629265023108	0.0006169002191060609
55812.20218075952	0.9983854205664323	0.0006221640706283546
55812.22261416906	0.998449264097244	0.0006306082253718546
55812.243047478376	0.9984814856150276	0.0006307540824910679
55812.263480987225	0.9974261223925145	0.0006146775015850116
55812.28391439583	0.9982736508111107	0.0006142882772296655
55812.304347704216	0.9994423851197141	0.0006132366664653102
55812.32478121213	0.9998507282628555	0.0006143384991575955
55812.365647927494	0.9996511141441378	0.0006141731558442779
55812.38608143471	0.9996095530888784	0.0006128010759374869
55812.40651484146	0.9994278476916977	0.0006145282846887333
55812.42694834798	0.9991628754961539	0.0006186677912382319
55812.44738165427	1.000196668360379	0.0006170458279262575
55812.467815060314	0.9995079704929892	0.0006129915923245194
55812.4882485659	1.0003591019379265	0.0006124868262059274
55812.50868187149	0.9994605130572307	0.0006136767390363492
55812.529115276375	1.0000082645843267	0.0006162520818832145
55812.56998208592	1.0007121824883372	0.0006177675279364841
55812.59041549011	0.9997210260890161	0.0006225744558183301
55812.61084899407	0.999988877321031	0.0006119394497283369
55812.63128239756	1.001452296659934	0.00061244678825123
55812.651715701046	0.9999317559572853	0.0006122699274184224
55812.672149204074	0.9992911532174876	0.0006123844589881668
55812.69258260687	0.9999467189220982	0.000622398062399498
55812.71301590919	0.9997547693984339	0.0006243189963660591
55812.73344941129	1.0002639846097885	0.0006110093209222439
55812.753882813384	1.0000619364988013	0.0006116630808459316
55812.774316314775	0.9999654294461174	0.0006128741488115024
55812.79474961617	0.9997533756149444	0.0006122631923886928
55812.815183017105	1.0001612434145595	0.0006250324829381828
55812.8356165178	1.0018114871847326	0.0006161011229659901
55812.85604981826	0.9994691390693077	0.0006144657596355243
55812.876483218264	1.000082165768357	0.0006112003652176038
55812.89691661826	0.9997219674038217	0.0006179860260451523
55812.93778331686	0.9992086744619183	0.0006129500659225543
55812.958216815925	1.002283577456192	0.0006158238620900967
55812.97865021453	0.9990462629416383	0.0006221271014290221
55812.9990836129	0.9992433119359292	0.0006128181271284227
55813.01951701103	1.0002342532127635	0.0006144967016742109
55813.0399504087	1.0005961098555052	0.000614526513034279
55813.06038380614	0.9993788900834295	0.0006150714949029773
55813.08081720334	1.0001936871162787	0.0006202937258602359
55813.10125060032	1.0003052412427884	0.000630869679759737
55894.0565408721	0.9993326207498096	0.0006016644914494646
55894.076973449686	0.9993476357470479	0.0005953480830273214
55894.097406227265	0.9999882339452271	0.0005921059904818941
55894.138271482545	0.9995049934627315	0.0005898010910114956
55894.15870426019	0.9995695424110697	0.0006004014743381355
55894.179136937775	1.0004248264955986	0.000599122942581408
55894.19956951548	1.00042497695818	0.0005935754895296311
55894.220002293114	1.0000243893873266	0.0005866971298779543
55894.24043497076	0.9999549747714729	0.0005856463069776819
55894.26086754839	1.0004120157994425	0.0005863568493701118
55894.28130032604	0.9996173454165109	0.0005967837201674006
55894.30173300368	0.9995708496406268	0.0005829720190677754
55894.32216578138	0.9986447418483112	0.0005844054698557621
55894.34259835908	0.9996463958921442	0.0005838868899098382
55894.36303103672	1.0003682361479354	0.0005823332798929702
55894.38346381442	0.9993798038527169	0.0005850043755650322
55894.40389639212	0.9999494889526132	0.0005959362026875249
55894.42432906982	0.9996457633434567	0.0005883636373972573
55894.44476184752	1.0003340773188065	0.0005877758186367765
55894.46519442522	1.00148749326154	0.0005827560523909099
55894.48562710292	1.0005813411046058	0.0005852199877725017
55894.506059880674	0.9995685807072152	0.0005820714300227159
55894.526492558376	1.0002538170234616	0.0005822536930898467
55894.546925236136	1.0000813909546764	0.0005832745437338857
55894.56735791389	1.0008196764031205	0.0005821438632695633
55894.58779059165	1.0004775106227382	0.0006056531101692234
55894.60822326941	1.0005630149017688	0.000617048717871562
55894.62865594716	1.0000191201716033	0.0005939787489638866
55894.64908862492	1.0012760259341742	0.0006107840558889467
55894.66952130274	0.9999358506337934	0.0005974727860569717
55894.689953980494	1.0000034433792737	0.0005886966228629146
55894.710386758314	0.999757118967217	0.0005864861337038257
55894.73081933613	1.0001802321522155	0.0005847315803119668
55894.75125201394	1.0001537020162594	0.0005882827425539389
55894.77168479176	0.999614757641623	0.0005850667028000818
55894.79211736958	1.0003978559953193	0.0005950636329542586
55894.81255004745	1.000240039882954	0.0006085847488758739
55894.83298282527	0.9999882880831708	0.0006070573687083133
55894.87384808101	0.9983403410135557	0.0006053020277013344
55894.89428085889	0.9982726581668898	0.0005877777169227362
55894.91471343677	0.9993347300126981	0.0006006157739464669
55894.93514621464	0.9992782853998372	0.0005935642987629031
55894.95557889251	0.9987895738129267	0.0005959080346964174
55894.97601147045	0.9998070109914483	0.0005898144536383077
55894.996444248376	0.9999540562612694	0.0005883608564497049
55895.01687692631	0.9997726793175647	0.0006000284009089008
55895.037309604246	1.0011280184097524	0.0005988634654296053
55895.05774228217	0.9998062972180606	0.0005870113364471011
55895.07817496017	1.0003111385897616	0.0005879080409518951
55895.098607738095	0.998914144894913	0.0005837455922383426
55895.11904031609	0.9999600921621681	0.0005824746102089012
55895.15990577207	1.000248865332221	0.0005843606062250827
55895.18033845012	1.0006556801959836	0.0005929722633727964
55895.20077102811	0.9988633848100852	0.0006157874395555808
55895.221203806155	0.9998820866534872	0.0006156867550343409
55895.24163648421	1.0002678332944865	0.0006231125874089839
55895.26206906226	1.0012861599377745	0.0006206423473406678
55895.2825018403	0.9991433270210999	0.0005984264956254576
55895.30293451841	0.999870864271902	0.0006026265634900796
55895.32336719652	0.9997665101002287	0.0005890181495256006
55895.343799874565	0.9996895375219959	0.0005861882470041826
55895.364232552674	0.9990161399414003	0.0005983962512768508
55895.38466523084	1.0001403226478438	0.0005919813509981615
55895.405097908944	0.9996034642072249	0.0005879924807853143
55895.42553048711	0.9996857815028902	0.0005894812940625366
55895.44596326528	0.9995111556721296	0.0005827701914227901
55895.46639594344	0.9999949414234356	0.0005835656600108673
55895.48682872161	1.0002490390181302	0.0005916388766611252
55895.507261299834	1.0001326812125164	0.0006097929647299797
55895.52769397805	1.0003987397610787	0.0006022054527680785
55895.54812675628	1.000113835523611	0.0006064817337635004
55895.58899201272	0.9999573835419795	0.0005860512214411981
55895.60942479101	0.9996419776368052	0.0005841923579988918
55895.62985736929	1.000470771797365	0.0005843218103044875
55895.65029004757	1.000803320941712	0.0005831728368566564
55895.67072282585	0.9988268027622544	0.000589636086967269
55895.691155504195	1.0010991132398415	0.000590717133721858
55895.71158818253	1.0001419165018104	0.000589700902632523
55895.73202086087	0.9994996822955773	0.0005857768100164186
55895.752453539215	0.999855006009406	0.0005885905082377138
55976.76922627773	0.9990077194991183	0.0006205836061217031
55976.78965989495	1.0003483216371754	0.0006163278016657474
55976.81009331253	0.999146324030454	0.0006152807461885872
55976.85096044862	0.9990609099092045	0.0006210539221223354
55976.87139396713	1.0007194424487957	0.000623694423479946
55976.89182738599	1.0006368516112398	0.0006166150951248756
55976.91226100519	1.000514179994255	0.0006170094221559677
55976.93269452475	1.0001688723753457	0.0006158129458956807
55976.95312804454	0.9991747521970815	0.0006230424774850749
55976.97356156468	0.9999535132699028	0.0006160595687479315
55976.99399508517	0.9993121919894017	0.0006173264887752274
55977.014428706	1.00062070147945	0.0006222066624225664
55977.034862127075	1.0008783608674152	0.0006154134364552818
55977.05529564861	1.0005957868073043	0.0006153898919425949
55977.07572927038	0.9994649748460538	0.0006158776679373744
55977.0961626925	1.000573733873963	0.000619312113776718
55977.11659631497	0.9990339483203617	0.0006161886580911549
55977.13702983778	1.0007120436389787	0.0006181074361714635
55977.15746326083	0.9988347117324907	0.0006214882326491906
55977.17789688423	0.999418611847916	0.000615930112729922
55977.19833040798	1.0000183086751178	0.0006152621838810881
55977.218763832076	1.0000334578204506	0.0006156022291777676
55977.239197456525	0.9999884844354051	0.0006189786019781573
55977.2596309812	1.0004472943071478	0.0006156819850281209
55977.28006460623	1.0000871270962648	0.0006155156783873078
55977.30049803173	1.000699185074712	0.0006172392268059024
55977.32093155733	0.9994459620645697	0.0006152607685822553
55977.34136518341	0.9995923414062096	0.000615387522589769
55977.36179860984	1.0006951788459753	0.000615776276722933
55977.38223213649	0.9998198275227781	0.0006153386428157142
55977.402665763504	1.0003846296676975	0.0006166688532253128
55977.42309919086	1.0004678023870612	0.0006173711959660967
55977.44353271845	1.000559978273962	0.000615754737970626
55977.463966246505	1.0003717896038724	0.0006173282084549128
55977.4843998748	0.9998255343268139	0.0006235877646262943
55977.50483340343	1.0001543388000007	0.0006173250867715852
55977.52526693242	0.9996718617373839	0.0006199790715841562
55977.545700361756	1.0000817179053687	0.0006183933730872244
55977.56613399132	1.0001958356070109	0.0006157243340518413
55977.58656752136	0.9975611879548845	0.0006189766810983879
55977.607000951626	0.9987874178399319	0.0006153025136937965
55977.62743458224	0.9983915193417197	0.0006151574870238976
55977.64786811309	0.9982813927399339	0.0006154360194265498
55977.68873517595	0.9991444371903963	0.0006186379440119944
55977.70916870785	0.9989696073985002	0.0006181080734729789
55977.72960234009	1.0015618979935228	0.0006307044698342192
55977.75003577269	1.0006582270706272	0.0006332898796732738
55977.77046930552	1.0006954347904504	0.0006210236033009352
55977.79090293881	0.9992847081281836	0.0006300658832582936
55977.81133637234	0.9999970922676993	0.0006265007019695371
55977.83177000622	0.9994654271999621	0.0006170720731502006
55977.85220354032	1.0005764579978695	0.0006188823368868139
55977.8726369749	1.0001895979558029	0.0006155948066652828
55977.89307060971	1.0000495401926406	0.000616747041019478
55977.91350414486	0.9988063825370981	0.0006166315839047616
55977.93393758037	1.0003134618294012	0.0006169902817389875
55977.95437121623	0.9999224394713722	0.0006256290870712928
55977.974804752426	1.0000870911169124	0.0006211697353608004
55977.99523838887	1.0002579607069353	0.0006218103754040582
55978.015671825655	0.9997006187484607	0.0006280546191576456
55978.036105362786	1.0001148720566149	0.0006187922553427936
55978.05653890027	0.9992554982014947	0.0006165931447956141
55978.07697243811	0.9989596079949007	0.0006167479742613348
55978.11783961459	0.9999448556865942	0.000615635510102032
55978.13827305336	0.9996863370730014	0.000616317738499315
55978.15870659247	0.9998124519593694	0.0006160619746029808
55978.17914013182	0.999240493980117	0.0006183102434891018
55978.199573671634	0.9997087105744303	0.0006159714592611501
55978.22000731168	1.0000959563773235	0.000615745167762482
55978.240440852074	0.9997550239191195	0.0006160039230647769
55978.26087429282	1.0006974946360154	0.0006160813218144619
55978.281307933794	1.0007189551370455	0.0006199331450714838
55978.30174147524	0.9995053868043635	0.0006156002189206489
55978.32217491692	0.9998881014577234	0.0006155929003405779
55978.34260855894	0.9992280990984823	0.0006160191013446011
55978.363042101315	1.0001464019244763	0.0006204571029748406
55978.40390918699	1.0000023031266712	0.0006161085871269349
55978.4243427303	1.0002585860168791	0.0006160486941458174
55978.44477637395	0.9999823149599154	0.0006203022186308353
55978.46520981796	0.9996721883027959	0.000616862716645224
55978.48564336231	1.0012305307201446	0.0006212640153565637
56059.38417725298	0.9994746623286579	0.0005726670436848899
56059.4046117044	0.9990667143374544	0.0005733070749457644
56059.425046155884	0.999789230863628	0.0005749462531958231
56059.445480607465	1.0002869481246222	0.0005727825388972362
56059.465915159104	0.9997862966237532	0.0005761198055222686
56059.486349510786	1.000305659613858	0.0005935210030820533
56059.50678396255	0.9993491265293847	0.0005806618894848951
56059.52721851439	1.0004246256300475	0.000583237795508179
56059.54765286627	0.9999164685973085	0.0005848496495508798
56059.56808731824	0.9997707421711377	0.0005726599326976568
56059.60895622239	1.0002571995415899	0.0007343857626974827
56059.6498252268	1.0002586437815304	0.0005721146338955499
56059.670259579085	1.0003536926089445	0.0005720672268211195
56059.69069413147	1.0002455783369943	0.0005717326109233394
56059.711128583906	1.0010981968581856	0.0005773027928722479
56059.731563036396	1.0004845891892025	0.0005719129411323398
56059.77243194161	1.0000686432531694	0.0005739211995341614
56059.79286649432	1.000483169455147	0.000571732647140927
56059.813300847076	0.9996841533997305	0.0005740060442186965
56059.83373529992	0.9996845749306446	0.0005717344316281833
56059.85416985282	1.000098090357802	0.0005735630464115063
56059.87460430578	1.0011751016237302	0.0005717583501640084
56059.89503865882	0.9997554501650211	0.0005731256432877593
56059.91547321192	1.0002952692375895	0.0005735988486955118
56059.95634211831	0.9994411417918805	0.0005735074936266204
56059.9767765716	0.999912000062462	0.0005730010337353653
56059.99721092496	1.0000090688785352	0.0005720407320188854
56060.0176454784	0.9990125786988658	0.0005781246896558579
56060.038079931895	0.9994942089312563	0.0005733020534958459
56060.05851428544	0.9995473349141357	0.0005724932488153371
56060.07894883907	1.001000111511317	0.0005719058919061665
56060.09938329274	1.000127935217649	0.0005723531388579956
56060.119817646504	0.999103849302172	0.0005725980170640727
56060.140252200326	0.9997042213228045	0.0005750235866845339
56060.1606866542	1.0001795399198226	0.0005732965958082447
56060.18112120815	0.9991173591277892	0.0005726500101903261
56060.20155556216	0.9989543986641631	0.0005719475288920911
56060.22199001624	0.9972367724998717	0.0005717357452519557
56060.24242457038	0.9975275070834386	0.0005725764943507892
56060.26285892458	0.999268820073345	0.0005718781994028266
56060.28329337883	0.9987719480278963	0.0005719071184910779
56060.30372793318	0.9982736079630918	0.0005718478025004274
56060.32416228758	0.9995986538792978	0.0005718389339448573
56060.344596842035	1.0006732779322274	0.0005719395809247306
56060.365031296555	1.0007794898767488	0.0005719761646702352
56060.38546565113	1.0004302043309607	0.0005730943007637822
56060.40590020579	0.9992234568918175	0.0005715949674526151
56060.4263346605	0.9994836881143171	0.0005718758863662158
56060.44676911527	0.9999161136533317	0.0005722578157043987
56060.4672035701	1.0000854869125644	0.0005739558015995655
56060.48763802501	1.0000338201387162	0.000572948124996305
56060.50807247998	1.0001990913954701	0.0005734987913033919
56060.56937594525	0.9998298431526502	0.0005715941054024
56060.58981040047	0.9995797644891418	0.0005717608960351981
56060.63067931107	1.0000995069491607	0.0005719394475234114
56060.65111366649	1.0008241948905918	0.000571504715038501
56060.67154812194	1.0003895349739158	0.0005720405930125981
56060.691982677476	0.9998681755761842	0.0005718446177069212
56060.71241703307	0.9995899574809599	0.0005719974822160186
56060.73285158873	1.0002452267872686	0.0005719694979448311
56060.75328604443	1.000507088112942	0.0005716396894663438
56060.773720400204	0.9994662131252161	0.0005713719642888149
56060.79415495605	0.9992291255086465	0.0005714942267796332
56060.814589411944	1.0000717398267565	0.0005722962910431071
56060.83502376789	0.9989554677176743	0.0005712961678312992
56060.855458323924	0.9992771711092102	0.0005715141759790139
56060.87589277999	0.9996062774264814	0.000572269596035488
56060.896327336144	1.000299935749449	0.0005721147553995792
56060.91676169234	1.0000211741655667	0.0005719663792335491
56060.93719614861	1.0008485789641248	0.0005718725804196655
56060.957630704936	1.0004607516907167	0.000571742372725438
56060.97806506132	1.0004287938285628	0.0005718109606482137
56060.998499517766	0.9993369995766348	0.0005724570213301931
56061.018934074265	1.0009148794259177	0.0005719068937389232
56061.05980288746	0.9987932683120926	0.0005743050806865084
56061.08023744416	1.0005590832391345	0.0005716792750269281
56061.10067190091	1.000409085039979	0.0005791740600978709
56142.02064937709	1.0002015593621718	0.0006302805475438682
56142.04108327826	0.9991123995558775	0.0006354120323903715
56142.06151727896	1.0006405106352938	0.0006308923435927461
56142.08195137966	1.0005946902214542	0.0006297665445134912
56142.1023853799	0.9988122242754408	0.0006406548057285684
56142.1228192799	0.9996379343393831	0.0006358067083353953
56142.14325337967	1.0010947074830576	0.0006317282251027911
56142.16368737921	0.9993218803399861	0.0006296620858633224
56142.184121378516	1.001086488689894	0.00063135321891206
56142.20455537758	0.9992830027461089	0.0006309267449610236
56142.224989376424	1.0002334521605074	0.0006299439648129314
56142.2454234748	1.0005723851722417	0.0006320672407256443
56142.26585737317	0.9997921060973592	0.0006336846687224128
56142.28629137108	1.0006837708441554	0.0006299579266768633
56142.306725368755	0.9983035587019347	0.0006307388305024247
56142.327159366425	0.9991894510381555	0.000642190761264828
56142.34759336364	0.9990107772949045	0.0006312833571112961
56142.368027360615	1.0003953044539262	0.0006408052382429485
56142.388461357354	1.0004825258186878	0.000630284897246457
56142.40889525363	0.9999002341432268	0.0006315304039246657
56142.429329349914	1.000028146460759	0.0006303790555879259
56142.449763345954	0.9995744220129081	0.0006293578658332714
56142.47019744154	0.9997924258017459	0.0006294627592449599
56142.49063133712	0.9994019492745638	0.0006322785921221083
56142.511065332226	1.0007118359236808	0.0006295199185456956
56142.53149942711	0.9999635898008172	0.0006415461868381042
56142.55193332176	0.9997981885284315	0.0006337873784001841
56142.592801410356	1.0006098755523598	0.0006460909577100445
56142.61323540431	1.0000239554358337	0.0006296273111002385
56142.63366929802	1.0002764863041218	0.00063914507788079
56142.65410339127	0.999607328389086	0.0006773287261016438
56142.67453738452	1.0005167320810542	0.0006343116776619677
56142.69497137731	1.000440031236038	0.0006524098261722082
56142.71540536986	1.0005805287395333	0.0006434737067430339
56142.73583936218	1.0006160664485122	0.0006667738630094055
56142.756273454266	1.0005402474860903	0.0006311275446603279
56142.77670734612	0.999118797432354	0.0006306665499030863
56142.79714133774	1.0003823943258383	0.0006358841809424666
56142.81757542913	0.9998589381153937	0.0006301140019909515
56142.83800932029	0.9993614186188069	0.0006295951219756285
56142.85844331098	0.9982480273856813	0.0006304856488417729
56142.878877401665	0.9979233116994484	0.000634469430498059
56142.89931129189	0.9978794295539626	0.0006412171319669783
56142.91974528188	0.9984534398641913	0.0006296589006850804
56142.94017937164	1.0003217667557998	0.0006316429794704206
56142.960613261166	1.0001248073286635	0.0006367140754172795
56142.981047350455	0.9993747999488098	0.0006318950361330071
56143.00148133952	0.9999618567321042	0.0006296870462362918
56143.021915228346	1.0010603069580826	0.0006317801226248364
56143.0423493167	1.0011950043577005	0.0006308596459562171
56143.06278320507	0.9997912470604473	0.0006330703069026148
56143.083217192965	0.9998276860853725	0.0006504924339489442
56143.103651280624	1.0004338285561083	0.0006339713282370253
56143.12408516829	1.0004291421646194	0.0006397646879961899
56143.14451915549	1.0010536586001568	0.0006302172408782543
56143.16495324245	0.9995546953414811	0.0006299712650067122
56143.18538722895	0.9983005547219334	0.0006535461389676173
56143.20582111545	0.9995455572276315	0.0006483419422810341
56143.22625520171	1.000321181269721	0.0006325660569618364
56143.246689187516	0.9993615223786445	0.0006712145496852489
56143.26712327332	1.001243450235909	0.0006428701154449552
56143.28755715865	0.9999882604089958	0.0006425160591551929
56143.30799114375	0.999914111568792	0.0006317014703438265
56143.328425228625	1.0005817512438722	0.0006312175670918237
56143.348859113255	0.9984770020146084	0.000631073200527919
56143.36929309766	1.0004042050437854	0.0006300519722264432
56143.389727181835	1.0003479554322439	0.0006323982662743953
56143.41016106577	0.9991757506909871	0.0006302715046826337
56143.43059504924	1.0007245469175972	0.0006299371943418551
56143.45102913272	0.9994573500782419	0.00062951129777981
56143.47146301572	0.9998308449354354	0.0006365539335362746
56143.491897098495	1.0011505969182593	0.0006323942851237534
56143.51233108104	0.9992965582253437	0.0006296689749330273
56143.53276496334	1.00049291061847	0.0006375534242505275
56143.55319904542	0.9996819112028756	0.0006329026877543538
56143.57363302726	0.9997686163029595	0.0006905695753796725
56143.594067008635	0.9996231576044984	0.0006678148592146757
56143.614500990014	1.0002632120459953	0.0006305981664123434
56143.63493497093	0.9993796947854419	0.0006349241076298906
56143.65536895183	1.000934312688412	0.000641563596746792
56143.67580293228	0.9987910685539347	0.0006298221700355947
56143.696236912496	1.0002551641508193	0.0006395221697453669
56143.71667089247	0.9997786881562296	0.0006413419737581216
56143.73710487222	1.0000420458314336	0.0006376853864915649
56224.73518085419	1.0003591993432632	0.0006206110385145909
56224.75561365151	1.0004149800011906	0.0006271976725850442
56224.7760465486	1.0002799435842982	0.0006652321623726624
56224.796479545446	0.999958144192595	0.0006425698917638683
56224.81691244207	0.9995140842215899	0.0006176815052898546
56224.837345338456	1.0002349061134308	0.00061356904842048
56224.85777823484	1.0005160746083455	0.0006191779241856648
56224.87821113076	0.9999269046336541	0.000623693837837473
56224.89864402668	0.9993049666299809	0.0006175574509299292
56224.919076922364	0.9994459197079577	0.000604691615136078
56224.959942713045	0.999716132202659	0.0005956197098222326
56224.98037560803	1.0005482857254444	0.0005960395349105121
56225.00080850302	0.9993685853464771	0.000598871004632791
56225.021241397546	1.0003920969204114	0.000590882364991428
56225.041674292064	1.001335331144726	0.0006042678435458468
56225.062107186124	0.9999197202493184	0.0006021804082011169
56225.102972974004	0.9993297805775421	0.0006011800831033733
56225.1234059676	0.9990476883261717	0.0006055697791378347
56225.14383876096	1.0005862883338796	0.0006010013629921683
56225.164271654314	0.9990988954902424	0.0006099917616514004
56225.18470464721	1.0000438938427068	0.0006149364379294796
56225.205137440105	1.0010596190533554	0.0006072318133211094
56225.22557033253	0.9999477871572572	0.0006188168667691563
56225.266436117156	1.0005630574756168	0.0006336741881234783
56225.28686900911	0.999541986944991	0.000641534277679005
56225.307302000845	1.0003524547028548	0.0006158267145122229
56225.327734792576	1.0006670828269777	0.0006077759590585846
56225.348167783835	0.9991072063277067	0.0006042119259711186
56225.3686006751	0.9999288304336762	0.0005991471906283871
56225.38903356613	0.9999424068824676	0.000605992497997216
56225.40946645693	1.0006200001507395	0.0006106953011083715
56225.429899347495	0.9996140017233281	0.0006141935063977119
56225.45033223783	1.0010295623086232	0.0006114440147290677
56225.470765227925	0.9986768325228776	0.0006118163879266484
56225.49119801779	1.0001280947457585	0.0006276327810413988
56225.511630907655	0.9996633604941707	0.0006387190372106131
56225.53206389706	0.9982201320934567	0.0006639246093249735
56225.55249668646	1.0007896641561853	0.0006317064568665828
56225.57292957563	0.9984712617700027	0.0006180517524014496
56225.59336256456	0.998936629332464	0.0006230804107050116
56225.61379535327	0.998370764283134	0.0006583825020438574
56225.634228341965	0.9995326169290033	0.0006404205665591733
56225.654661230205	0.9998029999809943	0.0007279808322134857
56225.67509401844	0.9998640700584881	0.0006271886610977198
56225.69552700621	0.9989170446557584	0.0006151212897384268
56225.71595989398	0.9987116548367792	0.0006151238390545903
56225.73639268152	0.999375879748484	0.0006130684659972331
56225.756825668825	0.999681512556559	0.000623531847361
56225.77725845613	0.9997229350236414	0.000610511950704113
56225.797691342974	0.999827552285641	0.0006090995131458216
56225.81812432981	1.0002454806946006	0.0006054576574769961
56225.838557116185	1.001285342597206	0.0005992571779650381
56225.85899000256	0.9988493245800278	0.0005957040015537027
56225.8794229887	0.9996224920037818	0.0006060110338531482
56225.89985587461	0.9999292850660693	0.0005994537663064559
56225.92028876029	0.9996089573807762	0.0005995717731900364
56225.94072164596	1.0011869161989926	0.0006000178365292356
56225.96115453117	1.0006601085134426	0.000597578555675862
56225.98158741638	1.0002772878763526	0.0005952579158040986
56226.002020301356	1.0005652048605693	0.000597123835527231
56226.0224531861	0.9992498636163458	0.0005942297106092288
56226.04288617062	0.9993320890163491	0.000591966871825545
56226.06331895489	1.0000218269831922	0.0005927120413880309
56226.08375183894	1.000630251429943	0.0005920313414388915
56226.10418482299	0.9999875340621796	0.0005925496653813246
56226.12461760656	1.0009981109430184	0.0005957728309231139
56226.145050490144	0.9991348486780143	0.0005989264127732408
56226.165483473495	1.0004516744540508	0.000593386227095106
56226.1859162566	1.0002108902808398	0.0005947772148989808
56226.20634923949	1.0001912808365057	0.0006008887521234342
56226.22678212214	1.0003848286490333	0.0006024784998375009
56226.24721490478	0.9994780091655511	0.000610454621318919
56226.2676478872	0.9992243735717007	0.0006047732129658104
56226.288080769154	0.9998376861182534	0.0006133292598485722
56226.3085136511	0.9993381024990309	0.0006302393019333881
56226.32894653282	1.0005816537043806	0.000629332595163674
56226.34937941454	1.000965058447406	0.0006139471790510728
56226.39024517681	1.00039014341972	0.0006255592790615433
56226.43111093861	0.9997871590716916	0.0006335433364371643
56226.45154381917	1.0000731632852065	0.0006399157868327167
56307.36521181769	0.9989120041726102	0.0006482590747787864
56307.38564463783	0.9997558098805448	0.0006447159376345402
56307.40607765813	1.0002831738648044	0.0006257996637004974
56307.426510578676	0.9996266181454881	0.000637996366535103
56307.44694339945	0.9998572105137975	0.0006358931926967776
56307.46737642046	1.000718855222584	0.0006348182691290165
56307.4878093417	0.9998302318158395	0.0006332884286149597
56307.508242163174	1.0008463249354933	0.0006293399508181609
56307.52867518482	0.9997107993711012	0.0006322874765475287
56307.54910810676	0.9999817415607815	0.0006288016336935799
56307.56954102893	1.0007083783933082	0.0006271561820659401
56307.58997395128	0.999473265959625	0.0006255008207422816
56307.61040687386	0.9991737002939651	0.0006278419769393591
56307.65127271977	1.0001234868900442	0.00062107256824202
56307.67170564305	1.000163599558696	0.0006217821075549766
56307.69213856656	0.9990336192748615	0.0006197833932024719
56307.71257149031	0.9997884204698333	0.0006197928537914848
56307.73300451428	1.0011864200947616	0.0006202560737537643
56307.75343733849	0.9998298486628143	0.0006198864670614122
56307.77387026293	0.9996245410009617	0.0006191886768433483
56307.79430328761	1.0007257836444006	0.0006217464423749613
56307.814736112516	1.0007639646925122	0.0006211618068202897
56307.8351690376	0.9993333549536768	0.0006197768369783495
56307.85560206297	1.0005809497614928	0.0006283087156410533
56307.87603498858	0.9995664217856259	0.0006288076601551683
56307.89646781441	1.00007406787299	0.0006425257685508907
56307.91690084037	0.9998138925720061	0.0006288907413397193
56307.93733376668	0.9992363809688016	0.0006235585157849713
56307.95776669321	1.0009538631054364	0.0006236915035998865
56307.978199619865	0.9991992476133161	0.0006263368627503124
56307.99863254687	1.000053113323999	0.0006281438002906331
56308.0190655741	0.9995356770160462	0.0006307405911647714
56308.03949840146	1.0004646147643412	0.0006361818666888083
56308.05993132916	1.0003617646381335	0.0006337961765294379
56308.080364356974	0.9993975619836999	0.000636296310651044
56308.10079718514	1.0004603792512605	0.0006290417691428441
56308.12123021355	1.0011811497480938	0.0006236970885482717
56308.14166314206	0.9998221950873112	0.0006258275616525167
56308.162095970925	0.9989099838357212	0.000635293248854873
56308.18252899991	0.9985158925607804	0.0006557982102875716
56308.20296192924	0.9983427746030379	0.0006517623630988151
56308.22339475869	0.9991427599407507	0.0006530724543706218
56308.24382778837	0.9989241865564911	0.0006421020699365237
56308.264260618394	0.998473686379834	0.000646611810177507
56308.28469354854	0.9992705976112102	0.0006454927575502737
56308.30512657904	1.0004456339162155	0.0006450024047575815
56308.32555940965	0.9999481529049682	0.0006485571024769641
56308.34599244061	0.9996591674396036	0.0006506591809035335
56308.36642537169	1.0003854131247158	0.0006449677804144961
56308.386858303	1.000449079207037	0.0006346967219969603
56308.40729123466	1.0002866646872386	0.0006360941472335468
56308.42772416644	1.0004228077760864	0.000642523345665039
56308.44815709844	1.0010945377578868	0.000667623536488545
56308.4685900308	1.0010465257954948	0.0006484839029458731
56308.48902296328	0.9979076495805017	0.0006287590244224719
56308.5094559961	0.9991391588803141	0.0006261726900871654
56308.52988892904	1.0008890065824187	0.0006208814017793674
56308.55032176222	0.9998233231831162	0.0006250880812078743
56308.570754795735	1.000223381826126	0.0006280855058277903
56308.59118772938	0.999897110647781	0.0006313618996725382
56308.61162056325	0.9998126700334391	0.0006347680646017626
56308.63205359747	0.9992925560809736	0.0006311412092370663
56308.652486531806	1.0000954042700902	0.0006212263366775753
56308.67291936638	1.0013321424976582	0.0006215348506108647
56308.69335240129	1.000835564400528	0.0006226703135821911
56308.71378533633	1.0001781006344803	0.0006209325737604469
56308.73421837171	0.9998473569810236	0.0006287013316354581
56308.754651207215	0.9997885124959057	0.0006283949361057023
56308.77508414295	0.9992914124891067	0.0006296868238197246
56308.79551717903	1.0008285760568651	0.0006219180936853366
56308.81595001523	0.9985590683731009	0.0006217067245502534
56308.836382951784	0.9983574644065333	0.0006215476957076262
56308.856815888445	1.000666503306702	0.0006375409426172694
56308.877248825345	1.0003115572262544	0.0006274049190558367
56308.897681762595	1.0009861680917767	0.0006301295318440639
56308.91811469996	1.0000649584424313	0.0006261674257145742
56308.93854763767	1.0001436324912283	0.0006244402512244248
56308.9589806755	1.0002069413920707	0.0006251281083120283
56308.979413513676	0.9998016993333183	0.0006284141301646998
56308.999846451974	1.0001693856127796	0.0006369985471201544
56309.02027949062	0.9991656199832101	0.0006357191890475227
56309.040712329384	1.0005748454934542	0.0006294535821921786
56309.06114526849	0.9985055022916973	0.0006286424383534817
56309.081578307836	1.0001714604115448	0.0006321404639137765
56390.0187875008	1.0004369068078909	0.0007299821415779103
56390.0596557369	0.9992071100080497	0.0006661985375014916
56390.08008985541	1.000094029192558	0.0006596310902299233
56390.10052387404	0.9994986083095553	0.0006378748801097648
56390.12095809302	1.000032603529281	0.0006365451756319056
56390.14139221223	1.0004689921633598	0.0006294477783679639
56390.16182633168	0.9996524181079642	0.0006247444609356356
56390.18226045136	1.0004851962328905	0.0006179200771720192
56390.202694571264	1.0008009489171847	0.0006170947875529174
56390.22312869153	1.0004690079715006	0.0006154435730940837
56390.243562811906	1.0009362816243683	0.0006203350453101394
56390.263996832626	0.9994499335970062	0.000622599466601729
56390.28443105359	0.9987127340368097	0.0006337379013273216
56390.30486517478	1.0008780787952727	0.0006341600659958923
56390.32529919621	1.0002481223189106	0.0006526092978296803
56390.34573341786	1.000562531537503	0.0006743069424920444
56390.36616753975	0.9990934733161032	0.0006495092200900445
56390.38660176199	0.9999551279149229	0.0006777641487219153
56390.407035784345	1.0001397828704643	0.0006768044687244493
56390.42746990705	0.9986452036720959	0.000678690920528782
56390.447904129986	1.00026293403897	0.0006508074015897957
56390.46833815316	0.9998994587775174	0.0006365445834447035
56390.48877227656	0.9997833889459128	0.0006468657206642559
56390.509206500195	0.999789954513274	0.0006420988125906337
56390.55007474829	1.000478060229863	0.0006245015169173897
56390.57050887273	0.9989793330105853	0.0006161033127595387
56390.59094299742	1.000152503136584	0.0006183998274068309
56390.61137712234	1.0000536491986138	0.00061665317945479
56390.63181124737	1.0003364036318647	0.0006216694909340634
56390.65224537287	0.9998397459119213	0.0006350317643695465
56390.672679498486	1.0004031528446709	0.0006548372669215742
56390.733981976955	0.9997899662085746	0.0007987342708078489
56390.7748502304	1.0006371323292163	0.0007869872886214262
56390.79528435753	1.0008361139599016	0.0006568031041396139
56390.81571838489	1.001323849867436	0.0012649201100258343
56390.8361526126	0.9995165297441122	0.0012979989226398747
56390.856586740425	0.9997125012069336	0.0013902543095895017
56390.87702086849	0.9997624488938651	0.0014517846602287833
56390.8974549969	0.9994551060713714	0.0016230356937532685
56390.91788902554	0.9997973990824357	0.001893289287011951
56390.9383232543	1.0001988757427003	0.002160878543111747
56390.95875738341	1.0017564970909498	0.002321944145082796