55398.11505587031	1.0002086679894586	0.0006603142686469574
55398.13548976775	0.9991498794607945	0.0006315603359597046
55398.155923864964	1.000286538786797	0.0006408383832027676
55398.17635786194	1.0007558892362232	0.0006430049160433328
55398.19679175868	0.9992574575141308	0.0006243237973850603
55398.21722585496	0.9999732595136509	0.000622773820354704
55398.23765975124	1.0003331175030583	0.0006239371847760678
55398.278527842864	0.9998314244951578	0.0006226936091177478
55398.29896173821	0.9994617164392103	0.0006217593719569967
55398.31939573355	1.000246179501681	0.0006236493846047117
55398.33982982844	1.0006252802067654	0.0006230291780885579
55398.36026372309	1.000526167303435	0.0006211994914504754
55398.3806977175	0.9999290423122136	0.0006368514583421983
55398.40113181145	0.9996930982738288	0.0006404439683396501
55398.4215657054	0.9995670460956133	0.0006219720642301486
55398.44199979911	1.0017444388691699	0.0006297452888459765
55398.48286768562	0.9997217910212498	0.0006226021454115382
55398.5033017784	0.9998941272136054	0.0006216904281252392
55398.523735770956	1.0000612625579939	0.0006213214939584692
55398.54416976328	0.9999659477069962	0.0006252244994437577
55398.56460375536	1.0003080047299449	0.000622171810596631
55398.585037747216	1.000319826706065	0.0006252519407667622
55398.60547173883	1.0004250656414877	0.000626896736068162
55398.62590572999	1.000034317075019	0.0006466370556653401
55398.64633972115	0.9989922671689953	0.0006278503156944765
55398.66677371184	0.9997248872583757	0.0006316433960249379
55398.687207802526	0.9995125796653145	0.0006468968419986131
55398.70764169275	0.9995868175518006	0.0006217534996129134
55398.72807568274	0.9999140576784991	0.0008073739792846087
55398.7485097725	0.9998602097990021	0.0006258643833450755
55398.76894366203	1.000269754008382	0.0006337651088964782
55398.78937765132	0.9999538705256109	0.0006281013557702733
55398.809811740146	0.9999109021303234	0.0006272745501312998
55398.830245628975	0.9996516445936285	0.0006240267892701876
55398.85067971733	1.0005277287168888	0.0006249683201838786
55398.871113705696	0.9993363008863128	0.0006236064363619694
55398.891547593594	0.9997277041787136	0.000625969024486083
55398.91198168125	0.9998970281000734	0.0006246368030995719
55398.932415668685	0.9986299760753503	0.0006303258139945181
55398.952849555884	0.99847188684404	0.0006279213588939142
55398.993717529345	0.998564057910611	0.0006317500208898655
55399.01415151585	0.999426492408525	0.0006322288541825128
55399.034585601876	0.9992722055766824	0.000624200818000059
55399.07545347348	1.0002582381960026	0.0006233996518790225
55399.09588755881	1.00027541445456	0.0006491164651573393
55399.116321543916	1.0003055629667466	0.0006623590203452057
55399.136755428786	1.000081897750397	0.0006787602151833682
55399.177623497824	1.0005663216818834	0.0007129634417034044
55399.198057581765	0.9998903010396335	0.0006677697682620431
55399.2184914657	0.9995139790990526	0.0006567522417462449
55399.23892544917	0.9990839015045399	0.0006293283975763547
55399.259359532414	0.9991567393431218	0.0006908432957053276
55399.279793415415	1.000457182033961	0.0007305911979244102
55399.30022739819	0.9991002176691934	0.0008187299526670359
55399.320661480735	0.9993498434874177	0.0007919134194467027
55399.34109536304	1.0002054967861813	0.000669178206551782
55399.361529345115	1.0007369295528528	0.0006220379055804223
55399.38196342673	0.9998879393494267	0.0006244812809538351
55399.40239730833	1.000393682374154	0.0006222760782981437
55399.42283128948	1.0005987227146185	0.0006317723892569388
55399.443265370384	1.0009612960370142	0.0006275837107655831
55399.463699251064	0.9992458460776317	0.0006480408084724505
55399.48413323151	0.9998285455562534	0.0006424117283541671
55399.5250012917	1.0007369352257083	0.0006232634414734701