55778.28193982786	0.99987104004087	0.00016073783311045366
55778.30237357396	0.999925428994293	0.00016073841463952316
55778.32280751983	0.99993323475594	0.00016073106330271529
55778.363675310866	1.0002032693155758	0.00016074353982666522
55778.38410905604	0.9999530434049436	0.0001607261264725116
55778.42497684568	0.999998929258689	0.0001607220550716402
55778.44541059015	0.9998737863449505	0.00016071466699497705
55778.4862783784	1.0001674710571282	0.00016072869315204743
55778.527145965716	1.0000779433881448	0.00016071438498812152
55778.54757990902	1.0003186024564052	0.00016072757428084805
55778.5680137521	0.999890876282332	0.0001607015564636568
55778.58844749494	1.0000343689397129	0.00016070952619098156
55778.60888143755	1.0001091273841627	0.000160714813126152
55778.629315279926	1.000037280678953	0.00016070869158454318
55778.64974912207	1.0000245839681925	0.0001607091425429544
55778.67018296398	0.9998526591984698	0.00016069645194165253
55778.69061680566	0.9999636798606281	0.0001606981048668747
55778.71105074711	1.0000471583816124	0.00016070655524798975
55778.73148448808	1.0000515788447002	0.00016070107056661315
55778.751918329064	0.9998358941634674	0.00016068739407893955
55778.77235216981	0.9998936046850951	0.00016069335357131375
55778.79278601032	0.9997951456863929	0.0001606840389853631
55778.81321985061	0.9998394652549865	0.00016068260732014975
55778.854087530235	1.000092481306512	0.00016070126681977327
55778.89495520917	1.0002275536603058	0.00016070175065893507
55778.915389048285	0.999980764893404	0.0001606883422150828
55779.09929358916	0.999603558805968	0.0001606659030959725
55779.119727525955	0.9999214829676254	0.0001606881310193236
55779.14016136228	0.9999112956767077	0.00016068534923197237
55779.18102903446	1.000064334029717	0.0001606944087861604
55779.20146287032	1.0002118707829746	0.00016070196909664754
55779.2423305411	0.9997536940125905	0.00016067350576871072
55779.26276437626	0.9999356404677846	0.0001606834708088934
55779.28319831095	1.0001256201032442	0.00016070057966190027
55779.303632045645	1.0000492422135558	0.00016069457430171558
55779.324065879875	1.000129395242124	0.0001606995799031472
55779.3444998141	1.0001133524447363	0.00016069751540351865
55779.36493354786	1.0000969851186903	0.00016069788235079124
55779.38536738163	1.000138174954382	0.0001606993244605086
55779.426235047984	0.999896712647943	0.00016068686463490965
55779.44666888105	0.99981275557968	0.0001606801508609417
55779.46710281364	1.0000146689099865	0.0001606937004939628
55779.48753654601	1.0000094031480626	0.00016069440907366935
55779.50797037838	0.9996839487206072	0.00016067458931580094
55779.52840421027	0.9998976727462725	0.0001606902914777399
55779.548838042174	0.999931501745561	0.00016069185765039626
55779.56927197361	0.999933517324322	0.00016069103821694897
55779.61013953578	0.9998020581071577	0.0001606860028529763
55779.651007297245	0.999678362472601	0.0001606745509605421
55779.691874957556	1.00017462928333	0.00016070108924738516
55779.712308787355	0.9999083974930499	0.0001606864520141178
55779.73274251716	1.0003083648959836	0.00016071868068546106
55779.753176446495	1.0001566093779384	0.00016070549497952845
55779.7736102756	1.0001541469775765	0.00016070305604197227
55779.79404400448	1.0000458219154296	0.00016069463696418945
55779.81447793312	0.9997510246354847	0.0001606770177251951
55779.83491176152	0.999997336688308	0.00016068985439304142
55779.8553456897	1.0002266624606033	0.0001607001424683967