55570.50928174762	1.0000870556066923	0.00015657273339025015
55570.529714944525	1.0000339361951098	0.00015657151146473717
55570.55014804161	1.000039120810199	0.00015656707021731138
55570.57058123899	0.9998601564399633	0.00015655923688496622
55570.59101423655	0.9998663890730447	0.00015656108569997245
55570.611447334326	1.0001126607428674	0.00015657338743563215
55570.631880532346	0.9996237757491474	0.00015654256998214248
55570.65231353059	1.0001821069739496	0.00015657492797338543
55570.672746629076	0.9999093416437226	0.00015656244658225475
55570.693179827795	1.0004137819266332	0.00015658589958914367
55570.71361292668	0.9997839320920565	0.00015654770316161622
55570.73404592586	0.9999830393844958	0.00015655834707624383
55570.75447912522	0.9999960769075628	0.00015656328206744926
55570.774912124805	1.0002861462811201	0.00015657130997332662
55570.79534532463	0.9998888586509238	0.00015655583697538487
55570.81577842463	0.9997436115579007	0.0001565476355793871
55570.83621142491	0.9999221385401964	0.00015655724011317512
55570.85664462543	0.9998519315403027	0.00015655175977705835
55570.87707772613	0.999854970739789	0.0001565494123826296
55570.89751072705	1.0002360060643358	0.00015656909321259876
55570.917943928216	0.9999589041443243	0.0001565570002009453
55570.93837702961	0.9999093783955831	0.00015654938013743216
55570.958810231234	0.9998802396109857	0.00015655033980354325
55570.979243233094	0.9997169422466639	0.00015654387981138378
55570.99967633519	0.9996974374017474	0.00015654064280051205
55571.02010953745	0.9997009692709827	0.00015654118028145603
55571.04054253995	1.0001132532852706	0.00015656124108505312
55571.060975642744	0.9999553379356885	0.00015655280989370862
55571.081408845705	1.000209575943595	0.00015656844640635773
55571.101841848904	1.0001869470501847	0.00015656361772805875
55571.12227495228	0.9998782415679965	0.000156548697912848
55571.14270815594	1.0001947460322012	0.00015656229890798133
55571.163141159836	1.0000282296339533	0.00015655212988512643
55571.18357436391	1.0000725702457969	0.0001565577192480991
55571.20400746821	0.9999947118159268	0.00015655256028890318
55571.24487367757	1.000126861576537	0.00015656243156043635
55571.265306782574	0.9997688762495367	0.00015653782605135421
55571.28573988781	0.9997620065487854	0.0001565403547684539
55571.30617299322	1.0001096477604088	0.00015655815747487128
55571.32660609892	0.9999811406367822	0.00015655285303548677
55571.347039204855	1.0000196133346557	0.00015655079816470247
55571.36747241096	1.000358545425968	0.0001565752906610614
55571.3879054173	1.0000731807209011	0.00015655711946001297
55571.428771630744	0.9998751125558054	0.0001565473577124529
55571.44920473778	1.0001650466303567	0.00015656437651305079
55571.469637945054	1.0000664161001105	0.0001565599987488574
55571.510504060236	1.0001075049004637	0.00015656014520687694
55571.53093726821	0.9996751040646566	0.000156535796344753
55571.55137027636	0.9999287904078343	0.00015655110813481667
55571.57180338479	0.9999775293918636	0.00015655532766991516
55571.5922365934	0.9996166901011528	0.00015653348649570428
55571.61266960224	1.0000539377119435	0.00015656028561190734
55571.63310281132	1.0001578765684462	0.00015656727944111676
55571.673968930176	0.9999895096409696	0.0001565589522106905
55571.69440213995	0.9998125611224459	0.00015655030394705094
55571.71483524996	0.9998546220541726	0.00015655214524924833
55571.73526836019	0.9999255947830817	0.00015655707355121496
55571.75570147061	1.0001224654345147	0.00015657214086650336
55571.77613458132	1.0002324317676297	0.00015657887952358668