56194.33040892081	0.9999365638177307	0.00016098717188483847
56194.3508423335	1.0001259216359912	0.0001610006358213058
56194.37127554572	1.0000990551278492	0.00016100456827544574
56194.39170885794	0.999723194441296	0.0001609830514673548
56194.41214226993	0.999954419596159	0.00016099971668834912
56194.49387541509	1.0002227410140363	0.00016102267915718506
56194.51430882568	0.9998247871713287	0.00016100136753964306
56194.534742136275	1.0000721983860086	0.00016101850292641687
56194.555175346395	0.9999702606058574	0.00016101416854345446
56194.575608756524	0.999698585140059	0.00016100055175421657
56194.59604206619	0.9998846407569749	0.00016101295892870598
56194.616475275616	1.0000766492489563	0.00016102589527683576
56194.636908684806	1.0002180340082771	0.00016103862171588194
56194.65734199377	0.9997641608246705	0.00016101182050896187
56194.67777530273	1.0001401656778703	0.00016103633199743872
56194.698208611226	0.999878049382342	0.00016102449376546944
56194.71864191949	0.9999718240642131	0.00016103047294396646
56194.73907522752	0.9998920223151745	0.00016102741287490207
56194.759508535084	1.000106179756365	0.00016104230171191204
56194.77994184265	1.000001146807957	0.00016103648146793812
56194.80037524998	1.0004067718372043	0.00016106336181445765
56194.82080855708	1.0001733904139585	0.00016104891188449517
56194.84124176395	0.9999746510945507	0.00016104229716881478
56194.861675170345	1.0001586210178055	0.00016105358003961953
56194.88210847675	1.0000717632722864	0.00016104895620045
56194.90254168292	1.0000360798986507	0.00016104844791008574
56194.922975088615	0.9998647962730292	0.00016103940629222602
56194.94340839432	1.000090989979491	0.0001610532105043094
56194.96384159956	1.0000906749534004	0.00016105613898712825
56194.98427500479	0.9999409726562282	0.00016104781705096773
56195.00470830956	0.9999344157899851	0.0001610508449160305
56195.025141514336	0.9999665404701208	0.0001610537001589147
56195.04557491864	1.0001017364220988	0.00016106157093060823
56195.06600822271	0.9999807080069268	0.0001610556483559569
56195.08644152655	0.9995527606080927	0.00016103113739479168
56195.10687483039	0.9997352145072014	0.000161045762396997
56195.12730803376	0.9999117134964451	0.0001610577687001988
56195.14774143691	0.999622991439206	0.00016104142490238702
56195.16817473981	0.9997197970921601	0.00016104599536362557
56195.18860804249	0.9998972135355354	0.0001610557534139823
56195.20904134493	1.000027682566534	0.00016106290615305847
56195.22947464714	0.9999421767320898	0.00016106195970249382
56195.24990794912	1.0000659804485057	0.0001610681858811387
56195.27034125086	0.9999107001458643	0.00016105933901365416
56195.29077455237	1.0001168210080538	0.00016107529943336298
56195.31120785342	0.9998634023192564	0.00016106062748478584
56195.33164125447	0.9995220659058192	0.00016104132640170314
56195.35207445527	1.0001142893081345	0.00016107295718197485
56195.37250775562	1.000055694864383	0.00016107207742948213
56195.392941155966	1.0001196823267688	0.00016107509689715114
56195.41337435608	0.9998611426385241	0.0001610618123508648
56195.43380775573	0.9997803638405499	0.00016105723670118045
56195.454241055384	0.9999717654804949	0.00016107050139920368
56195.47467425456	1.0000681682175647	0.0001610732332267874
56195.49510765375	0.999707722549005	0.0001610557222021573
56195.51554095246	1.0000359778590127	0.00016107581246340674
56195.535974150946	1.0001083364961634	0.00016107743216119615
56195.55640754943	1.0003176899929487	0.00016108983806406238
56195.576840847454	0.9999951256621374	0.0001610736658431347
56195.597274045234	1.0002332204405922	0.00016108615735565448
56195.61770744279	0.999980777615689	0.0001610723736529173
56195.638140740106	1.000037838346276	0.00016107413272863772
56195.679007334285	0.9999638831414309	0.00016107126399395123
56195.69944063091	1.0000689018718931	0.00016107461707584958
56195.71987392729	1.0000816805114316	0.0001610777226964235
56195.74030722345	0.9997663441244581	0.0001610588046635836
56195.76074051937	1.000040098766644	0.00016107501422135472
56195.78117381483	0.9999759802593864	0.00016107182896509442
56195.80160711029	1.000387430361101	0.0001610963584289591
56195.82204040552	0.9997669212118874	0.00016105703744420224
56195.842473700504	1.0002348318441596	0.00016108378326524025
56195.862906995266	1.0001134627120756	0.00016107679192519
56195.883340289554	0.9998971404326693	0.00016106303586920916
56195.90377368385	0.9998537141883072	0.00016105949110772162
56195.92420687791	0.9997717561628344	0.00016105580665347577