55154.11489488188	0.9999472287335395	0.00016091099702162973
55154.1353277899	0.9998624273689845	0.00016089487472449823
55154.15576049787	1.000106280378094	0.00016090094704640626
55154.17619330596	0.9999969567775702	0.00016089938343970568
55154.19662621405	1.000201111360355	0.00016092811751899095
55154.21705892213	0.9999726978269023	0.00016091997718304177
55154.237491730215	0.9999659554115612	0.00016089693546654963
55154.257924638354	1.0000399414823373	0.00016090145079757402
55154.27835734656	0.9998379640133894	0.00016088976886407492
55154.29879015476	0.9998144997430094	0.00016089017798684904
55154.319223062965	1.0001454794444384	0.00016094674152698175
55154.33965577116	1.000396427881258	0.00016092479258778423
55154.36008857942	0.9997904500507715	0.00016089188788675758
55154.38052138774	0.9998743291056897	0.0001608927127758866
55154.400954296056	1.0001333793710276	0.00016090888186920475
55154.421387004375	1.0000181713887126	0.00016092004339297148
55154.44181981275	0.9998970763857746	0.00016089473522793961