56194.33040892081	0.9999586645217023	0.00016099073004038336
56194.3508423335	1.0001476684353026	0.0001610041366289946
56194.37127554572	1.0001203103474365	0.00016100799012394728
56194.39170885794	0.9997438267936817	0.00016098637384605365
56194.41214226993	0.9999743262902074	0.00016100292180654168
56194.49387541509	1.0002387456945052	0.00016102525569981145
56194.51430882568	0.9998396041179124	0.00016100375350635776
56194.534742136275	1.000085771368033	0.0001610206882698844
56194.555175346395	0.9999825264853114	0.00016101614358257266
56194.575608756524	0.9997094917013456	0.0001610023082460342
56194.59604206619	0.9998941499440406	0.00016101449020769961
56194.616475275616	1.000084724705326	0.0001610271955347636
56194.636908684806	1.0002246460668482	0.00016103968628056965
56194.65734199377	0.9997692842267886	0.00016101264563186043
56194.67777530273	1.0001437897963998	0.00016103691553040212
56194.698208611226	0.9998801633727614	0.00016102483421122411
56194.71864191949	0.9999724270308397	0.00016103057004270336
56194.73907522752	0.9998911185159888	0.000161027267322741
56194.759508535084	1.000103779219314	0.00016104191516494345
56194.77994184265	0.9999972665638327	0.00016103585660779367
56194.80037524998	1.0004014316428125	0.00016106250205452232
56194.82080855708	1.000166621194264	0.00016104782189802223
56194.84124176395	0.9999664863807212	0.0001610409822712127
56194.861675170345	1.0001490960443227	0.00016105204625183137
56194.88210847675	1.0000609238607332	0.00016104721064979992
56194.90254168292	1.0000239738592187	0.00016104649832156584
56194.922975088615	0.9998514783294499	0.0001610372612884865
56194.94340839432	1.000076512075752	0.0001610508790035741
56194.96384159956	1.0000751016764364	0.0001610536310426768
56194.98427500479	0.9999243721149763	0.00016104514341221948
56195.00470830956	0.9999168552856096	0.00016104801659647054
56195.025141514336	0.9999480925085505	0.00016105072894702808
56195.04557491864	1.0000824756614333	0.0001610584690778095
56195.06600822271	0.9999607193899746	0.00016105242901418642
56195.08644152655	0.999532133767348	0.00016102781434496692
56195.10687483039	0.9997140230410825	0.00016104234869728138
56195.12730803376	0.9998900461158023	0.00016105427869209828
56195.14774143691	0.9996009495727729	0.00016103787391005462
56195.16817473981	0.9996974659716563	0.00016104239801810978
56195.18860804249	0.9998746871150909	0.00016105212503141728
56195.20904134493	1.0000050596603334	0.00016105926254290467
56195.22947464714	0.9999195618084065	0.00016105831708793902
56195.24990794912	1.0000434699634908	0.0001610645603973651
56195.27034125086	0.9998884029542812	0.00016105574752199624
56195.29077455237	1.0000948328740378	0.00016107175810179425
56195.31120785342	0.9998418381454988	0.00016105715387094166
56195.33164125447	0.9995010329632164	0.00016103793760910876
56195.35207445527	1.0000938744191994	0.00016106966927121658
56195.37250775562	1.0000360184631678	0.00016106890828716702
56195.392941155966	1.000100849118867	0.00016107206369938364
56195.41337435608	0.9998432657167828	0.00016105893266158384
56195.43380775573	0.9997635468285835	0.00016105452760468799
56195.454241055384	0.9999561108002571	0.000161067979820813
56195.47467425456	1.0000537841588657	0.00016107091649787312
56195.49510765375	0.9996947211947989	0.0001610536276474749
56195.51554095246	1.0000244552966426	0.00016107395652408408
56195.535974150946	1.000098400414901	0.00016107583185611212
56195.55640754943	1.0003094425521222	0.00016108850990709738
56195.576840847454	0.9999886727832384	0.00016107262644920884
56195.597274045234	1.000228658647354	0.0001610854226852513
56195.61770744279	0.9999782077912857	0.00016107195971724393
56195.638140740106	1.0000373561687688	0.00016107405506525255
56195.679007334285	0.9999678589087999	0.0001610719043989561
56195.69944063091	1.0000752441927696	0.00016107563859237172
56195.71987392729	1.000090477193278	0.00016107913953017488
56195.74030722345	0.9997776770414287	0.00016106063035622805
56195.76074051937	1.0000540572795578	0.00016107726249886767
56195.78117381483	0.9999926400966517	0.00016107451246000988
56195.80160711029	1.0004068772725847	0.00016109949004229976
56195.82204040552	0.9997892082115409	0.00016106062775916622
56195.842473700504	1.000260053118358	0.00016108784504967056
56195.862906995266	1.0001416712905102	0.00016108133515702156
56195.883340289554	0.9999283958741257	0.0001610680704833558
56195.90377368385	0.9998880806107413	0.00016106502695604615
56195.92420687791	0.9998092874182974	0.00016106185266006286