56402.42256621223	0.9999746652244131	0.0001632561882343563
56402.4430003783	1.0001392582480997	0.0001632420002120727
56402.463434644545	1.0000999056164488	0.00016323750071862772
56402.48386881096	0.9999191314436677	0.00016322332833412748
56402.504302877554	1.0000555783804523	0.00016322839609252956
56402.524737144326	0.9996827884634554	0.00016320010206729056
56402.54517131121	0.9998468814109228	0.0001632052966252554
56402.565605378324	1.0000859640262307	0.00016321972214934476
56402.58603964562	0.9998867960418295	0.0001632041798624676
56402.60647381302	0.9999563449248356	0.00016320381528873648
56402.647342148426	1.0001314766218186	0.00016325712505566676
56402.68821058452	1.000498684975049	0.0001632731032986039
56402.70864465286	1.0002155616667903	0.0001632568270808335
56402.729078821314	1.0000841766071062	0.0001632147538895322
56402.769947158755	0.9999348509763463	0.00016322935499505427
56402.79038132774	0.9999695559620455	0.0001631699583051342
56402.83124966628	0.9997552846592769	0.00016317870663265751
56402.85168393572	0.9998946158254579	0.0001631566779657956
56402.89255217525	1.0001552692344438	0.0001632214471851058
56402.91298644528	1.0004145144924217	0.0001632320239097882
56402.93342051542	1.0000426421292963	0.00016320714260038746
56402.9538546858	0.9996745040577486	0.00016318749865408801
56402.97428895629	0.999849593871629	0.0001631921325986656
56402.99472312702	1.0000838315938916	0.0001632000912676264
56403.015157297865	0.9997951837685385	0.00016318329143517535
56403.035591468935	1.0000913241897713	0.00016319451860537872
56403.05602564013	0.9995411436128926	0.000163164036855215
56403.0764598115	0.9998621243226504	0.00016317537621431843
56403.096893983035	1.0001712312385405	0.0001631939306894633
56403.11732815475	1.0001859894835319	0.00016318915731312043
56403.137762426646	0.9999833999149342	0.00016317519953424576
56403.158196498705	1.0003035350967946	0.00016318787005920594
56403.17863077089	0.9999612745697918	0.0001631647681517818
56403.19906494331	0.9999301011048183	0.0001631607815292554
56403.21949901589	1.000064016622933	0.0001631643182922199
56403.2399332886	0.999744706362749	0.00016314808815370065
56403.26036746148	1.0002895598320005	0.00016317547526323905
56403.28080153459	1.0000804824321534	0.00016315709160114858
56403.30123580782	0.9997387868493166	0.00016313630790983243
56403.321669981226	1.0001485004812463	0.00016316834080809398
56403.3421040548	0.9999089290000054	0.00016314201312089369
56403.362538328554	1.0002809459247168	0.00016317045173696196
56403.382972502484	0.999877282143907	0.0001631339784970574
56403.40340667658	0.9997782948199376	0.00016312471295878224
56403.4238408508	1.0002419951098431	0.0001631476843341456
56403.44427502526	1.0001051937905447	0.00016313862084962782
56403.46470919982	1.00014479702667	0.00016313602442438364
56403.485143374564	0.9998622335287497	0.00016311955012044113
56403.50557754954	0.9996221752151135	0.00016310086688456224
56403.52601172463	1.0002131834961594	0.00016313324402171127
56403.5464458999	0.9995599191393192	0.00016309674455554916
56403.566880175335	1.0003786615043833	0.00016313479843366519
56403.58731425095	1.0001582804177818	0.00016312036445208187
56403.607748426686	1.0000036967804116	0.0001631137509987986
56403.628182702654	0.999824484183025	0.00016310230127616464
56403.64861687873	0.9998391111064926	0.00016309905576970363
56403.669050955046	0.9999696796088761	0.00016310287848794736
56403.68948523147	0.9998927567845955	0.0001630956519612107
56403.70991940808	1.0000445620421905	0.00016310146793194292
56403.73035348486	0.9999082266715139	0.00016309560707623125
56403.75078776182	1.000178127366866	0.00016310736895529888
56403.771221938885	0.9999504798662068	0.00016308869946428945
56403.79165621619	0.9999868425021791	0.00016309092124193212
56403.812090293664	1.0001188345353509	0.0001630931373666364
56403.83252447126	1.0003151101225827	0.00016310463214787174
56403.852958749034	0.9999455915897453	0.00016308028204255258
56403.87339282698	1.0001357445803203	0.00016308537148206434
56403.89382700509	0.999981344338902	0.00016307948661391635
56403.91426128339	0.9998365179414203	0.00016306780244397873
56403.93469536185	1.0000455851606156	0.00016307704588686863
56403.95512964044	0.9999971762108746	0.00016306759612311702
56403.97556381926	1.0000101906308276	0.0001630742998158284