55986.29166238967	1.0000139139117905	0.00015908648330364368
55986.332529716674	1.0000297242927914	0.0001590836506895687
55986.35296338059	1.0000113540877618	0.00015908551982792175
55986.37339714473	1.000010048644778	0.00015908704440459277
55986.393830709225	0.9998256986791417	0.00015907470023872612
55986.414264373954	0.9999386640474507	0.0001590794098653723
55986.43469813891	1.00005813987833	0.0001590789811138218
55986.45513180422	1.0001548533684934	0.00015908786322571617
55986.475565469766	1.0000301084842353	0.0001590846672495203
55986.495999135535	0.9997939167621716	0.00015907124351102403
55986.51643280166	1.0000928249606544	0.00015908716834004669
55986.53686646814	1.0003187267056342	0.00015909433576174228
55986.55730013472	0.999745456311619	0.00015906968877422577
55986.57773380166	1.0000568143878525	0.00015908291684270314
55986.598167468954	1.0000296006656924	0.0001590800003627624
55986.61860113635	1.000070345078029	0.0001590815520347364
55986.63903490423	0.9998920779688133	0.00015907053489540128
55986.659468472215	1.000060544863045	0.00015908025506397399
55986.679902140546	1.0001110280526935	0.00015908247680126482
55986.72076947804	0.9998888382304949	0.00015907184490020283
55986.74120314718	0.9999781152026535	0.00015907759877041266
55986.76163691657	1.0000824479257118	0.0001590783419900659
55986.782070486304	0.9999201900140008	0.00015906993482490443
55986.802504156265	0.9998172353552839	0.00015906540975746077
55986.82293792658	1.0003582770321107	0.00015909339783224646
55986.84337149713	0.9995694962351438	0.00015905503584721012
55986.86380526791	0.9997711097371498	0.00015906287038512253
55986.88423893904	0.9999367233372	0.00015907034136686317
55986.904672510405	1.0002915529356646	0.0001590891734620191
55986.925106282	0.9999883686847288	0.0001590698420630532
55986.945539953944	0.9997799432724626	0.0001590639064429495
55986.965973626124	1.000121938941922	0.0001590814471199736
55986.986407298646	1.0002525004248346	0.0001590850902452332