56402.42256621223	0.999880555036758	0.00016324082377459055
56402.4430003783	1.000053052580971	0.0001632279297859639
56402.463434644545	1.0000214116978619	0.00016322468884751384
56402.48386881096	0.9998481473120466	0.000163211741130865
56402.504302877554	0.999991869808958	0.00016321799762251732
56402.524737144326	0.9996261749956626	0.00016319085981181833
56402.54517131121	0.999797119865686	0.00016319717403378477
56402.565605378324	1.0000428421054712	0.00016321268440641255
56402.58603964562	0.9998501217284218	0.00016319819378357806
56402.60647381302	0.9999258962532036	0.0001631988457324093
56402.647342148426	1.0001128474065784	0.0001632540841033587
56402.68821058452	1.000491032830849	0.00016327185453201458
56402.70864465286	1.0002130852114157	0.00016325642286971908
56402.729078821314	1.000086662168658	0.00016321515953570325
56402.769947158755	0.9999466246900981	0.00016323127693596844
56402.79038132774	0.9999856578377572	0.00016317258572751204
56402.83124966628	0.9997794036098397	0.0001631826432951774
56402.85168393572	0.9999224323994548	0.00016316121690393355
56402.89255217525	1.0001898502149078	0.00016322709066652317
56402.91298644528	1.000452167240484	0.00016323816749745404
56402.93342051542	1.0000831315016037	0.00016321375047337368
56402.9538546858	0.9997176171874445	0.00016319453646866232
56402.97428895629	0.9998951427436494	0.00016319956693439778
56402.99472312702	1.0001316089056256	0.00016320788787565978
56403.015157297865	0.9998449535167777	0.0001631914146902814
56403.035591468935	1.0001429045505619	0.00016320293546886414
56403.05602564013	0.9995942796622009	0.00016317271072758443
56403.0764598115	0.9999166511378866	0.00016318427487481722
56403.096893983035	1.0002269381173763	0.0001632030201575861
56403.11732815475	1.0002426494999437	0.00016319840189405718
56403.137762426646	1.0000407897304036	0.0001631845642842918
56403.158196498705	1.0003614738895446	0.00016319732209836297
56403.17863077089	1.0000195131507428	0.0001631742710043422
56403.19906494331	0.9999884466777094	0.00016317030190399076
56403.21949901589	1.0001222680272233	0.00016317382223448023
56403.2399332886	0.9998026264930219	0.0001631575401252485
56403.26036746148	1.0003469878616078	0.0001631848433966285
56403.28080153459	1.0001371641422436	0.0001631663388798704
56403.30123580782	0.9997945044441525	0.00016314539984747328
56403.321669981226	1.0002030850318657	0.00016317724595623352
56403.3421040548	0.9999621342007177	0.000163150693915015
56403.362538328554	1.0003325933792566	0.00016317887670848886
56403.382972502484	0.9999271212156315	0.00016314210994098578
56403.40340667658	0.9998261309873119	0.00016313251795026126
56403.4238408508	1.0002876438777397	0.0001631551300231003
56403.44427502526	1.0001484163864662	0.00016314567138264372
56403.46470919982	1.000185390671959	0.00016314264575154454
56403.485143374564	0.9998999752236336	0.00016312570737699486
56403.50557754954	0.9996568575519168	0.00016310652574181696
56403.52601172463	1.0002446236324198	0.00016313837185996137
56403.5464458999	0.9995878677135257	0.00016310130488393046
56403.566880175335	1.0004029484722217	0.00016313875898356028
56403.58731425095	1.0001786678370128	0.00016312368952904255
56403.607748426686	1.0000199769338012	0.00016311640650586802
56403.628182702654	0.9998364475711965	0.00016310425287484288
56403.64861687873	0.9998465503452567	0.00016310026929776492
56403.669050955046	0.9999723844812001	0.00016310331967378625
56403.68948523147	0.9998905160131626	0.0001630952864619356
56403.70991940808	1.0000371643366064	0.00016310026140906796
56403.73035348486	0.9998954637232943	0.00016309352530439217
56403.75078776182	1.0001597827921163	0.0001631043773528631
56403.771221938885	0.9999263522168824	0.00016308476432247123
56403.79165621619	0.9999567161281512	0.00016308600783919016
56403.812090293664	1.0000824952362668	0.00016308721138055089
56403.83252447126	1.0002723430998055	0.0001630976588457117
56403.852958749034	0.999896211810136	0.00016307222873599908
56403.87339282698	1.0000795153344855	0.0001630762025592508
56403.89382700509	0.9999180744423679	0.00016306916839917834
56403.91426128339	0.9997659986293754	0.00016305630113447596
56403.93469536185	0.9999675808175587	0.00016306432574888607
56403.95512964044	0.9999114954107752	0.00016305362432155748
56403.97556381926	0.9999166181974294	0.0001630590407122698