55362.19156582296	0.9999013626633243	0.00016085886271202733
55362.212000072446	1.0001752184167685	0.00016090406448333397
55362.23243422181	0.9997855032167338	0.00016085144659375752
55362.25286857106	0.9998799867633515	0.000160860094704427
55362.27330282019	0.9998585704404357	0.00016086018275560113
55362.2937371692	0.9999987151548151	0.00016087261385845688
55362.3141713181	0.9999570483837771	0.00016087318445930212
55362.33460556689	0.9998991638122502	0.00016087427153755666
55362.355039915434	0.9998383023653821	0.00016086889746575361
55362.375474063985	1.0000264148347144	0.00016088604100764368
55362.416342560624	0.9998790943049642	0.0001608765096465633
55362.4367768087	1.000312816350814	0.000160906528573755
55362.45721105667	0.9997350168831454	0.00016087289016184354
55362.477645304636	0.9999140487889923	0.00016088924560318576
55362.49807955237	0.9998470788909121	0.0001608836901095757
55362.518513799994	1.000071653686977	0.00016089951348467296
55362.53894814749	1.0001742669099727	0.00016091108532593912
55362.55938229488	0.999980832558802	0.00016089800738368584
55362.57981654215	1.0001602878544757	0.00016091027401678388
55362.60025088918	0.9998703945931764	0.00016089548758715992
55362.62068503622	1.0000655842353552	0.00016090971004462047
55362.641119283144	0.9998363561064476	0.00016089880020259665
55362.66155362983	1.000161359692553	0.00016091689468719503
55362.6819877764	0.9999650658906767	0.00016090966751716216
55362.70242212297	0.9997922265860703	0.00016090104468790127
55362.722856369306	1.0002166549785303	0.00016092638620798533
55362.76372486164	1.000290068459414	0.0001609340964152445
55362.78415910762	1.0000771751032835	0.00016092273787711572
55362.804593253495	1.0000915861878488	0.00016092382062221148
55362.825027599254	0.9998939203852739	0.00016091574894492366
55362.84546184489	1.0000427791203492	0.00016092424655678427
55362.865896090414	1.0000058162759595	0.00016092332832603145
55362.88633033571	1.0001239096234371	0.00016093105260562193
55362.92719882605	1.0001029406548987	0.00016093542724582467
55362.96806731593	0.9999333383180675	0.00016092758034246457
55362.98850156064	1.0002152392281258	0.00016094767964692025
55363.008935905236	0.9998992464438758	0.00016092734084153487
55363.029370049706	1.0002684497470904	0.00016095116829873142
55363.04980429395	1.0000509293427962	0.00016093862103275472
55363.070238538196	1.0001693563201515	0.0001609458028167567
55363.09067278232	1.0000763384813913	0.00016094461949164098
55363.11110712633	1.0001337075714434	0.00016095093016048646
55363.13154127011	1.0001623793973669	0.0001609536439458561
55363.15197551376	1.0000583838570576	0.00016094764946061679
55363.17240985743	1.0003255942402605	0.00016096504685634265
55363.192844000856	1.000121473474608	0.00016095317065805922
55363.21327824416	1.000065356896467	0.00016095556979633878
55363.23371258736	0.9998520533617906	0.00016094190814368984
55363.25414673044	1.000065159372721	0.00016095815519151575
55363.29501531613	1.0000502143109151	0.00016095873025606967
55363.31544945886	0.9997950446567246	0.00016094487148081646
55363.33588370135	0.9999596783606532	0.00016095518235383267
55363.35631804385	0.9999452362397235	0.00016095561704084993
55363.376752286116	0.9998538744709735	0.00016095245524986923
55363.39718642826	0.9999067322721845	0.0001609548166436313
55363.41762077029	0.9999852357267045	0.000160961148232664
55363.4380550122	1.0000915835908877	0.00016096901331433437
55363.458489154	1.0001063420894116	0.00016097127067555032
55363.478923495684	1.0000674472878153	0.0001609716960397438
55363.49935773725	1.0000265481081196	0.00016096622841914183
55363.51979207858	1.0003203441955244	0.00016098503381170795
55363.54022621991	1.0000224876688002	0.00016096952510286658
55363.56066046101	1.0001135753207606	0.0001609770876039866
55363.58109480211	0.999746954085423	0.0001609575886944538
55363.62196318373	0.9998476447690849	0.00016096115808465416
55363.64239752436	1.0001965082926236	0.00016098396067469448
55363.66283166476	0.9997454030353325	0.0001609602779953557
55363.68326590516	0.9998193521905966	0.0001609636430083669
55363.7241343855	0.9996193289608367	0.00016095414520403257
55363.74456862555	1.000095679483456	0.00016098024409994937
55363.76500296537	0.9998280901599369	0.0001609694160719636