55154.11489488188	0.9998966928383052	0.00016090286481119513
55154.1353277899	0.9998285456295061	0.00016088942257620303
55154.15576049787	1.0000876668511738	0.00016089795243056583
55154.17619330596	0.9999920769445285	0.00016089859827518856
55154.19662621405	1.0002082444878406	0.00016092926520895574
55154.21705892213	0.9999899318953696	0.00016092275056466565
55154.237491730215	0.9999911831473473	0.00016090099467012026
55154.257924638354	1.0000708438899095	0.0001609064228411947
55154.27835734656	0.9998719851313695	0.00016089524340095522
55154.29879015476	0.9998488593577627	0.00016089570713704102
55154.319223062965	1.0001771501866819	0.0001609518380883027
55154.33965577116	1.0004220975173332	0.00016092892183169804
55154.36008857942	0.9998065097394455	0.00016089447230195131
55154.38052138774	0.9998769070583784	0.0001608931276018196
55154.400954296056	1.000118267319129	0.00016090645053012145
55154.421387004375	0.9999808369927765	0.0001609140356495264
55154.44181981275	0.9998326401252301	0.00016088436670569443