55570.50928174762	1.0002108360729076	0.00015659211234913878
55570.529714944525	1.0001428573696676	0.00015658856483894153
55570.55014804161	1.0001337806031207	0.000156581890243985
55570.57058123899	0.9999411313438329	0.00015657191602721932
55570.59101423655	0.9999342883586984	0.00015657171750637814
55570.611447334326	1.000168088968055	0.00015658206504298364
55570.631880532346	0.9996672856194996	0.00015654938369255008
55570.65231353059	1.0002143327574908	0.00015657997280442337
55570.672746629076	0.9999308405698477	0.00015656581281190462
55570.693179827795	1.0004251532876398	0.00015658767944746327
55570.71361292668	0.9997857460683935	0.00015654798719681625
55570.73404592586	0.9999758800015343	0.00015655722619607043
55570.75447912522	0.9999805178779841	0.00015656084608515607
55570.774912124805	1.0002627508707855	0.00015656764797115143
55570.79534532463	0.9998582085475849	0.00015655103798943747
55570.81577842463	0.9997062623389346	0.000156541787147997
55570.83621142491	0.9998786314418135	0.00015655042823154388
55570.85664462543	0.9998028238024524	0.0001565440707357747
55570.87707772613	0.999800799529079	0.00015654093068133
55570.89751072705	1.0001772823279858	0.00015655990105985213
55570.917943928216	0.9998961915832589	0.00015654718170701057
55570.93837702961	0.9998431815809246	0.00015653901612792712
55570.958810231234	0.9998110665249281	0.00015653950943636668
55570.979243233094	0.9996453029471656	0.0001565326619421885
55570.99967633519	0.9996238130080047	0.00015652911410243695
55571.02010953745	0.9996258395524366	0.00015652941586871965
55571.04054253995	1.0000370586496186	0.00015654931330919122
55571.060975642744	0.9998785829840071	0.00015654079315365724
55571.081408845705	1.0001326799650208	0.00015655640944511496
55571.101841848904	1.0001103713890045	0.00015655163100639668
55571.12227495228	0.9998024367911472	0.00015653682932863645
55571.14270815594	1.0001200821795615	0.00015655061163961586
55571.163141159836	0.9999551485248547	0.00015654068920480888
55571.18357436391	1.0000014498897356	0.00015654658561533251
55571.20400746821	0.9999259421104484	0.00015654179415850695
55571.24487367757	1.00006386728886	0.00015655257027260178
55571.265306782574	0.9997093166340543	0.00015652850056328436
55571.28573988781	0.999706189206928	0.00015653161502195487
55571.30617299322	1.0000578706738488	0.00015655005223832105
55571.32660609892	0.9999337322439343	0.0001565454309763533
55571.347039204855	0.9999768545057606	0.00015654410436719804
55571.36747241096	1.0003207004794914	0.00015656936720139612
55571.3879054173	1.0000405347635324	0.00015655200887696146
55571.428771630744	0.9998535743483248	0.00015654398554184018
55571.44920473778	1.0001493893106983	0.0001565619255390856
55571.469637945054	1.000056850860576	0.0001565585013144216
55571.510504060236	1.0001106743094275	0.00015656064135666597
55571.53093726821	0.9996848842722368	0.0001565373277948969
55571.55137027636	0.9999453322006889	0.00015655369795523867
55571.57180338479	1.000000962027956	0.00015655899625637216
55571.5922365934	0.9996471176217617	0.00015653825124796732
55571.61266960224	1.000091485901741	0.00015656616385016756
55571.63310281132	1.0002026230914032	0.000156574284176597
55571.673968930176	1.0000488347396583	0.00015656824018341517
55571.69440213995	0.9998792380278639	0.00015656074419376854
55571.71483524996	0.9999286918346624	0.00015656374271829835
55571.73526836019	1.0000070733675426	0.00015656983054914244
55571.75570147061	1.0002113635562933	0.00015658605813136534
55571.77613458132	1.000328728094841	0.0001565939539908186