56080.82024746247	0.9999672304723355	0.0001924768524880211
56080.84068206935	1.0000209813418635	0.00019247880551245797
56080.861116775995	1.0001513242414717	0.00019249135086140616
56080.88155128275	1.000078610083831	0.00019248038651466785
56080.90198588928	1.0001498672770894	0.00019249082800177928
56080.92242059592	1.0005437804317554	0.00019251245358183864
56080.94285510233	0.999712138265932	0.00019246515190841484
56080.963289808744	0.9997613389544343	0.00019246475862254837
56080.98372441516	0.9993773362461339	0.00019245157363842217
56081.024593627626	0.9996589045970833	0.00019246315829915387
56081.0450282338	0.999685110672096	0.0001924657904615208
56081.06546283986	1.0000532239848	0.00019250931543478078
56081.085897445926	1.0001798819022758	0.00019249574886894656
56081.10633205176	1.0001264775701113	0.00019249494557588726
56081.1267666577	1.0003814437070535	0.00019250992293544917
56081.14720126353	1.000369193180277	0.0001925050943541692
56081.167635869235	1.000342376166352	0.00019250698613308977
56081.18807047495	1.00005537068968	0.0001924958157791629
56081.20850508055	0.9998419696631318	0.00019248187951329638
56081.22893968603	0.9995300351840221	0.00019246823986033822
56081.2493742915	0.9997304132510504	0.00019247264974483715
56081.269808896985	1.0002340596977883	0.0001925055939261293
56081.29024350234	1.0001528148583998	0.00019250005403829317
56081.31067820759	0.9997700599633778	0.00019248230928772955
56081.33111271272	0.999835116424865	0.0001924845653709503
56081.351547317856	0.9999193026877982	0.00019249003599535803
56081.37198202298	1.0002972630870246	0.00019251242446321427
56081.392416528	1.0000685852233853	0.00019249663121522436
56081.41285123289	0.9997403941436848	0.0001924777137824691
56081.43328583779	0.9995965198556934	0.00019247182503787333
56081.453720342455	0.9994875805180476	0.00019246654659980968
56081.47415504723	0.9996521502510252	0.00019247686168549367
56081.4945896519	0.999906459088615	0.00019249380187749983
56081.51502415645	0.9997337010401881	0.000192482645593101
56081.53545886099	0.9999185174555781	0.0001924968303555499
56081.555893465425	1.0003658033071183	0.00019251833203174807
56081.576328169744	1.0002888176994094	0.00019251728870035915
56081.59676267405	1.0000402977662035	0.00019250564829198876
56081.61719727837	1.0001924981080859	0.00019251192470877136
56081.637631982456	1.000239592962239	0.00019251356806081386
56081.65806648653	1.000286490726361	0.0001925211387433011
56081.67850109062	1.0000659926514397	0.00019250622369837921
56081.698935794586	0.9998004896767148	0.0001924957520480809
56081.71937029843	0.9997606908647306	0.00019249703651946
56081.73980490228	0.9995579046053106	0.00019247934778056505
56081.76023960602	0.9996404133572687	0.00019247980192548043
56081.78067410963	0.9998897794398867	0.00019249438359986078
56081.80110881325	0.9999523637954906	0.00019249821737154382
56081.82154341675	0.9998293924377128	0.00019249225835496784
56081.841977920245	0.9999838380773693	0.00019250089204193307
56081.86241262363	0.9992896502974017	0.00019243887255935603
56081.8828472269	0.9998140656850734	0.00019248658572591017
56081.90328173016	1.0002467805119444	0.00019251323145764873
56081.92371643332	1.000092336808564	0.00019250259077166948
56081.94415103647	0.9997084581979833	0.00019248393344766432
56081.9645855395	1.0002426276654681	0.00019251209608418885
56081.98502024242	1.000065330772174	0.00019250252348136228
56082.00545484534	1.0000413330799667	0.0001924999081259815
56082.02588954814	1.0002436287949317	0.00019250948385475194
56082.046324050825	1.0002430567245886	0.0001925099342796452
56082.06675865351	1.0001485981098506	0.00019250219885562727
56082.08719335608	1.0002464189117828	0.0001925080595738135
56082.10762785865	0.9998001278668611	0.0001924807515838646