55059.49014570251	0.9991392130985859	0.00023276195441070176
55059.51057906421	0.9993994194992969	0.00023279007751321077
55059.53101252568	1.0000030816709111	0.00023284764537107218
55059.551446086676	0.9996133529684109	0.0002328461542025842
55059.571879447445	1.0000711453648268	0.00023288849000889126
55059.59231290774	0.9993368619725451	0.00023286834597734097
55059.65361328656	0.9999686648735429	0.0002329696662034542
55059.67404674546	0.9993689746584145	0.00023295017162289566
55059.69448030413	1.0002116604188052	0.00023301564752339335
55059.714913662334	1.0006610039332409	0.00023307315027642705
55059.73534712031	0.9998209391587333	0.00023304378071231776
55059.75578067782	1.0001228658041315	0.0002330801231520567
55059.7966474919	1.000446025803444	0.00023315138076786466
55059.81708084848	1.0006596241930157	0.0002331734228092037
55059.857947860466	1.000216305979705	0.0002332023600010228
55059.87838131588	0.99950644558045	0.00023318629409131218
55059.89881477083	1.00054288198908	0.00023326658744555383
55059.91924822577	1.0008777675283642	0.00023330587418602603
55059.93968168002	1.0006030846470728	0.00023331841267883326
55059.96011503427	1.0013509251235417	0.00023338186294174267
55059.98054858782	1.000034360165237	0.00023333203087746692
55060.00098204137	0.9998086239945395	0.00023333926782651996
55060.02141539422	1.000313697640885	0.0002333928799709358
55060.08271575138	1.0001974779290874	0.00023345272384559166
55060.10314920283	0.99936161359549	0.00023343250916849493
55060.123582754284	0.9999015049004537	0.0002334883166364863
55060.14401610504	0.9996042928130805	0.0002335005371542151
55060.16444955579	0.9999781950261153	0.00023354229962306423
55060.18488300585	0.9998276239018694	0.00023355355564640785
55060.205316455904	1.0008636191786626	0.00023363714456856624
55060.26661680352	0.9999314134596791	0.00023364556205183605
55060.28705025194	0.9998748572275736	0.00023366524984049178
55060.30748360014	0.9996058552424195	0.00023366436334233256
55060.327917147864	0.9994044270426625	0.0002336744425938418
55060.34835059536	0.9992042721267365	0.00023368641122406124
55060.368783942395	0.9997665184461497	0.0002337424606570539
55060.389217389195	0.9999681140018115	0.0002337750244774312
55060.40965093552	1.0001309046653235	0.0002338017973546327
55060.43008438162	1.0000696530940534	0.00023381626269053095
55060.45051772749	1.0004750867261385	0.00023386444642175072
55060.470951272655	1.000174899485619	0.0002338655787091763
55060.491384717825	1.0001304118917413	0.00023387859074888408
55060.51181806253	0.999686874627615	0.0002338626759745746
55060.53225160676	0.9995522944088655	0.0002338782194337355
55060.55268505077	1.0002023785087935	0.00023393501201149624
55060.593551837606	0.9996573267668348	0.00023392856244763846
55060.61398538068	0.9998682435337838	0.00023395610027387832
55060.63441872329	1.0002779897673484	0.00023399033912963385
55060.654852165426	1.0000200008068165	0.00023399042638836003
55060.67528570734	1.0000102994141575	0.00023400034922938567
55060.69571904878	1.0001353700348536	0.00023402022294741648
55060.716152489986	0.9997679764976616	0.00023401402149792152
55060.736585930965	0.9998729425621746	0.00023403091988760005
55060.75701947148	1.000233521744898	0.00023405687777053137
55060.77745281152	0.9999980048142819	0.00023405577985740903
55060.797886251334	0.9999076692278326	0.00023405686011820318