55134.928667635286	0.999511637701007	0.0003832190505396604
55134.94910023958	0.9996895136807695	0.0003751869528143245
55134.96953294365	0.9998591767728677	0.0003723933261799549
55134.98996544772	1.000286712787133	0.0003698424907182274
55135.010398051665	0.9996796855025163	0.00037744861608541777
55135.0308306555	1.000535594098816	0.00038961434883904396
55135.05126325922	1.0002404832754572	0.00036321242274417513
55135.07169586282	0.9995919659409076	0.0003681280636606375
55135.09212846642	0.9999304573072438	0.0003598776908117804
55135.11256116979	1.0001680700006532	0.00038129988659105484
55135.132993673156	0.9992581399091689	0.00035725481685991905
55135.15342627641	0.9998289234542965	0.00036026325622971446
55135.17385897966	1.0007570432353137	0.00037879184315269096
55135.19429148268	0.9998330038171814	0.0003700219379992534
55135.2147240857	0.9996055168239518	0.0003547298645263474
55135.235156588606	0.9995827845922778	0.0003620380203567272
55135.25558929139	1.0002796846032633	0.0003632674166034234
55135.27602189406	0.999540856063621	0.0003641886796615597
55135.296454396615	1.0004538897284823	0.0003529002600500852
55135.316887099165	0.999584684937777	0.0003666376273900954
55135.337319701604	1.000744436046047	0.000366067297269469
55135.35775220393	0.9999549596486432	0.00035299479056434877
55135.37818490613	1.0000551175056924	0.0003538441657087725
55135.43948261216	1.0001639623130152	0.0003528354183704573
55135.459915314015	1.0000783390388306	0.00035233291971574157
55135.480347815756	1.0007116046321123	0.00036308565893442327
55135.50078041749	1.0005578788623517	0.0003532887950560682
55135.521213119	1.0001998220998196	0.0003612757414257742
55135.541645620506	0.9999377712226438	0.000352300177650379
55135.56207822189	0.9995874749837492	0.0003520374406164612
55135.582510823166	0.9999727990097891	0.00035203722371829154
55135.60294342444	0.9999376435006202	0.0003595431549693994
55135.623376025476	1.0001321550975042	0.0003535697510234239
55135.64380862652	0.9998527196151454	0.0003522518943388717
55135.664241227445	1.0002666605611734	0.00037587648648351626
55135.68467382825	1.000166515065354	0.0003618381747226488
55135.70510642906	0.9994948053688191	0.00036678781585622187
55135.725539129635	1.0001214285309201	0.0003642663602355199
55135.745971630204	1.0004046578880752	0.00038203516481283024
55135.766404230664	0.9997620986783928	0.0003666436133436298
55135.78683673101	0.999890101255853	0.0003520119077383424
55135.807269431345	1.000179453345392	0.0003854001043617222
55135.82770203157	1.0001631203324863	0.00038926758677287627
55135.848134631684	1.000172830372415	0.00035792953419703014
55135.86856723167	0.9995411785420414	0.00038453036886504176
55135.88899983155	1.0000067030997093	0.0004098923036865277
55135.90943243143	1.0000954451455835	0.0003762138853539314
55135.92986503118	1.0006634643383565	0.0003567306221279818
55135.95029763083	1.0000983489117634	0.0004096527434563749
55135.97073023036	0.9998536840492376	0.0004017704287145693
55135.99116272977	0.9997438491773444	0.0003661398719000714
55136.011595429176	1.0003371218889292	0.00036250623863609934
55136.03202802847	0.9999111120224922	0.0003960522714372832
55136.052460527644	1.0006251981114338	0.00037424493262138293
55136.072893226825	1.000114153334715	0.0003618444339070627
55136.09332582577	0.9999667724177294	0.0003792633590897998
55136.11375832471	0.9998339884870089	0.0003682345182933623
55136.13419092354	0.9991784361351488	0.0003706789748182475
55136.15462362237	0.9994261115583059	0.0003724022114600574
55136.17505622096	0.9998550596910576	0.00037603880655775156
55136.19548871956	1.0004939109500173	0.00038543737439877184
55136.21592141804	0.9997590959273286	0.00036802291695774055
55136.2363540164	0.9998158836150832	0.00037785810856361964
55136.256786514765	1.0005737263326024	0.00036565705232725594
55136.277219213014	0.999841431577017	0.0003652773407237924
55136.29765171114	0.9997325437219376	0.0003885462524784376
55136.318084309154	0.9996020159471497	0.0003582515396901277
55136.33851690717	0.99953219383152	0.0003538405718659755
55136.358949504945	1.0003027727881024	0.0003933481316420206
55136.37938210273	1.0006578029260216	0.0003599288771696993
55136.39981470051	0.9996051657640725	0.00035657947655870807
55136.420247298054	1.000058558421363	0.00035422708874765417
55136.440679895604	0.9998134779088479	0.00036825140355587686
55136.46111249304	0.9994722362519577	0.0003642293531463959
55136.481544990354	0.9994899123410584	0.0003547461170345916
55136.52241028498	0.9996667278901095	0.00035452313093895497
55136.54284278206	0.9990670816713532	0.00035450892453848653
55136.56327547903	0.9994786737152307	0.000361898598148927
55136.58370807588	0.9990184605587843	0.0003622985220066295
55136.60414057273	0.9985973088948686	0.0003546136783495986
55136.62457326946	0.999349426421372	0.0003543942528930928
55136.645005866194	0.9991624894831996	0.0003547212641815213
55136.66543836269	0.999042114153565	0.0003558628363516793
55136.68587095919	0.999508182284836	0.0003525451609702772
55136.70630365558	0.999602438048991	0.0003533057753660541
55136.726736251956	0.9989756317936349	0.0003619373475571273
55136.74716874811	0.9993042772652062	0.000352793542107478
55136.76760144426	0.9997554371222369	0.0003595009466078666
55136.78803404029	1.0007224792535572	0.0003746030123642917
55136.80846653633	0.9998123913559878	0.00035312223947394614
55136.82889923213	0.999840802666902	0.0003521935437208749
55136.84933182793	1.0003077915596978	0.0003543774743998952
55136.86976432373	1.0001720560767469	0.0004512194385176257
55136.91062961487	0.9999434561688989	0.00036296647247673525
55136.93106211032	0.9998581127804032	0.00037576810442888173
55136.951494705776	1.000140410079502	0.00035473918563773546
55136.97192740099	0.9997428184184078	0.00037218575079417865
55136.99235989621	0.9993883723560265	0.0003828983401707849
55137.01279249132	0.9994423814473068	0.00035451783936206043
55137.033225086416	0.9993529595004671	0.0003741536540055977
55137.053657781405	1.000871113293842	0.0003936924735491484
55137.07409027628	1.0000691079067405	0.00035434976191375404
55137.09452287103	1.000129757505349	0.00037722691789703104
55137.11495556578	0.9997590120411743	0.00037203756536787104
55137.13538806042	1.0004544538607036	0.00036473519333105156
55137.15582065494	1.000159036364797	0.00037443525857686283
55137.176253349346	0.999908861977417	0.0003751443068209943
55137.19668584375	1.000638686707517	0.0003757793425097493
55137.21711843804	1.000789395034964	0.00035381339005399845
55137.237551032325	1.0000242286181544	0.000375972655182699
55137.25798362638	1.0006107129214477	0.00035880582189999426
55137.27841622043	1.0005603097560467	0.0003753176437864069
55137.298848814375	1.0000703212788722	0.00037456504224960544
55137.319281408316	0.9998671655755174	0.0003556049383431208
55137.36014659584	0.9999446178886322	0.0003646272953582184
55137.380579189434	0.9995876249293809	0.0003579400820541725
55137.40101178302	1.0000723410006631	0.0003657471134632055
55137.421444376494	1.0000080500085002	0.0003585280362786642
55137.44187686997	1.0000783334747263	0.0003525533342094185
55137.46230956321	1.0001851923541487	0.00035626926858048797
55137.48274205645	1.0002557491526642	0.000352345678667522
55137.50317464969	0.9999997470589526	0.0003564626299393107
55137.52360734269	1.000254000241093	0.0003557521107615737
55137.5440398357	0.9998367817755163	0.0003544045255247366
55137.564472428596	0.9995735655414231	0.0003536671428891206
55137.58490512149	0.9998554643047186	0.00035183604101371533
55137.60533771426	1.0000381493846429	0.0003545775868601877
55137.62577020692	0.9997594192464812	0.00035244010184238314
55137.646202799464	0.9994894259796998	0.000351527729696738
55137.666635492	1.0004239388077196	0.0003525155841696399
55137.68706798443	0.9996160060576755	0.0003515382714564244
55137.70750057686	0.9998874877655857	0.00035304492997619805
55137.727933269045	1.00010093459537	0.0003599743590161609
55137.74836576124	0.9998393363130245	0.0003516942232762786
55137.76879835343	1.0002915654638116	0.00035156900398630855
55137.78923094539	1.0005485717909612	0.0003562880837836655
55137.80966353735	1.000065052732303	0.00035238126102644403
55137.83009612931	1.0003293807765217	0.0003560318764022856
55137.850528721036	1.0001698921013031	0.0003615301761084933
55137.870961312765	0.9998758584411247	0.0003517328493431931
55137.89139390449	1.000194442847294	0.0003523270944000319
55137.91182649598	0.9997848684789514	0.00035273589509975117
55137.93225918748	1.0002245621105899	0.0003541512431065031
55137.95269167898	0.9999650407895435	0.0003553961737687653
55137.97312427023	1.0001942998594298	0.000352474612301236
55137.993556761496	1.000280245883884	0.000352682763198666
55138.01398945264	0.9992830708528012	0.0003528313962931221
55138.034422043784	1.0001673626648726	0.000356425756355058
55138.054854634815	1.000136639953895	0.0003527935575836436
55138.075287225845	0.999521209740702	0.0003537538026906516
55138.095719816636	1.0001714049758283	0.0003526630089319841
55138.116152407434	0.9999481796127767	0.0003588440109809238
55138.13658499811	0.9997304351143138	0.0003565517175785939
55138.15701758879	0.9999492781329697	0.00035433541067741406
55138.177450179355	0.9996112458248112	0.0003581448035922608
55138.19788266992	0.9999926863278257	0.00035225374804901484
55138.218315360245	0.9999126394802911	0.0003852161146985995
55138.23874795058	0.9999922498560323	0.00036023304506825675
55138.25918044091	1.000345672815291	0.0003540206968488458
55138.279613131	1.000130853073491	0.00037157201522030936
55138.30004572122	1.0000172877283102	0.00036488649903023405
55138.3204782112	0.9994193337970144	0.00036100964465100567
55138.34091080118	0.9998304289999385	0.00038384380631946294
55138.361343491044	1.0001287404147141	0.00035561711286443077