55922.008331484525	1.0000846921220665	0.0003577528038103544
55922.028764184	0.9995964654017807	0.00035507438600703247
55922.049196883636	1.000761221037078	0.0003566838046495781
55922.06962968346	0.9997454538546402	0.00035639531612457266
55922.09006228351	0.9998874876655097	0.0003550660931910027
55922.11049498367	1.0001070199140831	0.00035532594372518576
55922.13092778408	1.0004825453751804	0.0003552907909304276
55922.151360384654	0.9996007004926126	0.0003600173454828798
55922.17179308534	1.000380472347322	0.00035942614579394624
55922.19222588627	0.999836542983126	0.00036000311819432923
55922.21265858743	0.9997746046071475	0.0003571538938819123
55922.2330911887	1.000764075580089	0.0003581148275508809
55922.27395669189	0.9994161888219039	0.0003578123420889856
55922.29438939368	0.9993187692373603	0.0003693622890471049
55922.314822095774	1.00026610144695	0.0003545743645878835
55922.33525479798	0.9992573864650995	0.00036109517161061734
55922.35568760036	1.0000950026022906	0.0003561313574099638
55922.3965529057	1.0003167675346893	0.0003546586074382758
55922.41698570866	1.0002233715188558	0.000360144574940082
55922.45785101511	0.9997879252040731	0.0003548076543394624
55922.49871642231	1.000414536774794	0.00035664975583864266
55922.51914922621	0.9997227347177025	0.00035727338716658906
55922.53958193027	1.0000591118909603	0.00035474996355852064
55922.560014534516	0.9993797291500608	0.00036450871063933334
55922.58044733893	0.9998226787051477	0.00035426093136781134
55922.60088004352	1.0003880341057891	0.00035886109977056337
55922.62131264835	1.000363012803085	0.00037078046852982526
55922.64174545335	0.9995937541629882	0.0003588316001539558
55922.66217805852	0.9995417799030228	0.0003636687311307801
55922.68261086387	0.9998081374322592	0.0003626901935720753
55922.70304356945	0.9998944521805666	0.00035383367336694837
55922.72347627515	0.999913290312636	0.00035388033880191956
55922.74390898108	1.0002780629376293	0.00035398589093627627
55922.76434168719	0.9993350405934653	0.000357460834184977
55922.78477439346	1.000339568213989	0.00035405572484788683
55922.80520709998	1.0008395461775623	0.0003565793059920771
55922.8256398066	0.9997278757116931	0.0003589536877862971
55922.846072513465	0.9998484285021555	0.0003544657930468227
55922.8665052205	0.999859445790341	0.00035406535552489406
55922.88693792772	0.9991150730380436	0.00035457186328311267
55922.907370735156	1.0003716422448896	0.0003547655207322519
55922.92780344278	0.9998047215122696	0.00036422063910616925
55922.948236050564	1.0002699085596953	0.00037109281847121295
55922.968668858535	1.000177680282742	0.00039173157690262114
55922.98910156668	0.9995854233586448	0.0003904733776958714
55923.00953417506	1.000159566864749	0.0003799365001351846
55923.029966983544	1.0002531068780316	0.0003621244867927036
55923.05039969227	0.9994133683288468	0.0003560476844422255
55923.07083230122	1.0000739371358154	0.00035450268689529924
55923.0912651103	1.000040542672124	0.00035487802364620147
55923.11169781961	0.9996120831946347	0.0003538209930479426
55923.132130629085	1.0000317990104404	0.00035474684214801893
55923.15256323874	1.0000326612077375	0.0003538506332305416
55923.17299594863	1.0003302717803395	0.0003546506168442863
55923.19342875869	1.00049769472573	0.0003539257347716683
55923.21386136893	0.9996814903301974	0.0003538546606815616
55923.234294079346	1.000084934632174	0.0003556747739557002
55923.25472678993	0.9999670036632196	0.00035627438604019353
55923.27515950075	1.000525056012022	0.0003598920655576449
55923.29559231175	0.99992892879444	0.00035709543696815993
55923.31602492291	0.9997434467655278	0.00035721682612911996
55923.336457634316	0.9997025140180569	0.0003625313664305154
55923.35689044584	1.0005481801645817	0.0003560995566867791
55923.37732305764	1.0000231185004864	0.0003552302736545935
55923.39775576957	1.000162388652813	0.00035801770661761243
55923.41818858167	0.9997217565282673	0.0003538686651407738
55923.45905390657	1.0000720145779645	0.00035548212076717253
55923.479486719254	1.0005953894325046	0.0003541977427539255
55923.5203521452	1.0005372720457857	0.000353987120107768
55923.540784858524	1.0004190972468758	0.0003551618544605498
55923.56121757196	0.9999752521823357	0.0003545904285912008
55923.58165038563	0.999537534260913	0.00035538307753344426
55923.60208299948	1.0005009761000128	0.0003565365430252063
55923.642948527755	0.9996710429477397	0.0003606407653335182
55923.663381142185	0.999610294562423	0.00035552646841201105
55923.683813956784	0.9986035715063708	0.00035553668423231517
55923.70424667162	0.9986880226399664	0.0003565510753478527
55923.724679286635	0.9991185020000879	0.00035551754295811105
55923.74511210182	0.9986080657268253	0.0003559148333555408
55923.76554481718	0.9992054734751805	0.00035814498301170087
55923.78597743277	0.9991182471160948	0.00035587873060436104
55923.80641024854	0.9990412226173685	0.0003592889899094728
55923.82684296454	0.9996123175419582	0.00035606311169550224
55923.84727558066	1.0003539723216437	0.00035685436661535616
55923.867708397	0.9996301570716413	0.00037486710338409916
55923.88814111353	0.9994448637187449	0.00036451779692262324
55923.90857383028	1.000100748197878	0.0003657433509442716
55923.929006547216	1.0004142343463092	0.00036601502453754525
55923.949439264325	0.9997108589426948	0.0003575218783046284
55923.969871981666	0.9997015787922262	0.00035803182858717465
55923.990304699175	0.9998411764932932	0.0003579861946071638
55924.010737416866	1.0000520744096963	0.0003579301707521717
55924.03117013478	1.000025084371274	0.0003580345495432689
55924.05160285282	0.9998426526924362	0.0003577630029794411
55924.07203567115	1.0000835193566382	0.000357711693638088
55924.092468389594	1.0003679930997007	0.000357641852240833
55924.11290100827	1.000112746006519	0.0003576422483884641
55924.13333382719	0.9996961852889554	0.0003573970621828321
55924.15376654621	1.0004284826750434	0.00035737831967859793
55924.17419916547	0.9999162449491161	0.000357224659830427
55924.19463198491	0.9994096697644352	0.00035707253949635417
55924.21506470457	1.0003324663924398	0.0003570198659940192
55924.235497324415	0.9999882432322826	0.0003570591579594507
55924.255930144434	1.0001560106299792	0.0003567538571754741
55924.27636286468	1.0001565455629566	0.00035729148879386116
55924.296795685106	0.9995446033541022	0.0003574844096990303
55924.31722830571	1.0003457025243454	0.00035639190066051433
55924.33766102653	1.0013744854205855	0.0003563008390841687
55924.35809384754	1.000555902513033	0.00035607887508271496
55924.37852646878	1.000332856409973	0.00035592598284188534
55924.39895919019	0.9998524061991354	0.0003551624934183402
55924.41939201178	0.9996783358510767	0.0003555835706322356
55924.43982463355	1.0001894052920624	0.0003554911417945567
55924.46025735554	0.9999527227139179	0.0003553191263340616
55924.48069017777	1.0005535825792657	0.00035685353329787057
55924.501122800175	0.9997051452888923	0.0003600807742912832
55924.52155562275	0.9998996428569171	0.000362012356753342
55924.5419883455	0.9998480959392254	0.0003571001065321241
55924.56242106849	0.9994511550903238	0.0003589468893774979
55924.582853791646	0.9998586410036485	0.00035536271072957395
55924.60328651504	1.0003629423209168	0.00035443053296200903
55924.62371923861	0.9997211833421511	0.0003543663913174506
55924.64415196235	1.000074762276712	0.00035420306777223
55924.68501741048	0.9993300619713648	0.00035412625224140237
55924.705450134854	0.9995288828740021	0.00035399263623619835
55924.72588285941	1.0002697645715952	0.0003543958601553499
55924.74631568414	0.9999745591826503	0.00035450707019442417
55924.766748309106	1.0003437912864033	0.0003575190074354037
55924.78718103425	1.000209334611181	0.0003568514917004243
55924.80761385956	1.0004345666751262	0.00035854753007259776
55924.82804648516	0.9995773091403173	0.0003540841628831728
55924.84847921089	0.9999593290361783	0.0003605841949939126
55924.868912036836	0.999623612019477	0.0003584259231861538
55924.889344662966	0.9999714603123715	0.0003605657927247782
55924.90977748933	1.0001068956561214	0.00035712617510683304
55924.93021021586	0.9996718424740972	0.00035789642129221494
55924.950642842574	1.000608850075963	0.00035499496355535906
55924.97107566952	0.9991700548884447	0.00035443352895763125
55924.99150839663	0.9995463593130576	0.0003545279320538429
55925.011941023986	1.0004733931436003	0.0003545327452452485
55925.032373851514	0.9998409777285179	0.00035489974630958856
55925.05280657927	0.99979039406763	0.00035676624576065267
55925.073239407204	1.0000471978222207	0.0003556083748529449
55925.09367203537	0.9995108241656818	0.00035639659681755066
55925.11410476371	0.9997727026868107	0.000356252025481299
55925.134537592225	1.0003348054739694	0.00035649036040169666
55925.154970220974	0.9992576489429983	0.00035638738398091824
55925.17540294989	1.000114099698156	0.0003552838676388134
55925.19583577905	0.9998721607524281	0.00035611428873646387
55925.21626840838	1.0003666001904614	0.0003557426966788925
55925.23670113788	0.999672595529933	0.00036065168141215427
55925.25713386768	1.000128290403607	0.00035584157634986554
55925.27756659759	0.9996410576699055	0.00035780837281096844
55925.297999427734	1.000178399700069	0.00036047953294127724
55925.318432158056	1.0002130428260676	0.00035565070108197264
55925.33886478861	1.00031565846807	0.0003597820185675842
55925.35929761933	1.0002314287261647	0.0003565025993548263
55925.379730350294	1.0001638517195706	0.00036088843748789104
55925.40016298149	1.0000332844392155	0.00036540515159985514
55925.42059581279	1.0000145947265708	0.00036041680344222737
55925.44102854434	0.9997382507434462	0.00036833546914083893