55590.45133911553	0.9998615896982146	0.00009645095222536537
55590.47177252123	0.9997051311132511	0.00009645497847671341
55590.492206127165	0.9998136040179939	0.00009645499554572753
55590.51263963357	0.9998936357670771	0.00009647088266272013
55590.533073040206	0.9999326383264493	0.00009646770316280914
55590.5535066473	1.0000964527318545	0.00009648554834955422
55590.57394015464	1.0000994660570934	0.00009647263129024796
55590.59437356244	1.0002374899628936	0.00009647716222366384
55590.6148071707	1.0001959377671095	0.00009650893528222317
55590.6352406792	1.000034435050749	0.00009648889628763552
55590.655674088164	1.0000940889587864	0.00009649297381318701
55590.676107697356	0.9999901209853875	0.00009649177346199205
55590.69654120702	0.9998677057193323	0.00009647844323774339
55590.71697481691	1.0002097290598992	0.00009650203000414521
55590.73740822727	1.0001145026409368	0.00009649071867389613
55590.7578417381	0.999943578254084	0.00009649127925012947
55590.77827534916	0.9998975323548178	0.00009647815151674955
55590.79870876068	0.9997663298145462	0.0000965031742424311
55590.81914227244	0.9998414229965363	0.00009647813344624591
55590.83957588466	0.9999216041041884	0.00009649096296014972
55590.86000939735	0.9999584332079271	0.00009649752330523548
55590.880442910275	0.9998833871944232	0.0000964809315769132
55590.900876423664	1.0000091918127647	0.00009649699992955416
55590.92130993728	0.9999153923512576	0.00009648733752639685
55590.94174345137	0.9998650977387266	0.000096460943288213
55590.96217696568	1.0000573031147868	0.0000964969984849071
55590.98261048047	1.0000898086925618	0.0000964680895207234
55591.023477511204	1.0000996819151793	0.00009649278715261254
55591.04391102715	1.0000190394207296	0.00009650339136924606
55591.06434454333	0.9998920719251373	0.00009649244773296402
55591.08477805997	0.9998965106224945	0.0000965105065109739
55591.105211676855	0.9998827448465131	0.0000964942033243941
55591.1256450942	0.9997751584810226	0.00009649085594185107
55591.146078612015	1.0000207812745072	0.00009648444002430007
55591.186945648566	0.9998321156871649	0.00009647384771092606
55591.2073791673	0.9999982139881183	0.00009650935322287076
55591.227812786514	1.0000525139048917	0.00009650738755478227
55591.248246205956	1.0000177215112138	0.0000965129066462971
55591.26867982609	1.0000489666971917	0.00009652693019204025
55591.28911334623	0.9999926624297354	0.00009648006689350725
55591.30954676684	1.0002592838574842	0.00009650451391743986
55591.329980387905	1.000153359279994	0.0000965205161655876
55591.350413909444	1.0003367362820619	0.00009649535885621218
55591.370847431215	1.0004501042317313	0.00009653619520432091
55591.39128095321	1.0002110470490033	0.00009650448849554295
55591.41171447568	1.0003820049932834	0.00009651993714444308
55591.43214799862	1.0000068856558166	0.00009649492273162406
55591.45258152178	0.9999800258441971	0.00009650547523851624
55591.47301504541	1.0000434480509242	0.00009651155523740969
55591.49344866928	0.9999040503377232	0.00009654824095152965
55591.513882093604	0.9999896672416663	0.00009654090855245234
55591.5343156184	0.9999573408371828	0.00009654184249873485
55591.554749243434	0.9998891536671211	0.00009653754254220824
55591.575182768924	1.0000102982393673	0.000096546160770324
55591.59561619465	1.0000160725430578	0.00009653651798987395
55591.61604982085	0.9999203384554647	0.000096552791151961
55591.6364833475	1.0000824884107606	0.00009653011816957849
55591.656916874395	0.9999063790506179	0.00009654128975576052
55591.677350401515	0.9999439020267324	0.00009654880577048838
55591.69778392911	0.9998791603406377	0.00009655165222722693
55591.718217457164	0.9997791233535975	0.00009655989985361856
55591.73865098569	0.9998241446964389	0.00009654294337398964
55591.7590844142	1.0003000601350804	0.00009653938706927724
55591.779518043426	1.000062742564782	0.0000965666116432667
55591.79995157287	1.000175530450807	0.0000965344248777105
55591.82038500279	1.0001578568061196	0.00009654563186438913
55591.84081863295	1.0001452885704802	0.00009655709742067543
55591.861252163566	0.9998700762125764	0.00009656063784083216
55591.88168579441	1.0000031207896927	0.00009653644684382068
55591.90211922573	0.999799384615815	0.00009655792234902724
55591.9225527575	0.9998867876972446	0.00009654894023245272
55591.94298638952	0.9999743963213591	0.00009656344601181104
55591.963419822	0.9998151792842314	0.00009655779705689392
55591.983853354715	0.9999427567547294	0.00009656982690821645
55592.00428698789	0.9999103824230745	0.00009656269157505756
55592.0247204213	0.999961583017695	0.00009656410591153157
55592.04515395517	0.9998753981661385	0.0000965726902990405
55592.06558758952	1.0000608966246667	0.00009657132736260323
55592.086021124094	1.0001664339016894	0.00009658924725885818
55592.10645465913	1.0002863816290086	0.00009658795995583985
55592.126888194405	1.000211471024149	0.00009656736263828862
55592.147321730146	1.0001560115226251	0.00009657449177693776
55592.16775526611	1.0002651248120908	0.00009657083432088
55592.188188802786	1.0001176054004415	0.00009658541696483749
55592.20862233946	1.0000136211335646	0.00009655331823485665
55592.22905597659	0.9998001336625031	0.0000965496312385092
55592.24948941419	0.999871088120529	0.00009657367884523262
55592.26992305226	0.9998964356305068	0.00009657571764311318
55592.29035649056	1.0000221637682103	0.00009657797384108574
55592.31079002909	0.9999718156579787	0.00009658616126801598
55592.331223668094	0.9999737159671943	0.00009655766706375778
55592.35165710755	0.9999715210735209	0.00009656920098061196
55592.37209064725	1.000053114993292	0.00009657968647491867
55592.39252428742	1.0000519975276172	0.00009659251604446016
55592.41295772781	0.9998663828776513	0.00009658885146688111
55592.4333912689	0.9999268841406438	0.00009660191198777362
55592.45382491	1.000074882840721	0.00009658084987973674
55592.474258351554	0.9998248827722057	0.00009655088987735696
55592.49469199358	1.000020443827996	0.00009661031532431245
55592.51512553584	1.0001715558796165	0.00009658330954233639
55592.53555897856	1.0000654163797957	0.00009658637430040016
55592.555992621754	0.9999705768080783	0.00009659039157847765
55592.57642616518	1.000064004873602	0.00009659138701870583
55592.59685970883	0.9998971615324856	0.00009657428538048284
55592.617293253184	0.999961624140694	0.00009659714377500034
55592.63772679754	1.00006623922208	0.00009660686239134164
55592.65816044259	0.9999068982062335	0.00009660541429999591
55592.678593887875	0.9998085297073255	0.00009659497691181833
55592.699027433395	1.0000039801984455	0.00009661683520566336
55592.719461079374	0.9998659943989113	0.00009660006833323667
55592.739894625825	0.9999831583274914	0.00009660707381477397
55592.76032807251	1.0000571934520988	0.00009661091160120224
55592.78076171965	1.0000615099465127	0.00009661854803604846
55592.801195267035	1.000064481688637	0.0000966141656476767
55592.82162871488	1.000092841328218	0.00009660304908748558
55592.86249591174	0.9999162573661822	0.00009663925356164201
55592.88292956074	0.9999371807578363	0.00009660223461956085
55592.90336300999	0.9999713669690403	0.00009662135700840874
55592.94423010964	0.998073290775599	0.00009653983289453424
55592.964663660045	0.9951156506973151	0.00009640886377922964
55592.98509711092	0.9940586449640104	0.00009634910107051034
55593.00553076202	0.9935211889408866	0.00009633037603604255
55593.025964313594	0.9930632160574836	0.00009633334289343473
55593.0463979654	0.992891951689054	0.00009628802262457331
55593.06683141767	0.9926339155039924	0.00009630135756671116
55593.0872649704	0.9926404680658752	0.0000962854525846515
55593.107698623375	0.9926641540625383	0.00009631018114977024
55593.1281320768	0.9924656373492298	0.0000962938504381303
55593.14856563047	0.9925140839458673	0.00009630489423199324
55593.16899928461	0.9924684899289259	0.00009626984291061001
55593.189432738975	0.9924836524568597	0.00009630158327498045
55593.2098662938	0.9926169951816785	0.00009629073833635324
55593.23029994887	0.9928120186131955	0.00009629444649573695
55593.250733504625	0.992780832099075	0.00009630886357106455
55593.27116706039	0.9933163233715053	0.00009632649154886765
55593.29160061685	0.9934268592823332	0.00009631654317022094
55593.31203417331	0.9938856586246134	0.00009635190124663005
55593.33246773047	0.9945793780179571	0.00009636299160644066
55593.37333484572	0.9993513864494943	0.00009656881697332555
55593.39376850381	1.0002311979050051	0.00009658769503947391
55593.414201962136	1.0001550318632364	0.0000965722892152005
55593.43463562115	0.9999716788850153	0.00009659337377984253
55593.45506918041	1.0000940038546176	0.00009658687051791506
55593.4755026399	1.0002390549371694	0.00009659865252914655
55593.49593629985	0.9999317840620424	0.00009659825848811504
55593.51636986027	0.9998845389219745	0.00009654027971673744
55593.53680332092	0.9998963499063013	0.00009658647824158574
55593.55723698204	0.9999361420646805	0.00009656141272060541
55593.57767054339	0.9998646155067855	0.0000965736705082914
55593.59810400521	0.999943671260755	0.00009657617731421308
55593.618537667484	0.9998720412560675	0.00009651443442730272
55593.63897113	1.0000257339216119	0.0000966144056183629
55593.65940479275	0.9998589017831815	0.00009658439316338982
55593.70027181987	1.0000564377783931	0.00009657873405368415
55593.74113904816	0.9999520778066334	0.00009659721769234702
55593.761572513	1.0002300373909065	0.00009659921812253409
55593.78200617808	1.0000330126072248	0.00009659780744077528
55593.802439743384	0.9999466882595814	0.0000965983620822661
55593.822873409394	1.0000104272586168	0.00009659060149067454
55593.843306875635	0.999900809711443	0.00009659053986134403
55593.8637404421	0.9998274597725267	0.00009657168043748234
55593.884174109044	1.000238291757605	0.0000966172633172852
55593.90460757645	1.0001912309528262	0.00009659929575557293
55593.92504114408	1.0000534795409652	0.00009657422737570446
55593.945474812186	1.0001251339573376	0.00009658555955359874
55593.965908380516	0.9999807647435931	0.00009656844049244569
55593.98634184932	0.9999678000808511	0.00009658217891095242
55594.006775518355	0.9999325713332251	0.00009659858798033705
55594.02720908786	0.9998817384191957	0.00009657817404075937
55594.04764275782	0.9999021928518961	0.00009635846684273526