55912.22046090998	0.9999189555014733	0.00009796812396222871
55912.2408936556	1.0000528850272843	0.00009798739041477994
55912.261326301465	0.9999781497327392	0.00009800090889675542
55912.2817591475	1.000022727989697	0.00009798206162882613
55912.30219179377	0.9999678016864344	0.00009799959654970962
55912.32262464027	0.9999448551164547	0.00009799484345058674
55912.34305738695	0.9999857353896243	0.00009798985525693176
55912.3634900338	1.000052078250398	0.00009800048775673002
55912.38392288088	1.0000453672276521	0.0000979971512473541
55912.40435562814	0.999913538353716	0.00009799093354743264
55912.42478827563	1.0000140426603263	0.00009798883977766994
55912.44522112335	1.0000139424304213	0.0000979775040761904
55912.46565387125	1.0000924571140009	0.00009799701511686939
55912.486086519326	0.9998885809133858	0.00009800306622140476
55912.50651936763	0.9999994230058048	0.00009798466922561548
55912.52695211617	1.0000965033228626	0.00009799512203638432
55912.54738496488	1.0000785089934268	0.00009798806884275627
55912.567817613766	0.999988683580172	0.00009800305377903879
55912.58825036289	0.9999397170503233	0.00009799867630299538
55912.60868321224	1.0000584012632108	0.0000979992563150398
55912.62911586177	0.9999750358551458	0.00009800248241776717
55912.64954861153	0.9999943232252545	0.0000979997995934484
55912.66998146146	0.9998248554360695	0.00009798794131284653
55912.69041411163	0.9999599914264193	0.00009800186712701323
55912.71084686198	1.0000336131411702	0.00009800811083196196
55912.73127971255	1.0001177998976667	0.00009801010571614282
55912.7517124633	1.000039923806591	0.00009800531750734944
55912.77214521429	1.0000557734637407	0.00009801272614955221
55912.79257796544	0.9999860234922343	0.00009800874693973585
55912.81301071683	0.999990605716526	0.00009800584141193337
55912.83344346846	0.9999783439396449	0.0000979998071147728
55912.85387622025	1.0001065433873155	0.00009800909792754936
55912.874308972285	0.9999372095520705	0.00009801446056147721
55912.89474172449	0.9998341118622468	0.00009800428035169564
55912.91517447687	0.9999180093083937	0.00009799469080629902
55912.93560732954	0.9999146250160509	0.00009800551399736683
55912.95603998239	1.0000716344571878	0.00009801943329221156
55912.976472735405	1.0001417174733047	0.00009800780016985975
55912.99690558866	1.0001214691074156	0.00009800722601581515
55913.01733824215	1.0000176828109888	0.0000980202803783793
55913.037770995805	0.9998282214786832	0.00009800930812944593
55913.0582038497	1.0000052345028208	0.00009800933550632168
55913.07863650377	1.0000027281252826	0.00009800517227915548
55913.09906925807	1.000090824935151	0.00009800682906722814
55913.119502112546	1.0000657731484115	0.00009801383256878285
55913.139934767256	0.9998452377993896	0.00009800019415918967
55913.16036762219	1.000087646780914	0.00009801273086366491
55913.18080037731	1.0000234687305254	0.00009799234295766145
55913.20123303266	0.999957069792503	0.00009800963504066368
55913.22166588818	0.999999493988192	0.00009798750830071807
55913.24209864394	0.9998648121878307	0.0000980014210515504
55913.26253139993	0.9999724008215364	0.00009798628977528177
55913.28296415603	1.0001195370466385	0.00009799026986608689
55913.30339691243	1.0000341659623009	0.00009799831524101063
55913.34426242586	1.0000461490107344	0.00009796731179485467
55913.385128040056	0.9998358291722075	0.00009797627292360444
55913.405560797495	1.000067336224978	0.00009799143393783874
55913.425993455116	1.000062751118543	0.00009798014195635178
55913.44642631296	1.0000019143507033	0.00009799707897614828
55913.46685907105	1.0000173388264808	0.00009799304110455498
55913.48729172931	0.9998774896072476	0.0000979777899201661
55913.50772458775	1.0000118168720271	0.00009798274570240572
55913.52815734647	1.0000268685347815	0.00009797581654460375
55913.54859010537	1.0000204605046905	0.00009797904687687089
55913.56902286444	1.0001203260989908	0.00009796838517925785
55913.589455523805	0.9998873529940091	0.00009798454433998555
55913.60988838335	1.000050268546013	0.00009797658688462255
55913.630321143064	0.9999125939291446	0.00009798051720119209
55913.650753803006	0.9998629423156716	0.00009796664637389526
55913.67118666319	1.000134996743302	0.00009797685961805389
55913.69161942354	1.0001543707250988	0.00009798186194127596
55913.712052084185	1.0000596598404328	0.00009796993526398515
55913.73248494495	0.9999313066408273	0.00009798776727402521
55913.75291770595	0.9999385929255965	0.00009798367537159517
55913.79378322863	0.9999906658475022	0.00009797190200385473
55913.81421599026	1.0000175355472978	0.00009798669728150872
55913.834648852135	0.999946163741859	0.00009798598916506227
55913.85508151424	1.0000046262419222	0.00009799674809404463
55913.875514276515	0.9999465240420369	0.000097983548746549
55913.89594713896	0.9999251065793117	0.00009797799619251966
55913.9163798017	0.9999880701116446	0.0000979876767998142
55913.957245427766	1.0000057672191405	0.00009798854115626963
55913.97767819109	1.0001326966052506	0.00009799341499895143
55914.018543718434	1.00001586289687	0.00009797967488197035
55914.03897648246	0.9999664483188905	0.00009798261426458485
55914.05940934665	1.0001475845483583	0.00009798310853975111
55914.10027477569	0.9999839401538455	0.00009797648423545028
55914.12070764052	0.9999550092947292	0.00009798974328812686
55914.14114030559	0.9999803525539456	0.00009797231962291297
55914.16157317084	0.9998863035481255	0.00009799193365095331
55914.18200593631	0.9999237598384636	0.00009798347273112123
55914.20243860202	0.9999360072387791	0.00009796244033995605
55914.222871467966	1.0001139716699068	0.00009798868588905649
55914.24330413408	1.0000162982034781	0.00009798458073550759
55914.26373690043	0.9999786671639478	0.00009798567973948603
55914.28416976696	1.0000586982550317	0.00009797541793826402
55914.30460243377	1.0000691420990424	0.00009797249779700315
55914.34546806793	1.000085075502972	0.00009798354756081311
55914.36590073538	0.9999686580396209	0.00009798537196500282
55914.38633360301	0.9998689411805819	0.0000979656518459458
55914.40676637081	1.0000366744774034	0.00009797721842678233
55914.42719913891	1.0001008096806734	0.0000979875411213449
55914.447631907184	0.9998795551450634	0.00009798290683067533
55914.46806467569	0.99995844149822	0.00009798136475206451
55914.48849744436	0.9998860815241916	0.00009798047616101068
55914.508930213335	1.000142181054217	0.00009799147560719049
55914.529362982415	0.9999667473620723	0.0000979965063385095
55914.549795751795	1.0001102175204113	0.00009798605371162066
55914.57022862141	0.9999274151042348	0.00009797776681878912
55914.59066129119	1.0001376966296054	0.00009799063080687887
55914.611094161206	0.999898664945814	0.00009797583755986556
55914.6315269314	1.0000006530232168	0.00009798156494250313
55914.65195960182	0.9999646712646292	0.00009797929817893909
55914.69282524337	0.9997467768838612	0.00009796664014473226
55914.73369078579	0.9956601289728557	0.00009779929633867127
55914.75412355732	0.9942256293417884	0.00009775557363034272
55914.77455642902	0.9936514982247171	0.00009772611806693586
55914.79498910102	0.9932047589584273	0.0000977078920021541
55914.815421873194	0.9930198610257918	0.0000977119173428192
55914.83585464559	0.9926736511658364	0.00009769069598901694
55914.85628741817	0.9924428043894675	0.00009768913842293818
55914.876720091044	0.9924105938627635	0.0000976776524807656
55914.897152964084	0.9924975322977602	0.00009767973320710255
55914.91758573736	0.9924022136622518	0.00009769050667826944
55914.93801851082	0.9921986227400167	0.0000976640942703006
55914.958451284554	0.9925064941792363	0.00009768782312974434
55914.97888405847	0.9923674143283286	0.00009766941011468696
55914.999316932626	0.9924034966848647	0.00009767281139680955
55915.019749606945	0.9926363319131618	0.00009768838333839144
55915.04018238156	0.9928189729807418	0.00009769641060795966
55915.060615256356	0.9931813794107568	0.00009769899478558633
55915.08104793137	0.9936657417040412	0.00009771277465798548
55915.10148070663	0.99417997233133	0.00009773658137863741
55915.121913582065	0.9952072792316743	0.00009777214705623916
55915.14234635772	0.9984572516097588	0.0000979240180106756
55915.16277903362	1.0000426857919393	0.00009798697252962459
55915.18321190975	1.0000005723981815	0.00009799214321362445
55915.20364468611	0.9999610276108014	0.00009798089643295351
55915.22407746265	1.0001862240429558	0.00009798264450375807
55915.24451023942	0.9999393492919176	0.00009797049587101649
55915.26494301642	0.9999502053536	0.00009798275191001598
55915.285375893596	1.0000200365381837	0.0000979697250927175
55915.305808571065	0.999936852971022	0.00009796645973505828
55915.3262413487	0.9999295077046342	0.00009796085139618026
55915.34667422658	0.99990340447951	0.00009795447918575838
55915.36710690469	1.0000702289723085	0.0000979858070707446
55915.387539683026	1.0000613492098382	0.00009796114637640879
55915.407972561545	1.0000514376487337	0.00009797143043176953
55915.428405240295	0.9998811727509676	0.00009796523117142495
55915.44883811927	1.000080865033097	0.0000979853666677064
55915.46927089849	1.0001372957422887	0.00009798343653227672
55915.489703577936	1.0000698306028302	0.00009796959094830919
55915.51013645755	0.999778366756614	0.00009798046397098356
55915.53056913741	1.000019721819575	0.00009797169544800001
55915.5510019175	1.0001149233513804	0.00009798563714330558
55915.571434797814	0.9999652010886517	0.00009797729532669503
55915.59186747837	0.9999302713847034	0.00009797354061212355
55915.61230035909	1.0000082708417721	0.00009798007224870659
55915.63273314005	0.9998332260958346	0.00009797521502082605
55915.65316592131	1.0000240696172789	0.0000979670531979545
55915.67359870268	1.0003100252165422	0.00009798588834148873
55915.69403148433	1.0000298266757015	0.00009797266848089088
55915.714464266224	0.9999759212180489	0.00009797933772822099
55915.734897048285	1.000092360585737	0.00009798460043505426
55915.75532983059	0.9999643680974976	0.00009797213954257151
55915.77576261312	1.0000741426872701	0.00009798634990925724
55915.79619549588	1.0000115729664905	0.00009797206879219091
55915.81662817888	1.0000896589236314	0.00009798952974428826
55915.83706106211	1.0000257339995544	0.00009797797864363285
55915.85749384551	1.0000113733193234	0.00009797576521941669
55915.87792652915	0.9998790691644334	0.0000979785266738977
55915.918792197124	0.9999576510419746	0.00009797420255886245
55915.93922488146	1.0001513153961512	0.00009798769156032213
55915.98009055077	0.9998154420159627	0.00009797219012481284
55916.00052323575	0.9998568624560563	0.00009798147024674439
55916.02095612096	1.0001316293555138	0.00009798025797901611
55916.0413889064	0.9998529678626273	0.00009796457480298265
55916.06182179208	1.0000670088120098	0.00009798716549877217
55916.08225447799	1.0000094563808228	0.00009798802115677227
55916.102687264065	1.00007982218104	0.00009797514166606918
55916.12312015038	0.9999920509601609	0.00009797053571883958
55916.14355283699	1.0001475653366634	0.00009797731650842217
55916.16398562377	0.9998741818034781	0.0000979756369827323
55916.18441841078	0.9999335899894822	0.00009797174099058644
55916.20485119803	1.0001344931769371	0.00009797712744079408
55916.22528408551	0.9999138652921604	0.00009797301970140313
55916.24571677316	1.0000388681646846	0.00009796219007796776
55916.26614956111	0.9998410012531199	0.0000979707672445823
55916.286582449226	1.000005092866798	0.00009797244166491687
55916.30701523758	1.0001616656461816	0.0000979672140594341
55916.32744792617	1.0000054515774526	0.00009796189606922764
55916.34788081498	0.9999813958115155	0.00009798235006005113
55916.368313604034	1.0000435340311673	0.00009796505942636873
55916.38874629332	0.9998932942355649	0.00009796744386823125
55916.40917918283	0.9999997068398258	0.000097966796472406
55916.429611972526	1.0000310546497937	0.0000979668186756994
55916.450044862504	0.9998068418113861	0.00009796291639302344
55916.470477552604	1.0000845081149792	0.00009798985039200492
55916.490910343055	1.0000004127133466	0.00009795647004289033
55916.51134323374	1.000100485209571	0.00009797339699282416
55916.53177592453	1.000136519923997	0.00009796630330603472
55916.55220871568	0.9999727797677375	0.0000979584110533275
55916.57264160694	1.0001122221279126	0.00009797499888715957
55916.593074298435	0.9999319353009518	0.00009795260479698495
55916.61350709028	0.99986424102563	0.00009796476444939376
55916.63393998225	0.9998974684577835	0.00009798313180785463
55916.654372674435	1.0000892449979757	0.00009797851551416097
55916.674805566865	0.9998471514138436	0.00009796047829357279
55916.695238359636	1.0000819023670322	0.00009798151030633554
55916.71567105253	0.9998875649404653	0.00009797026167242618
55916.73610394566	1.0002452144997127	0.00009797927406910848
55916.75653673902	0.9999570737354517	0.00009796482844435236
55916.776969532606	0.9998603369379568	0.00009797528203471013
55916.79740232643	1.000082056247226	0.00009795391911849502
55916.817835120484	0.9999262233443613	0.00009796811247667379
55916.858700709185	1.0000925707276485	0.00009796487868927645
55916.879133503935	1.0000041154605075	0.00009798204269538912
55916.899566298925	0.9999688721997758	0.00009795711083658521
55916.91999909415	0.999963710438947	0.00009797202093397197
55916.94043188948	0.9999476039490817	0.00009796257910013323
55916.96086468517	1.0000348160556929	0.00009797662983605398
55916.98129748109	1.0001559091843562	0.00009796702000662025
55917.00173027712	0.9999244864683676	0.00009797305210834968
55917.02216317351	1.0000281648099447	0.00009795684949836546
55917.042595870014	1.0000053089771828	0.00009796931833964833
55917.06302876686	0.9999735540392738	0.00009795435639275025
55917.08346156383	0.9999458758254453	0.00009794763598841676
55917.10389426115	1.0001257168437223	0.00009794907773599815
55917.12432715858	0.9999681844876439	0.00009796212036364918
55917.14475995636	0.9998164486323203	0.00009795741905977939
55917.16519265426	0.9999793450820041	0.00009796288172559195
55917.185625552505	1.000038034903773	0.00009797173625400773
55917.24692394841	1.0001113423209222	0.0000979875670746032
55917.26735674748	0.9999841419824868	0.00009795780871157436
55917.28778964677	0.9999245158266193	0.00009796164137270625
55917.3082223463	0.9998930774295959	0.00009794216061551568
55917.32865514618	1.0000109114492197	0.00009796774798230635
55917.349088046176	1.000101632264436	0.00009796683021013843
55917.3695207464	1.0000203073146292	0.00009796399924626242
55917.389953546975	1.00004592066714	0.00009794403549100237
55917.43081914859	0.999996931618357	0.00009794314199598156
55917.45125204975	0.9999137663880898	0.00009795073319534276
55917.471684751144	1.00013268527747	0.00009798321209217226
55917.49211765288	0.9999527497911054	0.00009795477568388593
55917.51255045474	1.000062044623121	0.00009797070324169633
55917.532983256824	0.9998977961274361	0.0000979535722533834
55917.55341595915	0.9999947359526529	0.00009795583601039441
55917.573848861706	0.9999715878294089	0.00009796952648054034
55917.59428166461	1.000059144813385	0.0000979675194921661
55917.61471436763	0.9999600211426408	0.00009796687993052561
55917.635147270885	0.9999640738727128	0.0000979538371422838