56233.99076379658	1.000102103682768	0.00009784280605594378
56234.01119652475	1.000037939560022	0.00009783891309836521
56234.0316291528	0.9997843608237933	0.00009782902662818107
56234.052061680726	1.0001213868212577	0.00009784070807299368
56234.072494408545	1.000064368607602	0.00009784662543712567
56234.09292703624	1.0000060202835532	0.00009782865401974607
56234.11335976394	0.9999845767874537	0.00009783241218680453
56234.13379229141	1.000107266979349	0.000097834429260568
56234.15422491888	0.9998685197049654	0.0000978240399763378
56234.17465764611	1.0000487541117227	0.00009783026698662126
56234.21552280034	1.0001465030739387	0.00009784201173607807
56234.23595552734	0.999880853940357	0.00009783631812228984
56234.25638805423	1.0000534936183674	0.00009783675058566029
56234.276820681	1.0000189820953047	0.0000978372812419264
56234.29725340765	0.9998648595029164	0.00009783515237279078
56234.317686034185	0.9999091282162039	0.00009783413588409731
56234.3381185606	1.0000501776431472	0.0000978423790467157
56234.3585512869	0.9998531905101624	0.00009783271565403405
56234.37898391309	1.0000942470505008	0.00009785043612748033
56234.39941653927	1.0000534429588188	0.00009784223877394046
56234.41984916523	1.000059014875249	0.00009784098236038992
56234.44028179118	1.0000825327941165	0.0000978363390622571
56234.460714417015	1.0000933582808285	0.00009785103302396354
56234.48114704274	0.9999095853080795	0.00009783506402216908
56234.50157956834	0.9997134671233552	0.00009782179099019359
56234.52201229371	0.9999062767802916	0.0000978429443372344
56234.5424449192	0.9999649494832071	0.00009784345735942912
56234.562877444456	1.0001185803609212	0.0000978444133774663
56234.58331016959	1.0001020942944168	0.00009784805457338688
56234.60374279473	1.0000390923085147	0.00009784443174071984
56234.62417551964	0.9999137583735324	0.00009782581746651608
56234.64460804454	0.9999235226962959	0.0000978377178367326
56234.66504066921	0.9999415908912422	0.00009783232938412023
56234.68547339389	0.9997782400138887	0.00009782314112261601
56234.70590591844	1.0000136510406858	0.00009783762659799438
56234.72633854288	1.0000479248681433	0.00009783296000210924
56234.74677126721	1.0000486655924852	0.00009781813474159407
56234.767203791525	0.9999542777975137	0.00009782320171840049
56234.78763641562	1.0000116126971965	0.00009783475720633087
56234.80806913971	1.0000708778559135	0.00009783255193024231
56234.828501763564	1.0002123140796693	0.00009784321944203115
56234.84893428742	1.0000061922225107	0.00009783580257729717
56234.86936701117	1.0000258179292203	0.00009782831432776562
56234.88979963479	0.9999124849992036	0.00009782689093931968
56234.9102322583	1.0000354842357784	0.00009781658646214778
56234.93066488169	0.9997551000913992	0.000097818543895753
56234.95109750496	1.0000265132384007	0.00009781853428189786
56234.97153022824	0.9999786382473626	0.00009782610663300967
56234.9919627514	1.0000691650720979	0.00009781819395209271
56235.012395374324	1.0002750270626544	0.00009783510779258135
56235.03282809725	0.9998654980353817	0.00009782249791190191
56235.053260620065	1.000016122169374	0.00009782969320043191
56235.07369324275	0.999977260554748	0.00009782912801755996
56235.094125965334	1.0000618316215706	0.00009782838676292206
56235.114558487796	1.0000728896291233	0.00009783193778805733
56235.13499111025	0.9998953810918957	0.00009782453690996961
56235.1554237326	1.000085895103519	0.00009782990699087408
56235.17585635471	0.9999410698882788	0.00009782633280432566
56235.19628907682	0.9998225749998477	0.00009781700651087791
56235.216721598816	1.0000275896557436	0.00009782557817727826
56235.2371542207	0.9999924135848555	0.0000978232410763041
56235.257586942455	1.0000895927652453	0.0000978349717336328
56235.27801946422	0.9998518983741426	0.00009782534155508382
56235.29845208575	0.9999842373257842	0.0000978311172213642
56235.318884807275	1.0001255301622864	0.00009783807401981982
56235.33931742869	0.9999006603324302	0.00009782877493029262
56235.35974994999	0.9999546541891189	0.00009782523231369457
56235.380182671164	1.0000707780821998	0.00009783484221502526
56235.40061529223	0.9998949859686634	0.00009783027831788891
56235.42104791317	1.0000401120919242	0.0000978289435602764
56235.46191315484	1.0000780630067985	0.00009783748593237213
56235.48234587555	1.000067585280761	0.00009783630856763122
56235.50277839615	1.0000261116735618	0.00009784179027677048
56235.52321101663	0.9999844534584569	0.00009783380361071935
56235.56407625736	1.0000548578500976	0.00009783583773382917
56235.584508877495	1.0000217140716023	0.0000978328789230292
56235.60494159762	0.9999867025775057	0.00009783326126276035
56235.62537411764	1.000071271469125	0.00009784415286232815
56235.64580673754	0.9999248317223669	0.00009782827977465688
56235.66623945732	0.9998273602066688	0.00009782567083267295
56235.68667197699	1.0000921609988556	0.00009784479103047102
56235.70710469666	1.0000123038728537	0.00009783653353370604
56235.72753731609	0.9999673159424647	0.00009784003720060376
56235.747969835524	1.0000657485047642	0.00009784100153744214
56235.768402554844	1.000136815356279	0.00009784559041958697
56235.78883507404	0.9999645116820604	0.00009783769705723954
56235.80926779313	0.9999193519203039	0.00009783273207570375
56235.829700412214	0.9999674491529155	0.00009783872591150873
56235.85013303106	0.9999772809987152	0.00009784079364727135
56235.870565549914	1.000083310332032	0.00009783675342033628
56235.91143088727	0.9998937298552879	0.00009783543513769278
56235.93186350577	0.9998496544107992	0.00009784036321828098
56235.95229612428	0.9998951683857389	0.00009783183191504741
56235.97272874254	1.0000900691596752	0.00009784042541216494
56235.99316136081	1.0000650377487879	0.00009784487358066228
56236.01359397897	1.0000635539446585	0.00009784530249038807
56236.034026597	0.9999474870901618	0.00009783971783935025
56236.054459314924	1.0000938859038921	0.00009785070944712543
56236.074891832846	1.0000259233044273	0.00009784691248230879
56236.095324450645	0.9999692394662628	0.0000978459219006544
56236.11575716822	1.0000560616444927	0.00009784813554545049
56236.13618968579	1.0003047008095343	0.00009785505086242792
56236.15662230336	0.9999489265900283	0.00009784673629215188
56236.1770550207	0.9999777734643296	0.0000978436931085699
56236.197487537924	0.9999982743544202	0.00009784240234724155
56236.21792025514	1.0002004909774218	0.0000978558992534061
56236.23835287225	1.000103092568513	0.00009785754103667734
56236.25878538924	1.0000484452091587	0.00009784982898100898
56236.27921810611	0.9998894139071386	0.00009785013489221419
56236.299650722984	0.9997695973917275	0.00009784311669942277
56236.320083339626	0.9998690095360306	0.00009785068444608856
56236.34051595626	0.9999678088765511	0.00009784888564043954
56236.36094857279	1.0002183480772795	0.00009786803351637956
56236.381381189196	0.9999098343598679	0.0000978553636507414
56236.4018138056	1.0000845524638582	0.0000978514891174846
56236.422246421775	0.9999219221985384	0.0000978480378051305
56236.44267903795	1.0000601038578205	0.00009785670183679489
56236.463111654004	0.9999590766973531	0.00009784591635214645
56236.48354426995	0.9990727861503055	0.00009783048887929347
56236.503976885884	0.9959885796727145	0.00009768646555841375
56236.524409501595	0.9944439303537367	0.00009762959919569974
56236.544842117306	0.9937351171400253	0.00009760544821956125
56236.565274832894	0.9933646250243817	0.00009758981490219542
56236.58570734837	0.9930396206556288	0.00009757414818566595
56236.60613996373	0.9929661182689979	0.00009757821831395241
56236.64700519433	0.9924539095635702	0.00009755588406422002
56236.66743780946	0.9925428985484323	0.00009756214985570605
56236.68787052447	0.99240618833383	0.00009755930695409449
56236.70830303936	0.9922118662443613	0.0000975509158719812
56236.72873575426	0.9924749640516047	0.00009757169314985815
56236.74916836903	0.9925845473864066	0.00009757040921505337
56236.769600883694	0.9925566189581877	0.00009757707660812049
56236.79003359824	0.9927452729576473	0.00009757819264117178
56236.810466212664	0.9926442898979784	0.00009757509398449815
56236.830898727094	0.993228680953283	0.00009759340698732138
56236.85133144141	0.9935489470119323	0.0000976077273694985
56236.8717640556	0.9939890766889902	0.00009762010061021163
56236.89219666968	0.9950831275692035	0.00009767389197092203
56236.91262928376	0.9981714648316687	0.00009780757370426309
56236.95349461145	1.0001801595264843	0.0000978794459186218
56236.9739272253	1.0001468959618833	0.0000978782341629893
56236.99435973891	0.9999589880828895	0.00009787231196307676
56237.014792452406	0.9998970774736545	0.0000978709858629776
56237.035225065905	0.9999823737257292	0.00009788287391041996
56237.07609029266	1.0000283825834748	0.00009787647644010347
56237.09652290581	1.0000137835521996	0.00009787772744551078
56237.116955418955	0.9999541712338302	0.00009787684007161033
56237.13738813199	1.000009898625452	0.00009788240442741676
56237.157820644905	0.9999405218332885	0.00009787442103623454
56237.1986859705	1.000089502748775	0.00009788189358584644
56237.239551195744	0.9999315933000016	0.00009787477565356473
56237.259983808195	1.0000885482800355	0.00009788590838210164
56237.280416320646	1.0000478066908378	0.00009788372369269884
56237.300849032974	0.9999200729620897	0.0000978669089597237
56238.3020471297	1.0001759871647582	0.00009792398242983452
56238.32247983772	1.0000520420012406	0.00009792306126834858
56238.34291234563	0.9996564187435046	0.0000979268605461704
56238.363344953425	0.9999074182169546	0.00009791348273208924
56238.38377766121	0.9998259418184565	0.00009791971325891722
56238.40421016889	0.9999207247116055	0.00009792464570319277
56238.42464277645	0.9999952247585793	0.00009792749054843462
56238.44507548401	0.9998774912299764	0.00009792685868856315
56238.46550799145	1.0001405508794856	0.00009794711604479406
56238.48594069878	0.9999966129775603	0.00009793000856499575
56238.5063732061	1.0001393349291923	0.00009794584084894589
56238.526805813315	0.9999666875260173	0.00009794404361981659
56238.54723852041	1.000089309772553	0.00009795159297660853
56238.567671127385	0.9998432395028141	0.00009792946598122685
56238.58810363436	0.9999424049165885	0.00009795149603969708
56238.60853634123	1.000100225504928	0.000097941882919046
56238.62896894797	1.0000246310633447	0.00009795144110126284
56238.64940145471	0.9999485366846135	0.00009793683140955155
56238.669834161345	1.0000979527694767	0.00009793888410328743
56238.69026676785	0.9998848479533329	0.0000979268002009952
56238.710699374366	1.0001022937227575	0.00009793842999014849
56238.73113198076	1.0001688413229683	0.0000979465609149303
56238.75156458704	0.9998580931073454	0.00009794100967640742
56238.7719972932	0.9999350008078571	0.00009794666165282669
56238.79242979937	1.0001048330647633	0.00009795173185710024
56238.81286240541	1.0000038725271145	0.00009794748722464603
56238.83329511146	0.9999987702457193	0.00009794152453093941
56238.85372761727	1.000007660687605	0.0000979430156018824
56238.87416022308	0.9999191735730227	0.00009794559843123318
56238.8945929289	0.9999058978191092	0.00009794249377979546
56238.91502543459	0.9999921814990096	0.00009795160591019268
56238.935458040054	1.0000943460079528	0.00009794458938029744
56238.95589074564	1.0000413720056827	0.00009794705413369524
56238.97632325099	0.9999061512087959	0.00009794550855757745
56238.99675595633	1.0000757159955498	0.00009794914288532424
56239.01718856168	1.0001234145993778	0.00009794388524287155
56239.03762116679	0.999936659428336	0.00009794109415480378
56239.05805377191	1.0000143856354153	0.0000979484837144134
56239.078486377024	0.9999504159688732	0.00009795433718635348
56239.0989189819	1.0000170978973622	0.00009794900720111528
56239.119351586785	0.9998547852273658	0.00009794081203872917
56239.13978419155	0.9999219585360082	0.00009794818696339399
56239.180649400965	0.999982919889851	0.00009795377052095504
56239.2010820055	0.9999060566283046	0.00009795526545966469
56239.22151471003	1.0000524897365553	0.00009794804092985062
56239.24194721445	1.000167534856118	0.00009796150643105464
56239.26237981875	1.0000511338466138	0.00009795971028858582
56239.28281252293	0.9998333779448147	0.00009795011084903271
56239.30324502711	1.0001214002442913	0.00009796668460192198
56239.32367763118	1.0000736046557435	0.00009795923449042907
56239.344110335245	1.0001263211737519	0.00009796045573703588
56239.3645428392	0.9999664284217988	0.00009795040127001741
56239.384975443034	1.000144787901555	0.00009796416428652336
56239.405408146864	0.9998986880302311	0.00009797270865421834
56239.42584065058	0.9999861987629873	0.00009796163563982075