56073.096449990866	1.000015852499719	0.00009537126637420425
56073.11688464407	1.000093595566342	0.00009537955741797974
56073.13731909728	0.9998603194180828	0.000095367385848328
56073.157753650376	1.0000373401801608	0.00009536306080739306
56073.198622756325	1.0000744339843626	0.00009536545511394502
56073.21905740919	0.9998567350887402	0.00009535802128588646
56073.239491961926	0.999821368397722	0.00009537176353664413
56073.25992641467	0.9998675091165327	0.0000953607654745499
56073.2803610673	1.000082136612117	0.00009536749929757347
56073.300795619805	0.9999040494010139	0.0000953718545680297
56073.32123007232	1.0002689199928185	0.00009539253838079967
56073.341664724714	0.9999894729445101	0.00009536274739785479
56073.36209927699	1.0001147357512923	0.00009536373004842264
56073.38253392927	1.0001978907889957	0.00009536745338609956
56073.40296838143	1.0002186541579652	0.00009536336218416902
56073.44383758552	1.0000718415760965	0.00009536117481115062
56073.46427203745	0.9998831033246721	0.00009534773734877513
56073.48470658937	1.0000540897121988	0.00009537741432005113
56073.50514124107	0.9997528213743597	0.00009535070008615421
56073.52557579288	0.9999773906830388	0.00009534465537353311
56073.546010244456	0.9998925746851138	0.00009537451810683886
56073.56644489604	0.9998763475998581	0.00009536025915642521
56073.5868794475	0.9999483512678035	0.00009537349422470849
56073.607313998844	0.9999808524685964	0.00009536914352960526
56073.62774855019	1.0000106473656323	0.00009536695479739373
56073.648183101424	1.0000840444395576	0.00009537671736519301
56073.66861775253	0.9999880883965803	0.00009537069219307233
56073.68905220365	1.0000992335941643	0.00009536928703090465
56073.70948675453	1.0000244701608234	0.0000953740446855635
56073.729921405524	0.9999822955659851	0.0000953834433115942
56073.75035585629	0.9999232766019155	0.00009536399496819581
56073.77079050706	0.9999541898468708	0.00009537031913397321
56073.791224957815	0.9999108326460544	0.00009535840314797082
56073.81165950835	1.0000497607273278	0.00009536178752453949
56073.85252860929	0.9999414791131004	0.00009538579712442312
56073.87296315971	1.0001614223722024	0.00009538996766941139
56073.893397809894	1.0000782223860893	0.0000953885017347942
56073.934266810254	1.000053134029428	0.0000953809138930479
56073.9547014602	0.9999249673341662	0.00009538141941767556
56073.97513591027	1.0000120951256077	0.00009538317868262453
56073.9955705601	1.0001300632160346	0.00009540066522529015
56074.01600510982	0.9999933943452267	0.0000953653440813079
56074.03643955953	0.9999855531367429	0.00009538207343303796
56074.07730875873	1.0000595531688048	0.00009538183857638291
56074.118177857585	0.9998557469332391	0.00009532742722090118
56074.138612406954	0.9998075623135856	0.00009535250659055358
56074.1590470562	0.9999751430721961	0.00009535030778563823
56074.17948150522	0.9999218137190334	0.00009536527170405672
56074.19991605435	1.0000121006365206	0.00009536440727849831
56074.240785252274	0.999985904523705	0.00009536652871234235
56074.26121970106	1.0001003495935814	0.00009535154086481096
56074.281654349725	1.0000719767008672	0.00009536110847550925
56074.302088898396	1.000095168955913	0.00009538377579930126
56074.32252334694	1.0000579101679459	0.00009534563194417166
56074.3429579955	0.9998756453486279	0.00009535871074612654
56074.36339254382	1.0000774138515545	0.00009535447758073511
56074.383827192134	1.0000980583463464	0.00009535288353291376
56074.404261640455	0.9999963304741224	0.0000953693879545416
56074.4655652846	0.999983488225452	0.00009537039746341799
56074.48599983257	0.999922030212069	0.00009533603629242749
56074.5064343803	0.9998867345556878	0.00009536713438805922
56074.52686892804	0.9998425060583603	0.00009535701410091731
56074.54730357578	1.0000617397354667	0.00009537685081728718
56074.56773802328	1.0000406255664875	0.00009537407002022345
56074.58817257079	0.9999884487009115	0.00009535024600728086
56074.60860721818	1.0000065650028047	0.00009534700657401566
56074.62904166556	0.9999600607560484	0.0000953397511910952
56074.64947621272	1.0001261589649315	0.00009536444435276406
56074.690345307026	0.9999109116668696	0.00009536058686601373
56074.71077985395	0.9999274044572589	0.00009537275096694428
56074.73121450088	1.000079532663175	0.00009535791363832235
56074.75164904768	0.9999896425338668	0.00009536070070099645
56074.77208359437	1.0000342585414166	0.00009535025687800398
56074.792518141054	0.9999277430578758	0.00009538240464070467
56074.81295268763	0.9998833522566021	0.00009537877318386614
56074.83338723409	1.0001014675732454	0.00009535234527791562
56074.85382178055	1.0001508371391123	0.00009538931368456872
56074.874256326766	0.9999473282047577	0.00009535977148802524
56074.89469097299	1.000113458018026	0.00009534393641128818
56074.915125419095	0.9998859769922998	0.00009539200237652923
56074.935559965204	1.000203501080812	0.00009537842452217638
56074.9559946112	1.0000530638916272	0.00009536309950959196
56074.976429057075	0.9998929264196176	0.000095349149029952
56074.99686370283	0.9999794635423114	0.00009540441033766803
56075.01729824859	1.0001532928553578	0.00009534840596448335
56075.037732694225	0.9998473978740515	0.0000953868949966232
56075.058167339754	0.9998796520167318	0.00009537012005486391
56075.078601885165	1.0001518529590312	0.00009538213408819158
56075.099036330575	1.0000459081905062	0.00009538797454406854
56075.119470975864	1.0000365340493425	0.00009537872507138712
56075.13990552104	1.0000086837906392	0.00009535601601210656
56075.1603400661	1.0000708219068872	0.00009538226295755684
56075.18077461116	0.999884806783064	0.00009537296718226952
56075.201209056104	1.000005607899636	0.00009538595311335486
56075.22164370093	0.999893933769261	0.00009538137071087762
56075.24207824564	1.000039989534029	0.00009538253189958785
56075.26251279035	0.9999835255007523	0.00009540525966599927
56075.28294733494	1.0001008627517647	0.00009538462725641709
56075.30338187942	1.0000523489476687	0.0000953868953477465
56075.323816423785	1.0000099571640242	0.00009540309447697374
56075.34425096814	0.9999805179256223	0.00009539250333204944
56075.36468551239	1.0000240303588999	0.00009539080558974212
56075.38512015652	1.0000028444615203	0.00009539448644020813
56075.40555470064	1.0000209639432303	0.00009538821428561601
56075.44642378844	1.0000575327765664	0.00009540258071731353
56075.46685833221	0.9999882023535304	0.0000954008346775635
56075.48729277599	0.999949654595796	0.00009539975762536803
56075.50772741954	0.9999295618236475	0.00009537483698194649
56075.528161963084	0.9999599238139263	0.00009538504266567711
56075.54859660652	0.99986686756157	0.00009538044272242624
56075.56903104995	0.9998250739391336	0.00009540255387927107
56075.58946559314	0.9994347955675646	0.0000953664369506242
56075.60990023634	0.9961304433471931	0.00009524084634128045
56075.63033467942	0.9942174491796657	0.00009516947200619014
56075.65076922238	0.9936870877167996	0.00009514216084111848
56075.67120386535	0.993465577069143	0.00009516545836572413
56075.6916383082	0.9929357106498895	0.0000951314236174595
56075.712072850925	0.9930504972255526	0.00009512437341043378
56075.73250749354	0.992715319698918	0.00009513661488744053
56075.75294193604	0.9923590687608771	0.00009512732136103186
56075.77337657854	0.9924158139472187	0.00009511855337843607
56075.79381112092	0.9923660531166683	0.00009511804876829804
56075.81424556319	0.9924849885663936	0.0000951522818725929
56075.83468020545	0.9922797716685785	0.00009511872643043312
56075.855114647486	0.99249307999071	0.00009513442549359008
56075.87554918952	0.9926947514757744	0.00009513078588995184
56075.89598383143	0.9925132635064962	0.00009512348525664759
56075.916418373236	0.9928654975356527	0.00009513310482470931
56075.93685281504	0.9931522546633663	0.00009512304401901687
56075.95728745672	0.9935629364611372	0.00009516108037982112
56075.977721998286	0.9940558711190245	0.00009518053434566757
56075.99815653973	0.9953640128011599	0.00009522403012887241
56076.01859108107	0.9977373289993797	0.00009532237334384996
56076.039025622405	0.9998992784791655	0.00009538651862583085
56076.059460163626	0.9999669803418416	0.00009541682654473872
56076.07989470472	1.000008241661647	0.00009541083279669225
56076.10032924571	0.9999553129866532	0.00009542228160037223
56076.141198327445	1.0000479302404053	0.00009540277154952789
56076.1616329682	0.9998322453469476	0.00009537692684825196
56076.18206750883	0.9999650518520459	0.00009541081195990617
56076.20250194947	0.9998417430620439	0.00009541348357158068
56076.222936589875	0.9999594594086232	0.00009539720973600426
56076.24337113027	1.0000259858353735	0.00009540744648967455
56076.26380557056	1.000033098885185	0.00009540753589541434
56076.3046747509	0.9999387475560966	0.0000954118620486881
56076.32510919084	0.9998979159102991	0.00009541739695777198
56076.34554383078	1.0001509381920444	0.00009545449248113005
56076.365978370595	1.0000271251135602	0.00009543224516946859
56076.3864130103	1.0000960638943361	0.00009545066092691482
56076.40684745001	0.999930733947248	0.00009543969972375673
56076.427281989476	0.9999310752163095	0.00009544041945825237
56076.44771652895	1.000198830204594	0.00009544537643570394
56076.46815106831	1.0000091276540715	0.0000954421042783686
56076.48858560766	1.0000499515804846	0.00009543932300070189
56076.50902014678	1.0000886240535556	0.0000954334905603693
56076.52945468591	1.0000463228849383	0.00009543758202905317
56076.54988922479	1.0000834010431403	0.00009541447649861225
56076.5703238638	0.9999406091460649	0.00009541778715565352
56076.59075830258	1.0000634478717925	0.00009544251178655294
56076.63162747989	1.0000664975272893	0.00009542875224867666
56076.65206191843	1.0000713736551454	0.00009544990674837108
56076.67249655685	0.9999243540563398	0.00009543869870943611
56076.69293109516	1.000099232244455	0.0000954434506850407
56076.71336553335	1.00006644605092	0.00009543493470646308
56076.73380017154	0.9998964584158563	0.00009546009965995494
56076.75423470962	0.9998006190649631	0.00009544004039822396
56076.77466934758	1.0001036576524043	0.00009544208132987943
56076.795103785415	1.0000164515182104	0.00009544270441713022
56076.81553832314	0.9999930914961658	0.00009545230609450901
56076.835972960864	1.0002162551883191	0.0000954649225805359
56076.85640739836	0.9998764613363067	0.00009542910161367178
56076.87684193585	0.9999121148920705	0.00009544454155674848
56076.89727657323	1.0000596783476416	0.00009545397788311928
56076.91771101049	0.9999604021461037	0.0000954695781161591
56076.93814554775	0.9999807393496067	0.0000954738485721223
56076.95858018489	1.0000632915894003	0.00009545684658154256
56076.9790146218	1.000166402415158	0.00009545878080445456
56076.999449258714	1.0000823024004621	0.00009548489774345128
56077.01988379551	1.0000084879287268	0.00009545403791723791
56077.0403183323	0.9998552856210705	0.00009544903250019926
56077.06075286886	1.0000199977744462	0.00009545449999539177
56077.08118740542	0.9999495726643267	0.00009546651427585993
56077.10162194187	0.999876576329938	0.00009545007848795468
56077.1220564782	1.0001032299431887	0.00009547810635206063
56077.14249101441	1.0000930252430549	0.00009545659551527699
56077.1629255505	0.999809980185324	0.00009545206046085279
56077.1833600866	0.9998067987599486	0.00009545242680944606
56077.203794622576	1.000162347493638	0.00009546832886980026
56077.22422915844	0.9998718664170448	0.00009546394955740047
56077.24466369419	0.9999485497513939	0.00009545797673584852
56077.265098229815	0.999991780587645	0.00009544896060450975
56077.28553286533	0.9999101612563699	0.00009544850702647905
56077.30596730085	0.9999301487165183	0.00009543775958475374
56077.32640183624	0.999920886322649	0.00009546376264873654
56077.346836471406	0.9999989742049981	0.00009542736129038878
56077.36727090657	1.0000246047653156	0.0000954547846658513
56077.38770544173	0.9997956891658807	0.00009543870919333979
56077.408140076666	1.0000491613562004	0.00009544871152163868
56077.4285745116	0.9997445038116717	0.00009543214875148796
56077.449009146294	1.000056795946023	0.00009545157890289657
56077.469443680995	1.000123015954613	0.00009543987679414305
56077.48987811558	1.0000103046522413	0.00009542918271790599
56077.51031275004	1.0000922823536265	0.00009543971244548129
56077.53074728451	1.0001192456659307	0.00009544489340802581
56077.551181818744	1.0001497473670788	0.00009545190944836292
56077.57161635297	1.00006234068919	0.00009543371022073196
56077.59205088709	1.0000724058873427	0.000095430947314865
56077.612485521095	1.0000390762426101	0.00009544970685669632
56077.63291995497	1.0000469467459523	0.00009543259968871679
56077.67378912239	1.0001014127253935	0.00009543117977915507
56077.69422355604	1.0000898600388974	0.00009542324348323941
56077.71465808958	1.0000546129749854	0.00009542379165144261
56077.73509272288	0.9999967534189257	0.00009543794374508619
56077.75552725618	0.9999739966294648	0.00009542584974986478
56077.77596168937	0.999814576224108	0.00009544178137146652
56077.79639632255	0.9999029652396201	0.00009543708204859828
56077.8168307555	1.0000666661719966	0.0000954398659410149
56077.83726538846	0.9998102948265047	0.00009540954075144658
56077.85769992118	0.9999580143906727	0.00009543800199780033
56077.878134353894	1.0000087644746827	0.00009542772529938478
56077.8985689865	1.0002312708242593	0.00009542644916616428
56077.9190035191	0.999887937446666	0.00009538604553578449