55912.22046090998	0.9998759972700125	0.00009796391508377732
55912.2408936556	1.00001518004326	0.00009798369599716915
55912.261326301465	0.9999464323214229	0.00009799780049369914
55912.2817591475	0.9999977871033204	0.0000979796179249006
55912.30219179377	0.9999504837367323	0.00009799789934297855
55912.32262464027	0.9999361052419597	0.0000979939859607192
55912.34305738695	0.9999863508951952	0.00009798991557109393
55912.3634900338	1.0000623216307134	0.00009800149156072086
55912.38392288088	1.0000648903279192	0.00009799906436877079
55912.40435562814	0.9999417407990951	0.00009799369737034834
55912.42478827563	1.0000502548128885	0.00009799238811465725
55912.44522112335	1.0000570046528083	0.00009798172314643577
55912.46565387125	1.0001407117571102	0.00009800174349068782
55912.486086519326	0.9999401165032156	0.00009800811743002866
55912.50651936763	1.000052465767374	0.00009798986660606149
55912.52695211617	1.0001488523416195	0.0000980002514898566
55912.54738496488	1.000127559075572	0.00009799287478827232
55912.567817613766	1.0000321100409195	0.00009800730975296924
55912.58825036289	0.9999760397880857	0.00009800223609781074
55912.60868321224	1.000086916209931	0.00009800205059542278
55912.62911586177	0.999995556281179	0.00009800449352066415
55912.64954861153	1.0000074027216792	0.00009800108138875325
55912.66998146146	0.9998317211126804	0.00009798861418421309
55912.69041411163	0.9999621842354873	0.0000980020820349943
55912.71084686198	1.0000319051308477	0.00009800794343872359
55912.73127971255	1.0001117774002344	0.00009800951552005784
55912.7517124633	1.000028314740512	0.00009800417980256392
55912.77214521429	1.0000372159059394	0.00009801090737416084
55912.79257796544	0.9999595591982177	0.00009800615317118881
55912.81301071683	0.999956028594979	0.00009800245262020728
55912.83344346846	0.9999361914457765	0.00009799567608904255
55912.85387622025	1.0000579668720575	0.00009800433749430115
55912.874308972285	0.9998840642930669	0.00009800925123048835
55912.89474172449	0.9997794011160659	0.0000979989175747676
55912.91517447687	0.9998653989895696	0.00009798953485163234
55912.93560732954	0.9998673180210023	0.00009800087725513961
55912.95603998239	1.0000314907120087	0.00009801549870691073
55912.976472735405	1.0001087801401394	0.0000980045725117083
55912.99690558866	1.0000944701888705	0.00009800458024808219
55913.01733824215	0.9999951496042163	0.00009801807170618916
55913.037770995805	0.9998094171341257	0.00009800746481200369
55913.0582038497	0.9999901218192945	0.00009800785433000477
55913.07863650377	0.9999910599031959	0.00009800402873615943
55913.09906925807	1.000081921083169	0.00009800595650817905
55913.119502112546	1.0000586902634971	0.00009801313839374484
55913.139934767256	0.9998394230823814	0.00009799962422759002
55913.16036762219	1.0000831446354383	0.00009801228963476438
55913.18080037731	1.0000203045453187	0.00009799203289901619
55913.20123303266	0.999955582786074	0.00009800948929344931
55913.22166588818	1.000000504513168	0.00009798760731959264
55913.24209864394	0.9998694360917019	0.00009800187426196908
55913.26253139993	0.9999817572600391	0.00009798720660327985
55913.28296415603	1.000133916936035	0.00009799167878691129
55913.30339691243	1.000052897172733	0.00009800015080536158
55913.34426242586	1.0000708566620478	0.00009796973222533413
55913.385128040056	0.9998642508105665	0.00009797905802703399
55913.405560797495	1.0000976990046655	0.0000979944090298272
55913.425993455116	1.000094645823421	0.00009798326680797544
55913.44642631296	1.0000346662359851	0.00009800028855909259
55913.46685907105	1.0000504445697744	0.00009799628518076988
55913.48729172931	0.9999107565006077	0.00009798104973621638
55913.50772458775	1.0000452734864451	0.00009798602383461102
55913.52815734647	1.0000600893467144	0.0000979790712933288
55913.54859010537	1.000052531993469	0.00009798218914648088
55913.56902286444	1.0001500296178458	0.00009797129483492671
55913.589455523805	0.9999135335692324	0.00009798710992072436
55913.60988838335	1.0000723733159411	0.00009797875252567031
55913.630321143064	0.9999302680730815	0.00009798224907433234
55913.650753803006	0.9998760616036205	0.00009796793180271633
55913.67118666319	1.0001429668096689	0.00009797764039472515
55913.69161942354	1.000155453774277	0.00009798196804407183
55913.712052084185	1.0000518258343651	0.00009796916781270387
55913.73248494495	0.9999133953466942	0.00009798601206573297
55913.75291770595	0.9999107554256738	0.00009798094758353408
55913.79378322863	0.9999466560290737	0.00009796759023798977
55913.81421599026	0.999968139809162	0.00009798185724114176
55913.834648852135	0.9998936746897139	0.00009798084569646241
55913.85508151424	0.9999516807380071	0.00009799155963083782
55913.875514276515	0.9998958668085084	0.00009797858490559204
55913.89594713896	0.9998794431408363	0.00009797352184521941
55913.9163798017	0.9999496468986196	0.00009798391175351812
55913.957245427766	0.9999845346095231	0.0000979864606158272
55913.97767819109	1.0001191047977687	0.00009799208326803643
55914.018543718434	1.0000116678691786	0.000097979263861041
55914.03897648246	0.9999639513758357	0.00009798236959936774
55914.05940934665	1.0001449169405094	0.00009798284719781174
55914.10027477569	0.999976943871429	0.00009797579875328766
55914.12070764052	0.9999460325035409	0.00009798886361508564
55914.14114030559	0.9999709353577125	0.00009797139698022609
55914.16157317084	0.9998787228871793	0.00009799119072286055
55914.18200593631	0.9999206661088134	0.00009798316957363363
55914.20243860202	0.9999396345174631	0.00009796279569976818
55914.222871467966	1.0001254286840655	0.0000979898084188815
55914.24330413408	1.000035295301749	0.0000979864421278795
55914.26373690043	1.0000041129241435	0.00009798817311278603
55914.28416976696	1.000088902292257	0.0000979783770177418
55914.30460243377	1.0001018191508555	0.00009797569902805011
55914.34546806793	1.0001156843413417	0.00009798654646824973
55914.36590073538	0.9999955904601506	0.00009798801103095983
55914.38633360301	0.9998916418750231	0.00009796787602577248
55914.40676637081	1.0000553144509041	0.00009797904465256159
55914.42719913891	1.0001155555865537	0.00009798898589075698
55914.447631907184	0.9998908065217185	0.00009798400940606537
55914.46806467569	0.9999672460427813	0.00009798222746920989
55914.48849744436	0.9998935304322181	0.0000979812060917186
55914.508930213335	1.0001488125782119	0.00009799212534763148
55914.529362982415	0.9999720943703057	0.00009799703034406032
55914.549795751795	1.000113395478592	0.00009798636507288416
55914.57022862141	0.9999273255953973	0.00009797775804827651
55914.59066129119	1.0001334782406388	0.00009799021750119384
55914.611094161206	0.999889699086452	0.00009797495903325957
55914.6315269314	0.9999870713493606	0.00009798023418971317
55914.65195960182	0.9999469872540887	0.00009797756545078225
55914.69282524337	0.9997230258265553	0.00009796431274409647
55914.73369078579	0.9956330702294162	0.00009779663847782981
55914.75412355732	0.9941977761647219	0.00009775283501325098
55914.77455642902	0.9936233396945171	0.0000977233486615137
55914.79498910102	0.9931767537039626	0.00009770513694650818
55914.815421873194	0.9929924140383697	0.00009770921659344698
55914.83585464559	0.9926471295821442	0.00009768808595502785
55914.85628741817	0.9924175181411101	0.00009768664942124958
55914.876720091044	0.992386801739489	0.00009767531074966826
55914.897152964084	0.9924754463808722	0.00009767755955286255
55914.91758573736	0.9923820034275347	0.00009768851721468058
55914.93801851082	0.9921804058541629	0.00009766230114580259
55914.958451284554	0.992490328107789	0.00009768623197811205
55914.97888405847	0.9923533239110887	0.00009766802332717235
55914.999316932626	0.9923914469894468	0.0000976716254602103
55915.019749606945	0.992626239351385	0.00009768739009845853
55915.04018238156	0.9928107076259817	0.0000976955972718788
55915.060615256356	0.9931747598987467	0.00009769834362590616
55915.08104793137	0.993660538027991	0.00009771226295107646
55915.10148070663	0.99417590539095	0.00009773618156284907
55915.121913582065	0.9952040182733893	0.00009777182668991988
55915.14234635772	0.9984544113699438	0.00009792373945323674
55915.16277903362	1.0000398409616151	0.00009798669378521216
55915.18321190975	0.9999972451558589	0.00009799181717020491
55915.20364468611	0.9999566933852533	0.00009798047174509784
55915.22407746265	1.0001802316497843	0.00009798205746254939
55915.24451023942	0.9999310587933355	0.00009796968359749442
55915.26494301642	0.9999398861047777	0.00009798174075126843
55915.285375893596	1.0000086993303683	0.0000979686144118387
55915.305808571065	0.9999259575021441	0.00009796539227713836
55915.3262413487	0.9999209058173183	0.00009796000868857078
55915.34667422658	0.9998989089239846	0.00009795403878341736
55915.36710690469	1.0000709592024726	0.00009798587861791191
55915.387539683026	1.0000672151597332	0.00009796172097633386
55915.407972561545	1.0000615115079108	0.00009797241733139927
55915.428405240295	0.9998942412833273	0.00009796651158536672
55915.44883811927	1.0000956058635069	0.00009798681093658826
55915.46927089849	1.0001518047843194	0.00009798485798291653
55915.489703577936	1.0000821750066855	0.00009797080024005983
55915.51013645755	0.9997876268515946	0.00009798137148052045
55915.53056913741	1.0000261974988696	0.00009797232986876775
55915.5510019175	1.000119006327472	0.00009798603717034694
55915.571434797814	0.9999674201607519	0.00009797751275294374
55915.59186747837	0.9999319102881837	0.0000979737011924973
55915.61230035909	1.0000112142405158	0.00009798036064074292
55915.63273314005	0.9998395762972354	0.00009797583728695148
55915.65316592131	1.0000358117036436	0.00009796820350786655
55915.67359870268	1.0003281455776936	0.00009798766333088171
55915.69403148433	1.0000542129307721	0.00009797505759611506
55915.714464266224	1.0000054710557864	0.00009798223307146883
55915.734897048285	1.0001250950619764	0.00009798780761341216
55915.75532983059	0.999997504075336	0.0000979753860608958
55915.77576261312	1.0001045510308335	0.00009798932929095045
55915.79619549588	1.0000358162255925	0.00009797444392695205
55915.81662817888	1.0001044111047575	0.0000979909751739838
55915.83706106211	1.0000280994463364	0.00009797821039936314
55915.85749384551	0.9999994803208657	0.0000979746000070444
55915.87792652915	0.9998523865978727	0.00009797591203914825
55915.918792197124	0.9999040927184433	0.00009796895500259553
55915.93922488146	1.0000865931445715	0.0000979813505357919
55915.98009055077	0.9997356672190941	0.00009796437297052862
55916.00052323575	0.9997754638763823	0.00009797349355246747
55916.02095612096	1.00005270934367	0.00009797252639359953
55916.0413889064	0.9997797116161122	0.0000979573972306073
55916.06182179208	1.0000018184595598	0.00009798077810892913
55916.08225447799	0.9999535572294526	0.00009798254376134148
55916.102687264065	1.0000333904602285	0.00009797059287473933
55916.12312015038	0.9999545453524846	0.00009796686124515456
55916.14355283699	1.0001181451871548	0.00009797443442641743
55916.16398562377	0.9998521038585376	0.00009797347360982182
55916.18441841078	0.999918793109191	0.00009797029121818368
55916.20485119803	1.000126995365791	0.00009797639292558315
55916.22528408551	0.9999134912669215	0.0000979729830538644
55916.24571677316	1.000045755953832	0.00009796286479465243
55916.26614956111	0.9998554024056094	0.00009797217836090664
55916.286582449226	1.0000272241080388	0.00009797460990561574
55916.30701523758	1.0001908497182996	0.00009797007267953374
55916.32744792617	1.000040228287364	0.00009796530284309731
55916.34788081498	1.0000204801141148	0.00009798617970311768
55916.368313604034	1.0000860299559582	0.00009796922236093694
55916.38874629332	0.9999387052242179	0.00009797189314147622
55916.40917918283	1.000048014245462	0.00009797152899556946
55916.429611972526	1.0000821488019718	0.00009797182405180104
55916.450044862504	0.9998604809258859	0.0000979681720522862
55916.470477552604	1.0001401936869665	0.00009799530655178316
55916.490910343055	1.000056422281846	0.00009796195654024479
55916.51134323374	1.0001541680614003	0.00009797865595573014
55916.53177592453	1.000184532638126	0.00009797100629209833
55916.55220871568	1.0000119338933549	0.00009796224663366456
55916.57264160694	1.0001403676817746	0.00009797775613834328
55916.593074298435	0.9999481863882617	0.00009795419674167298
55916.61350709028	0.999869528155225	0.00009796528247212538
55916.63393998225	0.9998940752499872	0.00009798279929663498
55916.654372674435	1.0000797804032766	0.00009797758826997432
55916.674805566865	0.9998339883907593	0.000097959188640414
55916.695238359636	1.000067246637767	0.00009798007443344887
55916.71567105253	0.9998729079553278	0.00009796882556228781
55916.73610394566	1.0002313501198692	0.00009797791598025906
55916.75653673902	0.9999440573622002	0.00009796355324284017
55916.776969532606	0.9998486523083641	0.00009797413706992101
55916.79740232643	1.0000724648906767	0.00009795297968461777
55916.817835120484	0.9999191202256285	0.00009796741654619541
55916.858700709185	1.0000904242240627	0.00009796466842677723
55916.879133503935	1.000003451117894	0.00009798197760201068
55916.899566298925	0.999968961026555	0.00009795711953807072
55916.91999909415	0.9999640268460803	0.00009797205193414323
55916.94043188948	0.9999476227347016	0.00009796258094051745
55916.96086468517	1.0000336846743152	0.0000979765189909787
55916.98129748109	1.0001521590435294	0.00009796665267376942
55917.00173027712	0.999916465923471	0.00009797226625174379
55917.02216317351	1.0000148338741242	0.00009795554367866979
55917.042595870014	0.9999861036232718	0.00009796743681420619
55917.06302876686	0.9999484813847498	0.00009795190035206094
55917.08346156383	0.9999155554214426	0.00009794466601577516
55917.10389426115	1.0000911379258497	0.00009794569118862947
55917.12432715858	0.9999306395378279	0.00009795844226373562
55917.14475995636	0.9997781237772714	0.00009795366416667718
55917.16519265426	0.9999429984857637	0.00009795932103473755
55917.185625552505	1.0000059342232617	0.00009796859141421679
55917.24692394841	1.0000984753946458	0.00009798630641616626
55917.26735674748	0.9999781482140097	0.00009795722156583744
55917.28778964677	0.9999256259751982	0.00009796175013289289
55917.3082223463	0.9999017563439673	0.00009794301073803827
55917.32865514618	1.0000272474568472	0.00009796934836672214
55917.349088046176	1.0001246520348028	0.00009796908515489829
55917.3695207464	1.0000480812050534	0.00009796672003239115
55917.389953546975	1.000076203562371	0.00009794700138377184
55917.43081914859	1.000025932168978	0.00009794598240974445
55917.45125204975	0.9999397419830223	0.00009795327774333715
55917.471684751144	1.0001544473113329	0.00009798534412326269
55917.49211765288	0.9999691196079314	0.00009795637926139048
55917.51255045474	1.0000724405386785	0.00009797172167366611
55917.532983256824	0.9999022650964771	0.00009795401004960971
55917.55341595915	0.9999940985286009	0.0000979557735706598
55917.573848861706	0.9999669516832058	0.00009796907226658693
55917.59428166461	1.000051703909225	0.00009796679056835482
55917.61471436763	0.9999510153766668	0.00009796599762845833
55917.635147270885	0.9999550330837967	0.00009795295153050207