56233.99076379658	1.0001304304061283	0.0000978455773390855
56234.01119652475	1.0000661578590337	0.00009784167384132864
56234.0316291528	0.9998116334193441	0.00009783169525511791
56234.052061680726	1.0001469034073123	0.00009784320433082806
56234.072494408545	1.0000873146184548	0.00009784887048234443
56234.09292703624	1.000025631225948	0.00009783057252029467
56234.11335976394	1.000000144965072	0.00009783393528266532
56234.13379229141	1.0001181581056358	0.00009783549467340864
56234.15422491888	0.9998741825362679	0.00009782459401021804
56234.17465764611	1.0000487458600391	0.00009783026617939622
56234.21552280034	1.0001342836998413	0.00009784081634306297
56234.23595552734	0.999862359694715	0.00009783450849778016
56234.25638805423	1.0000287837988786	0.00009783433318652935
56234.276820681	0.9999882682041094	0.0000978342763353549
56234.29725340765	0.9998284929753574	0.00009783159396714106
56234.317686034185	0.9998675842558866	0.00009783007109726404
56234.3381185606	1.0000040606844536	0.00009783786708016259
56234.3585512869	0.9998032424627656	0.0000978278283834179
56234.37898391309	1.0000412753635974	0.00009784525331327937
56234.39941653927	0.9999983782385491	0.00009783685140634868
56234.41984916523	1.0000028390392932	0.00009783548638575935
56234.44028179118	1.000026276662264	0.0000978308356224811
56234.460714417015	1.0000380797161497	0.00009784562446423948
56234.48114704274	0.999856354005704	0.00009782985566338104
56234.50157956834	0.9996633204596396	0.00009781688414776507
56234.52201229371	0.9998601881943162	0.00009783843447160311
56234.5424449192	0.9999238516881358	0.00009783943606812116
56234.562877444456	1.000083307307653	0.0000978409625154657
56234.58331016959	1.0000733812715268	0.00009784524534676219
56234.60374279473	1.0000175429062839	0.00009784232333412669
56234.62417551964	0.9998998353790667	0.00009782445532072724
56234.64460804454	0.9999175348010935	0.00009783713194992431
56234.66504066921	0.9999436908227366	0.0000978325348373102
56234.68547339389	0.9997884156557021	0.00009782413675665292
56234.70590591844	1.000031732926118	0.00009783939566259987
56234.72633854288	1.0000735775995806	0.00009783546956448746
56234.74677126721	1.0000814020768376	0.00009782133680760097
56234.767203791525	0.9999934660076586	0.0000978270354098713
56234.78763641562	1.0000565026627786	0.00009783914895421455
56234.80806913971	1.0001206042927029	0.00009783741644966512
56234.828501763564	1.0002659252742307	0.0000978484638204498
56234.84893428742	1.0000626440038614	0.00009784132554843306
56234.86936701117	1.0000840518268692	0.00009783401110473039
56234.88979963479	0.9999714013705955	0.00009783265504920448
56234.9102322583	1.000094008610558	0.00009782231091358578
56234.93066488169	0.9998121485879587	0.00009782412566359233
56234.95109750496	1.0000811079284644	0.00009782387451287263
56234.97153022824	1.000029824915524	0.00009783111413243639
56234.9919627514	1.0001161075524263	0.00009782278546316586
56235.012395374324	1.000316996868482	0.00009783921278407478
56235.03282809725	0.9999018632929492	0.00009782605573076799
56235.053260620065	1.0000464343579134	0.00009783265858472852
56235.07369324275	1.0000011875536265	0.00009783146882822505
56235.094125965334	1.000079199461256	0.00009783008572561042
56235.114558487796	1.0000836696949786	0.0000978329923459231
56235.13499111025	0.9998996925554714	0.0000978249587210267
56235.1554237326	1.0000840001991755	0.0000978297216284801
56235.17585635471	0.9999333605868431	0.00009782557858719165
56235.19628907682	0.9998095625155486	0.0000978157334427424
56235.216721598816	1.0000098825978523	0.00009782384602189183
56235.2371542207	0.9999707145212171	0.00009782111838746708
56235.257586942455	1.0000646647666007	0.00009783253312207201
56235.27801946422	0.9998245632087042	0.00009782266708709528
56235.29845208575	0.9999553244233808	0.00009782828859523323
56235.318884807275	1.0000958837892724	0.00009783517383984253
56235.33931742869	0.9998711214535718	0.00009782588489086553
56235.35974994999	0.9999260106217304	0.00009782243012299289
56235.380182671164	1.0000437725141786	0.00009783220031652748
56235.40061529223	0.999870302484511	0.00009782786327215071
56235.42104791317	1.0000183374149367	0.00009782681345207346
56235.46191315484	1.0000635159854425	0.0000978360627994689
56235.48234587555	1.0000571452095184	0.00009783528721862784
56235.50277839615	1.0000199607144618	0.00009784118847163436
56235.52321101663	0.9999826628022493	0.00009783362842128803
56235.56407625736	1.0000615757652522	0.00009783649495063265
56235.584508877495	1.0000323819739403	0.00009783392257196515
56235.60494159762	1.000001000116704	0.00009783466005624851
56235.62537411764	1.0000888059893636	0.00009784586839033853
56235.64580673754	0.9999451427622165	0.00009783026691811594
56235.66623945732	0.999849943727044	0.0000978278804621734
56235.68667197699	1.0001164870082624	0.0000978471709844391
56235.70710469666	1.0000378061339663	0.0000978390285558321
56235.72753731609	0.9999934314651219	0.00009784259242782726
56235.747969835524	1.0000919253061962	0.00009784356253352962
56235.768402554844	1.0001625176454834	0.00009784810493122548
56235.78883507404	0.9999892305180506	0.00009784011557705597
56235.80926779313	0.9999426303039374	0.00009783500964725469
56235.829700412214	0.9999888798062095	0.0000978408227275756
56235.85013303106	0.9999965112627841	0.00009784267519431676
56235.870565549914	1.0001000527718336	0.00009783839130983772
56235.91143088727	0.9999048881525114	0.00009783652693058203
56235.93186350577	0.9998578547917978	0.00009784116566718105
56235.95229612428	0.9999003871964399	0.00009783234253438778
56235.97272874254	1.0000923432735511	0.00009784064789239537
56235.99316136081	1.000064459308811	0.00009784481698695661
56236.01359397897	1.0000602665086673	0.00009784498085066055
56236.034026597	0.9999416782983926	0.00009783914947895631
56236.054459314924	1.0000857770311602	0.0000978499160626634
56236.074891832846	1.0000157667041076	0.00009784591871608789
56236.095324450645	0.9999573056908053	0.00009784475419347373
56236.11575716822	1.0000426307695054	0.00009784682143304555
56236.13618968579	1.0002900554059013	0.00009785361817225237
56236.15662230336	0.9999333563314953	0.00009784521271535695
56236.1770550207	0.9999615416960831	0.00009784210489711855
56236.197487537924	0.9999816319201662	0.00009784077400868329
56236.21792025514	1.0001836613332642	0.00009785425270356133
56236.23835287225	1.0000862779718134	0.00009785589577120543
56236.25878538924	1.0000318085786541	0.000097848201168419
56236.27921810611	0.9998730835869467	0.00009784853679145286
56236.299650722984	0.9997536597966895	0.0000978415569560826
56236.320083339626	0.9998535071648816	0.00009784916732973331
56236.34051595626	0.9999527458562703	0.00009784741169324265
56236.36094857279	1.0002036842965276	0.00009786659871427973
56236.381381189196	0.9998954987502275	0.00009785396070794966
56236.4018138056	1.0000704189456449	0.00009785010624860596
56236.422246421775	0.9999078386830924	0.00009784665965317563
56236.44267903795	1.0000458741305354	0.00009785530944630277
56236.463111654004	0.9999444803401799	0.00009784448809975463
56236.48354426995	0.9990575832852444	0.0000978290001952437
56236.503976885884	0.9959725314929969	0.00009768489155446706
56236.524409501595	0.9944267228159743	0.00009762790984453212
56236.544842117306	0.9937164312879385	0.00009760361288040816
56236.565274832894	0.9933441405342852	0.00009758780247136537
56236.58570734837	0.9930170197821973	0.00009757192746765283
56236.60613996373	0.9929410817100083	0.00009757575798547393
56236.64700519433	0.9924231190749216	0.00009755285743163595
56236.66743780946	0.9925088161586575	0.00009755879972220197
56236.68787052447	0.9923685921281521	0.00009755561102815896
56236.70830303936	0.9921705700171385	0.00009754685576654938
56236.72873575426	0.9924298071275183	0.000097567253705338
56236.74916836903	0.992535450555003	0.00009756558302876645
56236.769600883694	0.9925035688901229	0.00009757186131817454
56236.79003359824	0.9926883108408042	0.00009757259376242416
56236.810466212664	0.9925835669049103	0.00009756912502682022
56236.830898727094	0.9931643776940362	0.00009758708862955481
56236.85133144141	0.9934813986642447	0.00009760109131928154
56236.8717640556	0.993918698003515	0.00009761318868882535
56236.89219666968	0.9950104039000469	0.00009766675366899718
56236.91262928376	0.9980968943087124	0.00009780026678137739
56236.95349461145	1.0001046378845106	0.00009787205523365284
56236.9739272253	1.000072447720784	0.00009787094837086742
56236.99435973891	0.9998867710300978	0.0000978652436232707
56237.014792452406	0.999828350764785	0.00009786425881986113
56237.035225065905	0.9999185146839384	0.0000978766230937057
56237.07609029266	0.9999788730284077	0.0000978716307568364
56237.09652290581	0.9999739525859654	0.00009787382893478915
56237.116955418955	0.9999258015850725	0.00009787406321277597
56237.13738813199	0.9999948370393048	0.00009788093017774323
56237.157820644905	0.9999406714561657	0.00009787443568135807
56237.1986859705	1.0001258969842937	0.00009788545560372422
56237.239551195744	1.000011958444172	0.00009788264191212557
56237.259983808195	1.000193726301276	0.00009789620291668927
56237.280416320646	1.0001795530268098	0.00009789661889816956
56237.300849032974	1.0000800395505476	0.00009788256564666552
56238.3020471297	1.0002587308011277	0.00009793208359052825
56238.32247983772	1.0001148337339918	0.00009792920970706484
56238.34291234563	0.9997015174344418	0.0000979312784372932
56238.363344953425	0.9999371167123962	0.00009791639088445176
56238.38377766121	0.9998424511862297	0.00009792133013290578
56238.40421016889	0.999926203720461	0.00009792518227573068
56238.42464277645	0.9999917317202917	0.00009792714848232729
56238.44507548401	0.9998669668819266	0.00009792582794594387
56238.46550799145	1.0001247888316587	0.00009794557241462503
56238.48594069878	0.9999772582358634	0.00009792811314855578
56238.5063732061	1.0001178488903413	0.00009794373667398919
56238.526805813315	0.9999443616790598	0.00009794185686324205
56238.54723852041	1.0000672349879929	0.00009794943090938998
56238.567671127385	0.9998223322673132	0.00009792741822581195
56238.58810363436	0.9999233799132008	0.00009794963240481689
56238.60853634123	1.0000836238732786	0.00009794025708693255
56238.62896894797	1.000010827357978	0.00009795008904173228
56238.64940145471	0.9999377418134959	0.0000979357741396682
56238.669834161345	1.0000902312962077	0.00009793812794487964
56238.69026676785	0.9998801410929865	0.0000979263392201396
56238.710699374366	1.0001004279014625	0.00009793824727323101
56238.73113198076	1.0001695547993348	0.0000979466307856896
56238.75156458704	0.9998610503712156	0.00009794129935492415
56238.7719972932	0.999939815305182	0.00009794713324742045
56238.79242979937	1.000111084685334	0.00009795234414997352
56238.81286240541	1.0000111228304247	0.00009794819737088682
56238.83329511146	1.0000065835782557	0.00009794228978158076
56238.85372761727	1.0000156163464424	0.00009794379479713091
56238.87416022308	0.99992687831538	0.00009794635313783435
56238.8945929289	0.9999129988346193	0.00009794318933641626
56238.91502543459	0.9999983735018098	0.00009795221243155283
56238.935458040054	1.000099376516191	0.00009794508204488027
56238.95589074564	1.0000450451111629	0.00009794741388867277
56238.97632325099	0.999908330641212	0.00009794572204322917
56238.99675595633	1.0000763242497954	0.0000979492024587956
56239.01718856168	1.0001224287286865	0.00009794378869478114
56239.03762116679	0.9999341086193018	0.00009794084430995066
56239.05805377191	1.0000103436852819	0.00009794808781722183
56239.078486377024	0.9999449964752362	0.00009795380629712275
56239.0989189819	1.0000104443622808	0.00009794835550510233
56239.119351586785	0.9998470666123758	0.00009794005596151566
56239.13978419155	0.9999133555071826	0.00009794734424655127
56239.180649400965	0.9999731165434487	0.00009795281022980932
56239.2010820055	0.9998959311465067	0.00009795427352222132
56239.22151471003	1.0000422099170652	0.00009794703409451897
56239.24194721445	1.0001572545124886	0.00009796049952179847
56239.26237981875	1.0000409894463862	0.00009795871659688976
56239.28281252293	0.9998234837593115	0.00009794914155095946
56239.30324502711	1.0001118440167425	0.00009796574852363185
56239.32367763118	1.0000644635593179	0.0000979583391015256
56239.344110335245	1.0001176525542927	0.00009795960666237916
56239.3645428392	0.9999582813027563	0.00009794960322964653
56239.384975443034	1.000137201612326	0.00009796342120962753
56239.405408146864	0.9998917095416575	0.00009797202488351633
56239.42584065058	0.9999798788823426	0.00009796101652543119