55429.5628670884	0.9997418203237841	0.00009414019463311596
55429.5833003125	0.9997288107476997	0.0000941272127959103
55429.6037337366	0.9996844084857767	0.0000941330205693025
55429.624167060225	0.9998435829382637	0.00009413464025017047
55429.64460028339	0.999656978833116	0.00009413462025475105
55429.665033706326	0.9997013959726697	0.00009411483601552528
55429.68546702902	0.999779312471987	0.00009414028397787757
55429.705900251254	0.9998366675083807	0.00009412865379681915
55429.74676699502	1.000020365438968	0.00009414164593972976
55429.787633637396	0.9998375532415587	0.00009413409360720783
55429.80806695823	0.99973143592899	0.00009412740015600612
55429.84893359874	0.9998029978227135	0.00009411656033631278
55429.86936691864	0.9998100824123899	0.0000941255953959899
55429.88980023808	0.9997708405947461	0.00009413129062269848
55429.91023355706	0.9998131656592293	0.00009411941576719714
55429.930666876025	0.999772185584435	0.00009410856674601127
55429.951100194536	0.9998917123262843	0.00009413194047749541
55429.97153351258	0.9998481480357515	0.00009410184551097396
55429.99196683062	0.9997423663745777	0.00009411132423617299
55430.0124002482	0.9997621261151863	0.00009410171801839943
55430.03283346531	0.9997478966591083	0.00009411379966293678
55430.05326678218	0.9998565810629523	0.00009411822406502124
55430.07370019883	0.9998439678409563	0.00009410012014268722
55430.09413341501	0.9998765809602784	0.00009410975960761924
55430.11456673119	0.9997822399519757	0.00009411036986249667
55430.13500014667	0.9998478779432375	0.00009410474826814289
55430.15543336215	1.0000008716877256	0.000094118886150146
55430.175866677164	0.999879293994423	0.00009410755049567706
55430.19630009172	0.9999045785691844	0.00009410613098867405
55430.216733306035	0.9999667529844233	0.00009411450577412343
55430.237166720115	1.0000682862695618	0.00009411693504664247
55430.25760003397	0.9999900510958518	0.00009410619798527303
55430.278033247356	0.9998840001859041	0.00009411311195822168
55430.298466660504	1.0001203642822567	0.00009412110545260828
55430.318899973194	0.9998761120852652	0.00009409793627784867
55430.33933328565	1.000021022586195	0.00009410245218423912
55430.35976659787	1.000118718341287	0.0000941252707451059
55430.380199909625	0.9999396490170311	0.00009410358718711487
55430.40063322114	0.9997538420339807	0.00009409984616285558
55430.4210666322	0.9999250923821558	0.00009411614021523243
55430.44149984326	0.999869537910489	0.00009412270674369086
55430.46193315362	0.9998378145921569	0.00009409812195284399
55430.48236656398	1.000068318815936	0.00009411736956719897
55430.50279977387	0.9997891247974958	0.00009410458661913592
55430.52323308353	0.9998912508781613	0.0000941070497361423
55430.543666392725	0.9997472937029686	0.00009410332455371217
55430.58453301042	0.9999657113398336	0.00009410727306714082
55430.60496631868	0.9998846738611729	0.00009410591966054177
55430.62539962671	0.9999308278966634	0.00009411014951696411
55430.64583303427	0.9998390280667777	0.00009410551078484245
55430.66626624184	0.9999334355557791	0.00009410232328362016
55430.68669954871	0.9998491415784619	0.0000941098472277028
55430.70713295557	0.9997958044919655	0.00009410886300717973
55430.72756616197	0.9999450868785622	0.00009410037726293962
55430.74799946814	0.9997735475299574	0.00009409068357891122
55430.76843287384	0.9998556542612276	0.00009410366332709576
55430.78886607931	0.9998372132258163	0.00009409205185816253
55430.80929938455	0.9998238580770283	0.00009410034853282467
55430.829732789316	0.9999211156956825	0.00009411273491938876
55430.85016609386	0.9997050801631598	0.00009409691749648051
55430.87059929793	0.9998608673756313	0.00009409792512903365
55430.891032701766	0.9997457115384393	0.00009410296965405497
55430.911466005375	0.9999257126880173	0.00009411030293682609
55430.93189920875	0.9997231554990733	0.0000940884687231553
55430.952332611654	0.9997419726985785	0.0000940977521601444
55430.97276591433	0.9997732856892787	0.00009409965136153678
55431.013632518516	0.9997445783865684	0.00009409443502048484
55431.03406582003	0.9997083766634365	0.00009410186628399162
55431.054499221544	0.9996944307962472	0.00009409292920310444
55431.07493242258	0.9997988357334279	0.00009409785078973766
55431.095365723166	0.9998434936623111	0.00009408705048794726
55431.115799123516	0.9997373968137504	0.00009410492032808127
55431.136232323624	0.9997234301803607	0.00009410158034041782
55431.15666562351	0.9996541687498383	0.0000940935901840101
55431.177098922926	0.9997966518258645	0.00009410590036444451
55431.19753222187	0.9997838803812593	0.00009409689506747786
55431.217965520824	0.9995951433682161	0.00009408547526956718
55431.23839881931	0.9996635496010111	0.00009410381683738882
55431.279265415345	0.9995985188440253	0.00009408104656469937
55432.21917537449	0.9950360363044608	0.00009299441722695337
55432.23960855761	0.9948049574767289	0.00009313433243809731
55432.26004194026	0.9949388759118206	0.00009316436065688611
55432.28047522245	0.9947139118725532	0.00009316356423772523
55432.300908404635	0.9945777634099661	0.00009316552584912713
55432.32134178635	0.9947361636912481	0.00009321945403372978
55432.34177506761	0.9947753695682119	0.00009319423915281535
55432.362208348866	0.9949622938733782	0.00009325404374282071
55432.38264162942	0.995222938860167	0.00009328784418409079
55432.40307490998	0.995378004073968	0.00009332609786706532
55432.42350819007	0.9956910649593802	0.0000933523843769403
55432.44394146992	0.9961464429901268	0.00009342078533275297
55432.46437474955	0.9966547265709778	0.00009345300168763048
55432.48480802871	0.999071003044748	0.00009355834072632048
55432.56654124232	1.0016541426300243	0.00009377026601794993
55432.58697441985	1.0017153662065497	0.00009379868281905924
55432.60740779714	1.0014366265578143	0.00009382695561087982
55432.62784107421	1.0017379457933397	0.00009383227590688122
55432.64827425081	1.0014403362629825	0.00009386727393271003
55432.66870762718	1.001427907090327	0.00009386348175201185
55432.689140903305	1.0013385612911132	0.00009387177101946989
55432.709574078974	1.0011878192040093	0.00009388508098675277
55432.730007454404	1.0012130364324288	0.00009388702830892877
55432.750440729375	1.0012066693519757	0.00009389213189296908
55432.770873904345	1.0012456615558885	0.00009391527086133152
55432.79130727862	1.0011104768303742	0.00009390664351372105
55432.81174055288	1.0008705687190782	0.00009388847578280555
55432.83217382669	1.0009061941346389	0.00009392541154190669
55432.852607100256	1.0009923186580867	0.00009396735244676196
55432.87304027336	1.0007998116876342	0.0000939734061184246
55432.89347364624	1.000868072148087	0.0000939759474849154
55432.91390691888	1.0008606384108751	0.00009400160966796895
55432.93434019105	1.0007435041946664	0.0000939919778865052
55432.954773462996	1.0009158488882801	0.00009400092221986813
55432.9752067347	1.0006936758988616	0.00009401188442738765
55432.995640005945	1.000997863699809	0.00009402552137744353
55433.03650654774	1.0006320759529097	0.00009400034927376174
55433.056939818045	1.0005072125898957	0.00009402265688885985
55433.07737318813	1.000548729919717	0.00009400700083962226
55433.09780635797	1.000398657115855	0.00009401197121779485
55433.11823962735	1.000503532160565	0.00009402875920432144
55433.1386729965	1.0003236957842576	0.00009401926339836331
55433.159106165185	1.000507079859482	0.00009402720011083055
55433.17953943363	1.0003913976289727	0.00009403090456594845
55433.19997280185	1.000290031944608	0.0000940429731552716
55433.220405969594	1.0002069771485902	0.00009402741775104793
55433.24083933735	1.0002308323923872	0.0000940364143394658
55433.2612726044	1.0003743538864722	0.00009405217550024925
55433.28170577146	1.0002682828699485	0.00009405323221982783
55433.30213913804	1.000427442889182	0.00009406443311922004
55433.32257240416	1.000251303015724	0.0000940674661942593
55433.34300557028	1.0001053095446568	0.00009405520680675032
55433.363438935936	1.000344900130655	0.0000940706993409707
55433.38387220113	1.0000936660910076	0.00009406178838211016
55433.40430546631	1.0002452865631952	0.00009405258642383324
55433.42473873104	1.000051180322088	0.00009404988445019998
55433.4451719953	1.0001140258651038	0.00009406117273431614
55433.46560525932	1.0002065548096997	0.0000940794803052614
55433.486038623116	0.9999986886340362	0.00009404897477029509
55433.50647178668	1.0000257615692416	0.00009406325752246133
55433.526905049766	1.0003395401679556	0.00009408200644873855
55433.54733831263	1.0001381520543897	0.00009405322391031495
55433.56777157503	1.0000108386834956	0.00009404847544639028
55433.58820493742	1.000167891837277	0.00009408265719196667
55433.60863809912	1.0000144292331155	0.00009404670903477977
55433.62907136082	1.0001932226540413	0.00009404684122963139
55433.649504722045	0.9999615918729814	0.00009404071797975618
55433.669937883045	1.0000885467392309	0.00009405058803050544
55433.69037114358	0.999983224839335	0.00009404561040679163
55433.71080450388	0.9999037117320827	0.00009404639173149091
55433.731237663946	0.9999843493514551	0.0000940602106739248
55433.75167092355	0.9997629946477574	0.00009403404044847149
55433.772104282914	0.999809646580057	0.00009404770211269725
55433.812970700725	0.9997182657866005	0.00009403762291158929
55433.83340405916	0.9997591807192522	0.00009403510349025359
55433.853837317365	0.9998941919970853	0.00009404338120821709
55433.87427057511	0.999865789039526	0.00009404690801873746
55433.89470383261	0.9997674715786313	0.00009403239239271905
55433.91513708988	0.9998792567167465	0.00009404995423260518
55433.93557034669	0.9997932131661814	0.00009405262569112333
55433.95600360326	0.9995572501749974	0.00009404884037223322
55433.976436859375	0.9997498226109865	0.0000940354196488588
55433.996870215255	0.9997153010641974	0.00009403690204347891
55434.01730337089	0.9999106583354972	0.00009405917873474273
55434.037736626306	0.9998179968606506	0.00009404975005015186
55434.05816998125	0.9996685046360867	0.00009403938462630715
55434.07860313596	0.9997926527301741	0.00009405499487164853
55434.09903639021	0.9996252816859184	0.00009403829537589991
55434.119469744226	0.9996527756990264	0.00009403440150168645
55434.139902898	0.9997059789781109	0.00009404041023469063
55434.16033615155	0.9997939089388151	0.000094044232113705
55434.18076950463	0.9997014421166672	0.00009403155235734977
55434.20120265748	0.9995385384775848	0.00009402859516421639
55434.22163590987	0.9998036014307472	0.00009404202013414991
55434.262502413934	0.9997375824420339	0.00009403646103565241
55434.28293576539	0.9994747538578982	0.00009401999849907824
55434.30336891661	0.9998017850406549	0.00009403592357853146
55434.32380216759	0.9995594567306357	0.00009401928303151353
55434.34423551812	0.9997431365504387	0.00009403674701586788
55434.36466866841	0.9997853858624539	0.00009404957652205184
55434.38510191846	0.9996812223462199	0.00009403502142473308
55434.40553526805	0.9996018581952572	0.00009400499149292347
55434.425968517404	0.9996999868541571	0.00009402445254927063
55434.44640166653	0.9995871689795008	0.0000940243169783115
55434.48726826362	0.9994648824978258	0.00009402037768916052
55434.507701411574	0.9998717328926063	0.00009402974545662676
55434.52813475954	0.9996939562315003	0.00009401048773066303
55434.54856800703	0.9997041892860913	0.00009400347543547616
55434.56900115406	0.9997259358486092	0.00009402496420608557
55434.58943450086	0.9995099590605065	0.00009399702556732829
55434.609867747415	0.9997335436092616	0.00009400752795765258
55434.63030109375	0.999625430584789	0.00009398977489827429
55434.650734239614	0.9994445199520222	0.00009400159375557794
55434.67116748524	0.9995453462976512	0.0000939922886581132
55434.69160083041	0.9994974587859018	0.0000940093026328328
55434.71203397558	0.9993498135686872	0.00009399974546752597
55434.73246722004	0.9993897011385039	0.00009399378712232159
55434.75290056451	0.999448415225081	0.00009400111364398354
55434.773333708516	0.9996359573334579	0.00009400898717637027
55434.79376695228	0.999633133508679	0.00009399337261298481
55434.81420029559	0.9996003340459342	0.00009397907837882417
55434.83463343866	0.9997217981449716	0.00009401560606310462
55434.85506668149	0.9995584127235918	0.00009400143061550838
55434.8754999241	0.9995056281941969	0.0000939937154405216
55434.89593316624	0.9994797766429618	0.00009399366881988516
55434.91636640814	0.9996170526507291	0.00009400140218523697
55434.93679974959	0.9995110999720888	0.00009399784456996015
55434.957232890796	0.9995554944676207	0.00009398234392683796
55434.97766623177	0.9993813383568533	0.00009397614402649934