55268.684253158084	1.000109286076638	0.0000953357379725036
55268.70468746007	1.0001183096295507	0.0000953251424750784
55268.7251218624	1.0000823457294334	0.00009532550772334785
55268.74555606497	1.0000508990128327	0.00009531936176364721
55268.76599036777	1.0001316954330803	0.00009531923678476625
55268.7864247708	1.00007312261428	0.00009532059663349023
55268.806858974065	1.0000341331670497	0.00009531749000651454
55268.82729327768	0.9998163867887243	0.00009529651846206282
55268.84772768141	0.9999358044330907	0.00009531252415677369
55268.868161985374	1.0002138036869865	0.00009533293103113862
55268.88859618969	0.9998383229214869	0.00009530101382391489
55268.90903049411	0.9997585830768534	0.00009530698846196614
55268.929464898894	1.0000106238862418	0.0000953084535676828
55268.94989910391	0.9999683812642127	0.00009531224285118794
55268.97033340915	1.000070503290076	0.00009530238594361981
55268.990767714626	1.000071031145207	0.0000953093815157174
55269.031636326275	1.000117221456494	0.00009530329035693182
55269.05207063245	0.9999118688450428	0.00009529450835643488
55269.072504938864	1.0001546274038957	0.00009530458042987747
55269.0929391455	0.9999918849872842	0.0000953011571308711
55269.113373552376	0.9999122733728608	0.00009530105889245855
55269.15424216694	0.9999282409632563	0.00009529856944312473
55269.19511078255	0.9999247208760355	0.00009530236923910171
55269.542494053305	1.0000062391038411	0.0000953005189672944
55269.562928365536	1.000148976303775	0.00009530048712391121
55269.58336267788	1.000097103085612	0.00009529064168142141
55269.603796990574	1.000257017792019	0.00009530033930764804
55269.624231403504	1.0000853770926241	0.0000952905599187365
55269.64466561666	1.0000855154412822	0.00009530023758839403
55269.68553434379	0.9999181411375041	0.00009530112949999219
55269.70596855765	0.9997081886340595	0.00009528090486591342
55269.72640287175	1.0000547055605502	0.00009529610698947281
55269.746837186074	0.9999505594294112	0.0000952881308716879
55269.76727150063	0.9999694800109522	0.00009529275728488229
55269.787705815535	1.0001074322653367	0.00009530321754869034
55269.80814003056	1.0000618696073802	0.00009529128548328171
55269.82857444593	0.9999605809868335	0.00009528822207910577
55269.84900876142	0.999963153556453	0.00009529558773932149
55269.86944297726	0.9998710041604606	0.00009529159146658391
55269.88987739321	0.9999160551134993	0.00009529001823174812
55269.910311709515	0.9999974549573828	0.00009529345075690745
55269.930745925936	1.0001288064286207	0.00009529500209771641
55269.9511803427	1.0001005945070667	0.00009528676305265677
55269.99204887694	1.0000609203137054	0.00009529585966645818
55270.012483294406	0.9999662781961669	0.00009528575512039408
55270.03291761199	1.000004021663596	0.00009529343011424256
55270.05335182993	1.0002363063283615	0.00009530162421648844
55270.07378624809	0.9999526129301013	0.00009528398412271919
55270.09422056649	0.9999586970005353	0.00009528490939194108
55270.114654885125	1.0000354030475258	0.0000952936553543755
55270.135089203985	1.0001933852862868	0.00009529288098340268
55270.155523523084	0.999854464542709	0.00009527533899089393
55270.17595784253	1.000185655843875	0.00009529024421186703
55270.19639206209	1.0002373588807305	0.00009530127889266181
55270.21682648189	0.999944020697515	0.00009528763174146826
55270.23726080192	0.9999535731325944	0.00009528096123388387
55270.25769502218	0.9999496061692615	0.00009528952100600389
55270.278129442675	1.0001251697121782	0.00009529022924484223
55270.29856376352	0.9999401808725252	0.00009528629280383694
55270.318997984476	1.0000523404313364	0.00009529405743760461
55270.359866727216	0.9999321261782065	0.00009528378440354546
55270.38030094887	1.000006652295873	0.00009529166968948573
55270.400735370764	0.9998676256233996	0.00009527630557522047
55270.42116969301	0.9998436811639593	0.00009526804830143155
55270.44160401536	0.9998983411825996	0.00009527803536263816
55270.46203833807	1.0000578631833523	0.00009529436548515278
55270.48247266089	1.0000159976739498	0.00009528285191041684
55270.50290698406	0.9999185542061483	0.00009527615363878267
55270.52334130735	0.9998064680185041	0.00009527011715073023
55270.56420995474	0.9999115123581827	0.00009528286433540616
55270.584644278846	0.9999933615936715	0.00009527532749698713
55270.60507860307	0.9999846673159263	0.00009527579178944741
55270.645947152436	1.000136521393263	0.00009528074159895633
55270.66638157736	0.9999340048598134	0.0000952799223312242
55270.68681580262	1.0000525919963994	0.00009528738450919667
55270.707250128005	0.9998717976045819	0.00009527310575336663
55270.72768455374	0.9996802478791501	0.00009526524708689126
55270.7481187797	0.9998984320764348	0.00009527640951254155
55270.76855310579	0.9999404278791227	0.00009528407088488694
55270.788987532214	0.9999417791824136	0.0000952722407966025
55270.80942185888	1.0001797068874057	0.00009528882639706897
55270.829856085664	0.9998793595664575	0.00009527229759537025
55270.8502905128	0.9998145366433759	0.0000952701634342204
55270.870724840155	0.9998606297068767	0.00009527555867131118
55270.89115906775	0.9999572721117282	0.00009527449436341259
55270.91159349546	1.0000926822353722	0.00009528700732375794
55270.932027823525	1.0000196305775308	0.00009527199121000683
55270.95246205182	0.9999828200527417	0.00009526899227662568
55270.972896480234	0.999902190993443	0.00009527166176444575
55270.99333080899	1.00004300097735	0.00009527161706206441
55271.013765037984	1.0000021477318597	0.00009528122258576995
55271.034199367095	0.999829992823487	0.00009526942239404009
55271.05463379655	0.9999561792758604	0.00009526803667922229
55271.07506802624	0.9999563178702642	0.00009526521775355945
55271.09550235605	0.9999669448029118	0.00009527880748169143
55271.156805347106	0.9999820707609133	0.00009527457468534353
55271.17723977796	0.9981175274525956	0.00009519749570770782
55271.19767410893	0.9950632142756308	0.00009508842210718965
55271.218108340254	0.9941800498959653	0.00009503258214397015
55271.2385427718	0.9936891187483192	0.00009502742590846716
55271.258977103476	0.993144264331043	0.00009500599216765015
55271.2794113355	0.9930292054165645	0.00009499341377909195
55271.29984576763	0.992795336088415	0.00009498636028340289
55271.32028010012	0.992491620003801	0.00009498542905659634
55271.34071433284	0.9923013231209484	0.0000949728317072139
55271.36114876567	0.9921151115214912	0.00009496240734702872
55271.38158309885	0.9922348439684778	0.00009498224339081157
55271.402017332155	0.9922566464245115	0.00009497052634802495
55271.4224517658	0.9921852536106945	0.00009497969677132392
55271.44288609957	0.9923232797495662	0.00009497977327218604
55271.46332033357	0.9925361003127566	0.00009498385265509544
55271.48375466791	0.9928069286384911	0.00009498832987351412
55271.50418900238	0.9930465516593353	0.00009500093185952095
55271.52462333708	0.9932374278859181	0.00009499984474844551
55271.54505767212	0.9935184485079852	0.0000950291163165718
55271.565492107286	0.9942806133761409	0.00009504281557315494
55271.58592634268	0.9959417909486089	0.00009510948464411545
55271.62679511429	0.9998699934768339	0.00009529415873226525
55271.667663686705	1.0000771942375508	0.00009529340541661861
55271.68809812327	1.0001826857864426	0.00009530667496207423
55271.70853236006	1.0000267691088078	0.00009529104806851397
55271.72896669708	1.0000856690605122	0.00009530496322759794
55271.749401134344	0.999912430761758	0.00009530360669781802
55271.76983537184	0.9999815623207883	0.0000952950392050245
55271.810704147516	0.9997476708517938	0.00009530286150868605
55271.83113848571	0.9997756984378889	0.00009530642256369149
55271.851572724125	0.9999034976708412	0.00009529394706349204
55271.87200716278	0.9999276554401577	0.000095304729183151
55271.892441501666	1.0000772002041256	0.00009530178851769904
55271.91287574067	0.9998448180760146	0.00009529514491732651
55271.93331008003	1.0001180937531116	0.00009530301978906393
55271.95374451962	0.9999103648553078	0.00009529924861910478
55271.974178759316	0.9999657865539008	0.0000953034843494978
55272.01504753965	0.999876857088971	0.00009530070593017566
55272.035481780054	1.000002604322243	0.00009531207501773635
55272.05591612069	1.0000490210973694	0.0000953096876179165
55272.07635056168	0.9999348409170414	0.00009529247774429224
55272.09678480277	0.9997203342725854	0.00009528418914122404
55272.117219144224	0.9996670086763728	0.00009528024736797357
55272.137653585785	0.999901360262217	0.00009529355796116213
55272.158087927586	0.9999390056145943	0.00009529793305808053
55272.17852216962	1.000149330278553	0.00009530409303210031
55272.19895661189	1.0001809824098373	0.00009531786102426909
55272.21939085438	1.0000190693843185	0.00009528278009374816
55272.23982519711	0.9999684331713758	0.00009529592977663446
55272.44416863687	1.000140101810782	0.00009530852982101249
55272.464602982036	1.0002020097148316	0.00009529963567670085
55272.48503732756	1.0001999240223067	0.0000953104901091115
55272.505471673205	1.000143582627156	0.000095293941725385
55272.52590611907	1.000336831920948	0.00009531921044539151
55272.54634036518	1.000252924124531	0.00009531897024028094
55272.56677471152	1.000035029932252	0.00009530864710028398
55272.58720915809	1.0000517564797469	0.00009531039604024185
55272.607643404895	1.0002483092395964	0.00009531699327475751
55272.62807775193	0.9999784194043158	0.00009530755298932965
55272.6485121992	1.0001668606183893	0.00009531888298833062
55272.66894644659	1.0000032858880692	0.00009532158157755927
55272.68938079433	0.9998887187467933	0.00009529980051137012
55272.70981524229	0.9999599950232416	0.00009530576552084532
55272.73024949038	1.0000659573225696	0.00009530676903124882
55272.75068383869	1.0000054869052581	0.00009531254336202374
55272.77111818736	1.0001795189594287	0.00009530868271860652
55272.791552536146	0.9999910491793494	0.00009531039963399543
55272.811986885165	0.9999618167634207	0.00009531344104074249
55272.83242123441	0.9999397951308937	0.00009530967766954891
55272.852855683894	1.0001258903022172	0.00009532168708236239
55272.8732899336	0.999971138684102	0.00009530192233865677
55272.89372428355	0.9999440883122392	0.00009530079361295144
55272.914158733736	1.0002568732433128	0.00009531958230246269
55272.934592984035	1.000128828108485	0.00009530409685240638
55272.955027334676	1.0001014275822269	0.00009531208132015831
55272.97546168556	0.9999850548654119	0.00009529872172475152
55272.99589603655	1.0000025916696	0.00009530744264744141
55273.01633038778	1.0000758639168472	0.00009531346787079609
55273.03676473936	1.0000851957404784	0.00009531969341799765
55273.077633442976	1.0000040144471485	0.000095304768641887
55273.09806779514	0.999996856629155	0.00009530469002449682
55273.118502147525	1.0000640423926477	0.00009530083644774275
55273.13893650015	0.9999725446008475	0.00009530512780630281
55273.159370852896	1.0000409892014046	0.00009531127517329307
55273.17980520599	0.9998911459711234	0.00009529998116220777
55273.20023955919	0.9998960473094601	0.00009530647943897661
55273.22067381275	0.999953477034207	0.00009530453771946258
55273.26154262044	1.0000108781328048	0.00009531391625289764
55273.28197687458	1.0000278542375822	0.0000953015874444273
55273.30241132896	0.9999782813491574	0.00009530867561320877
55273.32284568356	1.0001677137341616	0.00009531110124809407
55273.343279938395	1.000062521727867	0.00009530648385317627
55273.363714393345	1.0000907912577368	0.0000952960182509295
55273.38414874865	0.9998466918346575	0.00009528387160924417
55273.42501745984	1.000010026721557	0.00009531316228912691
55273.44545181572	0.9997896003900925	0.0000953023459855005
55273.46588617196	0.9997686470466155	0.00009528808087394263
55273.4863205283	0.9998991883323911	0.00009531358514756738
55273.50675488489	0.9997420881986628	0.00009529518389524951
55273.52718924171	1.0000679700999562	0.00009531905042314778
55273.54762369875	0.9999245149591264	0.00009531168630710119
55273.56805795592	0.9999108956311074	0.00009530595508245398
55273.588492313436	0.9999510323860147	0.00009531844229535111
55273.60892677106	0.9999676804977968	0.0000953171932401645
55273.629361029045	0.9998154402115592	0.00009531148048752292
55273.649795387144	1.0000175431667508	0.00009532198248195917
55273.670229645475	0.9998735397707342	0.00009532480011530246
55273.69066410403	1.0000586122285364	0.00009531273852288718
55273.71109846283	1.0000469015544504	0.0000953177852326075
55273.731532821854	0.9999338828802052	0.00009532111370039401
55273.75196718112	0.9999448821123271	0.0000952822161184445
55273.7724015405	1.0000520798211183	0.00009531356274979404
55273.792835900225	0.9998990576986282	0.00009531056708657668
55273.81327026006	1.0000405405308552	0.00009529955735538668
55273.85413888045	1.0000149371387466	0.00009531039141994758
55273.87457334099	1.000112809055184	0.00009530331619694217
55273.895007701765	1.0001172317808482	0.00009531245574975603
55273.915441962774	1.0001796430171885	0.00009531510556265393
55273.93587642401	1.0000996002527163	0.00009532247817251795
55273.97674504696	1.0001201732985274	0.00009530537963458245
55273.99717950889	1.000126227507237	0.000095319134834226
55274.01761387095	1.0001786521223728	0.0000953159213972086
55274.03804813324	0.999923087090284	0.00009530516418940549
55274.058482595756	1.0000671887084354	0.00009530520660010623
55274.078916958395	0.9999098800816882	0.00009531879580433771
55274.099351321376	0.9996630313714924	0.00009531197139777387