55590.45133911553	0.9997381956341043	0.00009643904910286822
55590.47177252123	0.9995917718491878	0.0000964440411862714
55590.492206127165	0.9997099481563149	0.00009644499555609309
55590.51263963357	0.9997993885273043	0.00009646178958113207
55590.533073040206	0.9998475066538373	0.00009645949015264375
55590.5535066473	1.000020131470715	0.0000964781851610221
55590.57394015464	1.000031674092555	0.00009646609187149882
55590.59437356244	1.000177926198762	0.00009647141704515128
55590.6148071707	1.0001443225387412	0.00009650395492732863
55590.6352406792	0.9999904837152099	0.00009648465561780667
55590.655674088164	1.0000575039572717	0.00009648944394971506
55590.676107697356	0.9999606234228278	0.00009648892716174922
55590.69654120702	0.9998450125043631	0.00009647625354200689
55590.71697481691	1.0001935519298366	0.00009650046920559933
55590.73740822727	1.0001045741202972	0.00009648976077348637
55590.7578417381	0.9999396248449068	0.0000964908977590962
55590.77827534916	0.9998992834457792	0.0000964783204760815
55590.79870876068	0.9997735194823801	0.00009650386823036313
55590.81914227244	0.9998537921897215	0.0000964793269921856
55590.83957588466	0.9999388982868725	0.00009649263182332254
55590.86000939735	0.9999804019866009	0.00009649964332609003
55590.880442910275	0.9999097833906095	0.00009648347860352728
55590.900876423664	1.0000397824102083	0.00009649995180330047
55590.92130993728	0.9999499386626919	0.00009649067109005347
55590.94174345137	0.9999033753997749	0.00009646463608567131
55590.96217696568	1.0000991037561646	0.0000965010318902081
55590.98261048047	1.000134915736231	0.00009647244052029252
55591.023477511204	1.0001507989811498	0.00009649771908915422
55591.04391102715	1.0000728730544157	0.00009650858639855616
55591.06434454333	0.9999484411420434	0.00009649788752378626
55591.08477805997	0.999955253249729	0.00009651617637845315
55591.105211676855	0.99994369928127	0.00009650008576376141
55591.1256450942	0.999838166983939	0.00009649693705351548
55591.146078612015	1.0000857233755152	0.0000964907057963391
55591.186945648566	0.999900486450562	0.0000964804448090912
55591.2073791673	1.0000681362295782	0.00009651610138522228
55591.227812786514	1.0001238703998285	0.00009651427362207939
55591.248246205956	1.0000904037057132	0.00009651992129183956
55591.26867982609	1.0001228842655268	0.00009653406487863684
55591.28911334623	1.0000677202873063	0.00009648730853376261
55591.30954676684	1.0003354238321915	0.00009651185986400332
55591.329980387905	1.000230475842983	0.00009652795835472345
55591.350413909444	1.0004147790012925	0.00009650288708138389
55591.370847431215	1.0005289988621766	0.00009654380796523027
55591.39128095321	1.0002906995721996	0.00009651217369961171
55591.41171447568	1.0004623838967615	0.00009652769234862778
55591.43214799862	1.0000878839105092	0.00009650273859813463
55591.45258152178	1.0000616084959244	0.00009651334856835551
55591.47301504541	1.0001255586811801	0.00009651947951774268
55591.49344866928	0.9999866065343137	0.0000965562123719452
55591.513882093604	1.0000726188650502	0.00009654891686028763
55591.5343156184	1.0000406054388291	0.0000965498813597238
55591.554749243434	0.9999726505146664	0.00009654560401626512
55591.575182768924	1.000093959380151	0.00009655423784909265
55591.59561619465	1.000099797531366	0.0000965446003788094
55591.61604982085	1.0000040199920655	0.00009656087148157921
55591.6364833475	1.0001660403663584	0.00009653818278448838
55591.656916874395	0.9999896557322878	0.00009654933014676457
55591.677350401515	1.0000267932951001	0.00009655680927243832
55591.69778392911	0.9999615185352997	0.00009655960500800731
55591.718217457164	0.9998607946203019	0.00009656778776520791
55591.73865098569	0.9999049774994525	0.0000965507485833012
55591.7590844142	1.0003799125640775	0.00009654709366138752
55591.779518043426	1.000141368032967	0.0000965742037619692
55591.79995157287	1.0002527538972212	0.00009654187829039627
55591.82038500279	1.0002334518943736	0.00009655292908803404
55591.84081863295	1.0002190262381996	0.00009656421628155186
55591.861252163566	0.9999416950660682	0.00009656755430161956
55591.88168579441	1.0000723949191819	0.00009654313430126962
55591.90211922573	0.9998660231256861	0.00009656435811620273
55591.9225527575	0.9999505307370903	0.00009655509525222099
55591.94298638952	1.000034952780693	0.00009656929370192498
55591.963419822	0.9998722337816376	0.00009656330713185167
55591.983853354715	0.9999960158938257	0.00009657497042849204
55592.00428698789	0.9999595194884233	0.00009656743680759999
55592.0247204213	1.0000062775711793	0.00009656842196693771
55592.04515395517	0.9999153144528466	0.00009657654560261256
55592.06558758952	1.0000957114439277	0.00009657468927118229
55592.086021124094	1.0001958073323343	0.00009659208394429298
55592.10645465913	1.0003099768051789	0.0000965902383132912
55592.126888194405	1.0002289485474773	0.00009656905003978536
55592.147321730146	1.000167041425618	0.00009657555681805495
55592.16775526611	1.0002693828386167	0.00009657124541306343
55592.188188802786	1.0001147725112483	0.00009658514338122846
55592.20862233946	1.0000033903873862	0.00009655233043582003
55592.22905597659	0.9997822116611497	0.00009654790052997711
55592.24948941419	0.9998451879517102	0.00009657117724816148
55592.26992305226	0.999862290657809	0.0000965724197263243
55592.29035649056	0.9999795205735327	0.00009657385553902275
55592.31079002909	0.9999204525566671	0.00009658120016340399
55592.331223668094	0.9999134245299326	0.0000965518453102127
55592.35165710755	0.9999021199330715	0.00009656249877706006
55592.37209064725	0.9999744422274448	0.00009657208868741545
55592.39252428742	0.9999639317659792	0.00009658400999325978
55592.41295772781	0.9997688451737811	0.0000965794291531071
55592.4333912689	0.9998197862627078	0.00009659156537149343
55592.45382491	0.9999581812205738	0.00009656957958203249
55592.474258351554	0.9996986273700658	0.00009653869767086314
55592.49469199358	0.9998846170871475	0.00009659719332831345
55592.51512553584	1.0000262357657055	0.00009656927645225092
55592.53555897856	0.9999107528634238	0.0000965714368892686
55592.555992621754	0.9998067213834441	0.00009657456425315954
55592.57642616518	0.9998911172138838	0.00009657468862863357
55592.59685970883	0.9997155170208945	0.00009655674138738526
55592.617293253184	0.9997714507865787	0.00009657877286717133
55592.63772679754	0.9998678363764847	0.00009658769658446727
55592.65816044259	0.9997006659457004	0.00009658548929197109
55592.678593887875	0.9995948431746473	0.000096574331913224
55592.699027433395	0.9997831990987619	0.00009659550411944067
55592.719461079374	0.9996386516768927	0.00009657810406741997
55592.739894625825	0.9997496912891196	0.00009658451886750163
55592.76032807251	0.9998181400963904	0.00009658781775940246
55592.78076171965	0.9998174477427234	0.00009659496855066075
55592.801195267035	0.9998160025959836	0.00009659016059534542
55592.82162871488	0.9998405588517155	0.00009657868009347386
55592.86249591174	0.9996583890981486	0.00009661433127764433
55592.88292956074	0.9996775169084972	0.00009657714893560111
55592.90336300999	0.9997106125301148	0.00009659616183925973
55592.94423010964	0.9978130512265015	0.00009651466091286256
55592.964663660045	0.9948572997376167	0.00009638383420355835
55592.98509711092	0.9938024308163328	0.00009632426752277616
55593.00553076202	0.9932677228363979	0.0000963058003295256
55593.025964313594	0.9928132217738717	0.00009630909188437992
55593.0463979654	0.9926460969554837	0.00009626418028593001
55593.06683141767	0.9923929537748712	0.00009627798042708944
55593.0872649704	0.992405056159803	0.00009626261778932612
55593.107698623375	0.992434995343167	0.00009628794773106123
55593.1281320768	0.9922434705143527	0.00009627229472963533
55593.14856563047	0.9922995193434261	0.00009628407475781322
55593.16899928461	0.9922621892434667	0.00009624983166110131
55593.189432738975	0.9922862153955961	0.00009628242577898566
55593.2098662938	0.9924289805246772	0.00009627249960960507
55593.23029994887	0.9926339639567046	0.00009627717668607373
55593.250733504625	0.9926132878085032	0.0000962926102352818
55593.27116706039	0.9931596668861759	0.00009631129984280675
55593.29160061685	0.9932815891596058	0.00009630245867480361
55593.31203417331	0.9937521091707231	0.00009633895434103672
55593.33246773047	0.9944578620744967	0.00009635121814712858
55593.37333484572	0.9992544501359131	0.00009655944987257278
55593.39376850381	1.0001470588285684	0.00009657957011848283
55593.414201962136	1.0000839003989077	0.00009656542095165473
55593.43463562115	0.9999136223367233	0.00009658776574314712
55593.45506918041	1.000049008806399	0.00009658252499551469
55593.4755026399	1.0002070705419701	0.00009659556361808782
55593.49593629985	0.9999127106892033	0.00009659641590782194
55593.51636986027	0.9998781958168631	0.00009653966728088321
55593.53680332092	0.9999025060451954	0.00009658707290299778
55593.55723698204	0.9999545095926488	0.00009656318642831951
55593.57767054339	0.9998948451062346	0.00009657659028696094
55593.59810400521	0.9999853634539126	0.00009658020401367097
55593.618537667484	0.999924729803844	0.00009651952028347193
55593.63897113	1.0000889164858608	0.00009662050980716856
55593.65940479275	0.9999319899464096	0.00009659145333546033
55593.70027181987	1.0001474680833566	0.00009658752514914815
55593.74113904816	1.000058162415167	0.00009660746566147649
55593.761572513	1.0003425016918492	0.0000966100795875288
55593.78200617808	1.000150961384536	0.00009660920065793406
55593.802439743384	1.0000692542836325	0.00009661020239066381
55593.822873409394	1.0001367167786364	0.00009660279974418084
55593.843306875635	1.0000298585932403	0.00009660300599902513
55593.8637404421	0.9999583034833944	0.00009658431841507501
55593.884174109044	1.000370001815951	0.00009662998575102287
55593.90460757645	1.0003227351220385	0.00009661199653692523
55593.92504114408	1.0001837375894724	0.00009658680627338484
55593.945474812186	1.0002531321759525	0.00009659792078635554
55593.965908380516	1.000105425776775	0.00009658047904557488
55593.98634184932	1.0000880856721746	0.00009659379672954687
55594.006775518355	1.0000474221672357	0.0000966096831568638
55594.02720908786	0.9999900984382979	0.00009658864049132226
55594.04764275782	1.0000030207594277	0.00009636818341567026