55003.664427205294	0.9997928959968365	0.00032682102762737563
55003.68486144592	1.000142931430252	0.0003268497481783162
55003.70529588633	1.0003948688908213	0.0003269423222415795
55003.7257302265	0.9997800303902847	0.00032686454183849514
55003.74616446643	0.9998672125569028	0.00032686586269266017
55003.76659890637	1.0004287300602086	0.0003269388608901357
55003.78703324584	1.000617077360144	0.00032695025656391313
55003.80746748507	0.9993851870458855	0.00032687102690044716
55003.82790182431	1.0002835383267403	0.000326937069799202
55003.84833626332	1.0000793252998792	0.00032695816979594154
55003.868770502086	0.9999512261172555	0.0003269523596546206
55003.889204840394	0.9995415115424294	0.0003268855190709731
55003.9096392787	1.0002648556842362	0.0003269835096852295
55003.930073617004	0.9997270052316164	0.0003269254660312772
55003.95050785485	0.9995214651383038	0.00032690971257667216
55003.970942192456	0.9996311546247361	0.0003269538938806945
55003.99137662983	1.0001458976060376	0.0003270068749321186
55004.0118108672	0.999848204361844	0.0003270063630708879
55004.032245204115	1.0004851351461568	0.0003271104169008126
55004.05267964102	1.000082838002103	0.00032701306173320586
55004.0731138777	0.9993255356003146	0.0003269468091492145
55004.09354821391	1.0000413421810552	0.00032704394079061913
55004.113982550116	1.0000327373847047	0.0003270627482765963
55004.15485122184	1.0000004838570986	0.00032703455362143654
55004.17528555758	1.0004666083596876	0.00032708473321917586
55004.195719892865	0.9993947181837058	0.0003270438818260152
55004.216154227914	1.0002224359063894	0.0003270859629048983
55004.25702279754	1.0004355979432242	0.0003271019069384088
55004.27745723212	1.0002705015705338	0.00032712994094221304
55004.29789156623	1.0002575215742733	0.000327130289805666
55004.31832580035	1.0000016734503767	0.0003270941473190591
55004.33876023423	0.9994016704438601	0.00032704478671187064
55004.35919456788	1.0001274124131656	0.00032715225480979077
55004.3796289013	1.000566553673861	0.00032715778109377355
55004.40006313448	0.9999262096494881	0.000327133915451565
55004.42049756743	0.9999766334692503	0.0003271270219755346
55004.44093190038	0.9996422224172068	0.00032711078916609795
55004.46136613287	0.9994194087401057	0.00032709153334138294
55004.48180056512	1.000111430040454	0.00032719202885702736
55004.50223489737	0.9999428299239538	0.0003271483590210658
55004.522669129394	0.9998119916182935	0.0003271520899120275
55004.54310346095	1.0000986681281243	0.0003271569641697558
55004.5635378925	1.0003987868162074	0.0003272119618875194
55004.58397212382	1.0001017995217252	0.00032720375234181876
55004.604406454906	1.000060040213281	0.00032717419350869817
55004.624840885765	1.0003637041529048	0.00032723418989165365
55004.64527511639	1.0002633215121706	0.0003271915970074011
55004.66570944678	1.0005197426237553	0.00032723087148908876
55004.68614377693	1.0005838887903142	0.0003272402318525441
55004.70657820709	0.9998761264265484	0.000327191941256586
55004.72701243678	0.999774915092503	0.00032718143065793353
55004.74744676647	0.9998296909682294	0.0003272081123466601
55004.7678811957	0.9999847153160443	0.00032721435489417393
55004.78831542493	0.9993000265063973	0.0003271964487937554
55004.808749753916	0.9994313330495633	0.00032719493208211814
55004.829183982445	0.9998835708254818	0.0003272685171457005
55004.84961841097	1.0000475570943257	0.00032727671748333467
55004.870052739265	1.000278761565563	0.0003272952694935622
55004.89048706733	0.9999777606443367	0.00032730517454826507
55004.91092139539	1.000137928079566	0.00032731161068850237
55004.93135572298	1.0001000857146658	0.00032729844821494444
55004.97222427748	1.000614205055871	0.0003273569179147696
55004.99265870461	0.9996758441277276	0.0003272484819844355
55005.03352725794	1.0001314889232864	0.00032732887609212126
55005.053961684134	0.9998350630913881	0.00032731823957002235
55005.074396010335	1.0000508434108422	0.00032735444505620686
55005.094830236296	0.9995238887283731	0.000327306351470487
55005.11526456203	0.9999570630233744	0.00032732364345404566
55005.135698987535	0.9996982738582783	0.00032731737447320655
55005.1561333128	0.9996879313400691	0.00032732902271959304
55005.176567537834	0.999704282089818	0.00032733988313352486
55005.19700196264	1.000171405524606	0.00032738061598086213
55005.2174362872	1.0007920058352426	0.0003274185910412775
55005.23787051177	1.0002627970001368	0.00032739367662404676
55005.25830483588	0.9991852284368993	0.0003272920305549316
55005.278739259746	0.9991884769538779	0.0003273327485031533
55005.29917348362	0.999688263018776	0.0003273333943388262
55005.31960780726	0.9990842541229756	0.00032730032959129847
55005.340042230426	0.9993095402877337	0.00032735544645522195
55005.3604764536	0.9992597382684659	0.0003273323406599722
55005.38091077654	0.9990886233758587	0.00032732809324439164
55005.40134509925	0.9989168790137418	0.00032731040279372804
55005.421779421486	0.9994200657566269	0.00032736767432874536
55005.44221374373	0.9988007194921072	0.00032730744421509124
55005.462648065964	0.999284237268226	0.00032735588769580655
55005.48308248774	0.9995667210552883	0.0003273881289676278
55005.50351670929	0.9994315088550639	0.0003273814402541652
55005.5239510306	0.9992466368593046	0.0003273369367184014
55005.54438525167	1.0003603020363605	0.0003274656479525834
55005.56481967275	0.9995254508614538	0.0003273873138359793
55005.585253993355	0.9998324776819819	0.0003274188141840122
55005.626122634116	0.999901953288102	0.0003274429803647987
55005.64655695426	1.0001892757352209	0.00032746283267884844
55005.66699127417	0.9998928931384632	0.0003274544053717986
55005.68742549362	1.00023140540786	0.00032747664102898526
55005.72829423228	0.9999456279043171	0.000327458317288753
55005.74872845126	0.999891907122682	0.00032741738378354166
55005.76916287001	0.9999672232420305	0.0003274407069435178
55005.78959718852	1.0008251288544425	0.00032750147089028744
55005.81003140681	1.0001981032860459	0.00032742374220220413
55005.83046572509	0.9993531988979479	0.00032733498531179074
55005.850900142905	1.0004488052616856	0.0003274618309815522
55005.87133436049	0.9996407678233639	0.00032739923664905964
55005.89176867808	0.999574986802403	0.00032741325415362184
55005.91220309519	0.9997914574877064	0.0003274123632015951
55005.93263731231	1.0005968710621105	0.00032748963341095155
55005.95307162897	1.0001212796690029	0.0003274518457149828
55005.973505945614	1.0000843400013044	0.00032741765119734517
55005.99394036204	0.9996820765566713	0.00032740382368769345
55006.01437457799	0.999960745457636	0.00032743130868531986
55006.03480889394	1.0000666936851523	0.0003274359024043809
55006.05524330967	1.000261531214305	0.00032744525081549255
55006.07567752516	0.9992379808116659	0.000327370310296378
55006.09611184041	1.0001290222812185	0.00032741662707293803
55006.116546155434	0.9994731999029115	0.0003273766348809109
55006.136980470226	1.0000584603223277	0.00032740569081553196
55006.177849099106	1.0000237228296034	0.0003274209094731531
55006.19828341343	1.0002738074220079	0.000327410908658038
55006.218717727286	1.000406048721994	0.0003274328034467378
55006.25958625454	1.0003666969898384	0.0003274171754049962
55006.2800206677	1.000150375511967	0.00032742614318997183
55006.30045498086	1.000292116253863	0.0003274654990885073
55006.32088919356	1.0000496669089116	0.00032742309838213634
55006.34132360625	1.0003972018075606	0.00032743118984885944
55006.36175791871	0.9994979935259661	0.0003273628482471277
55006.38219213071	0.9994580152814472	0.0003273950234090793
55006.4026264427	0.9994821176099502	0.00032735441944189216
55006.42306085447	1.0000716986649008	0.0003274064697966614
55006.443495066	0.9997350869356647	0.0003273728587849818
55006.46392937729	1.000222584067866	0.0003274114489555469
55006.48436378836	0.9999177351190162	0.0003274099156442501
55006.504798099195	1.0001602542057355	0.0003274323291400623
55006.52523230979	0.9997546358082964	0.00032739550562009513
55006.54566662016	1.0001678541454284	0.00032743817052509057
55006.566101030294	0.9999731733253926	0.00032740895446789936
55006.58653524019	0.9997872546465696	0.0003273769143812538
55006.60696955009	0.9998440873007292	0.00032741632326010426
55006.62740395953	0.999549773615001	0.0003274062373335882
55006.64783816873	1.0001028051417051	0.0003274200736296133
55006.66827247793	1.0001017739342783	0.00032743794722506084
55006.68870678667	1.0005114611403747	0.0003274519685854304
55006.7091410954	1.0001374162904482	0.00032744481574660983
55006.729575403675	1.0005375866755237	0.000327452199450415
55006.75000971195	1.000147834631968	0.00032743861261639754
55006.77044411998	1.0000384465405336	0.0003274441784531743
55006.79087832779	0.9999950430388944	0.0003274566878640068
55006.831746842465	0.9997302649017559	0.00032741417321820247
55006.852181249575	1.0001100552645283	0.00032746298742264944
55006.87261555645	1.0004115806303022	0.00032749639082102554
55006.893049763086	0.9996373703059561	0.00032743914973932896
55006.9134841695	1.0003108096115583	0.0003274834665948524
55006.933918475675	0.9994061445920204	0.00032742463428832194
55006.95435278161	1.0006456789881895	0.000327549365003742
55006.974786987324	0.999295039373301	0.0003274407007233974
55006.995221392805	1.000588548809136	0.0003275589265695616
55007.015655698044	1.000035238419823	0.0003274876067890929
55007.03608990306	0.9993736364452789	0.0003274124839433011
55007.05652430807	1.000565382692421	0.00032755911146430306
55007.07695861261	1.0002519391302753	0.0003275358455871921
55007.097392816926	0.9994088423851708	0.0003274185709950314