55134.928667635286	0.9992692210613829	0.0003515405445753163
55134.94910023958	0.9994714104294062	0.0003515819186802952
55134.96953294365	0.9996563244415128	0.00035156010650064863
55134.98996544772	1.0000993267447291	0.0003516337124977039
55135.010398051665	0.999486329564391	0.000351598287501527
55135.0308306555	1.0003309082017595	0.0003517040482436147
55135.05126325922	1.0001003816908833	0.0003516112872735026
55135.07169586282	0.9994494564361175	0.0003515958187622
55135.09212846642	0.9998214746349484	0.00035164248359019067
55135.11256116979	1.000019055351498	0.00035165279136678405
55135.132993673156	0.9991790757916459	0.0003515392832008476
55135.15342627641	0.9997490537264025	0.00035165442026241294
55135.17385897966	1.0006417715305544	0.000351717554254573
55135.19429148268	0.9997419567117536	0.0003516371586972166
55135.2147240857	0.9995696757457531	0.0003516359246811064
55135.235156588606	0.9995237715322371	0.00035162819169756455
55135.25558929139	1.000222336980802	0.0003516688902649781
55135.27602189406	0.999485518204023	0.0003516448633549585
55135.296454396615	1.0004556016002724	0.00035171787408837084
55135.316887099165	0.9995336645686921	0.0003516221237515296
55135.337319701604	1.0006973435274882	0.00035174525916354494
55135.35775220393	0.9999817506779669	0.00035162036983916393
55135.37818490613	1.0000566779224307	0.0003516447341381906
55135.43948261216	1.0001939715123396	0.0003516516578071517
55135.459915314015	1.0001259266008207	0.0003516217361726345
55135.480347815756	1.0006638407342383	0.00035171208560292905
55135.50078041749	1.0005497264818093	0.0003517248819082187
55135.521213119	1.0003134199469466	0.0003516298749505756
55135.541645620506	1.000004964910781	0.00035161816793477556
55135.56207822189	0.999640004922876	0.0003516419495926219
55135.582510823166	1.0000329996341406	0.0003516758704324821
55135.60294342444	1.0000469255569406	0.0003516277414543312
55135.623376025476	1.000209645605426	0.0003516849256886972
55135.64380862652	0.9998905894431557	0.0003516577990530431
55135.664241227445	1.0004050835727947	0.0003516377822790116
55135.68467382825	1.0002676972816138	0.000351651558643118
55135.70510642906	0.9996059707533009	0.00035155222946451714
55135.725539129635	1.0002222150974296	0.00035159206865640003
55135.745971630204	1.0005399535768138	0.0003516297727205776
55135.766404230664	0.9998617545424004	0.00035157633104511573
55135.78683673101	0.999929875459515	0.00035158820546623496
55135.807269431345	1.000310306790842	0.00035160524271313275
55135.82770203157	1.0003005354421648	0.000351587509980258
55135.848134631684	1.0002397057862096	0.00035162555204332424
55135.86856723167	0.9996715811020688	0.0003515142613924501
55135.88899983155	1.0001765288290558	0.00035155939051101696
55135.90943243143	1.000212385477056	0.0003515971562516632
55135.92986503118	1.0007295420233662	0.0003515875971680594
55135.95029763083	1.0002721538395458	0.00035152278142470457
55135.97073023036	1.0000183672947356	0.00035152151293204
55135.99116272977	0.9998458378191198	0.0003515435209274081
55136.011595429176	1.0004315207810741	0.00035161822105521113
55136.03202802847	1.0000745473188166	0.00035154628257294784
55136.052460527644	1.0007533030093845	0.00035158868102593303
55136.072893226825	1.0002149963433502	0.0003515971147410427
55136.09332582577	1.0001107562016964	0.00035150057790007006
55136.11375832471	0.9999402228684543	0.0003515372389956108
55136.13419092354	0.9992911791653564	0.0003514742761926162
55136.15462362237	0.9995453784864862	0.0003514427729062625
55136.17505622096	1.0000049117405758	0.0003515141502750538
55136.19548871956	1.0006256923060923	0.000351578439120489
55136.21592141804	0.99989647593779	0.0003515245580789906
55136.2363540164	0.999977142290773	0.00035151510629298065
55136.256786514765	1.0007211773776032	0.00035155950380589315
55136.277219213014	0.9999928578932415	0.0003515831652821249
55136.29765171114	0.9998873332794236	0.00035147785512282194
55136.318084309154	0.9997593879315737	0.00035142436136901086
55136.33851690717	0.9996890369821713	0.00035147458451532606
55136.358949504945	1.0004628724337536	0.0003515697794827361
55136.37938210273	1.0008178626642392	0.00035156145443639505
55136.39981470051	0.9997639663893728	0.0003514901964865535
55136.420247298054	1.0002107290142945	0.0003515656823557301
55136.440679895604	0.9999670329920094	0.00035152249235132594
55136.46111249304	0.9995211555773476	0.0003515062333820831
55136.481544990354	0.9996339306779085	0.00035150379255537395
55136.52241028498	0.9997682272072302	0.000351511928435481
55136.54284278206	0.9991693077619221	0.0003514238132317177
55136.56327547903	0.9995914879558557	0.00035146286819221645
55136.58370807588	0.9991210966823352	0.0003514490631100863
55136.60414057273	0.9986805085787881	0.0003513678940645485
55136.62457326946	0.9993921519114454	0.0003514359846228409
55136.645005866194	0.9992224391676806	0.00035138304912453694
55136.66543836269	0.999035145450495	0.00035137559485427805
55136.68587095919	0.9995154050173696	0.00035140902449940365
55136.70630365558	0.9996173627973929	0.00035142438380763935
55136.726736251956	0.9989261295077911	0.00035133561140726573
55136.74716874811	0.9993059288160745	0.00035140718628969713
55136.76760144426	0.9996995896631914	0.00035143364688451883
55136.78803404029	1.0006157924038923	0.00035144619674581836
55136.80846653633	0.999750901552879	0.00035138248451082487
55136.82889923213	0.9998098031959521	0.0003513787312177855
55136.84933182793	1.0002138624318133	0.0003513329896996341
55136.86976432373	0.9999063434001265	0.0003513635655748043
55136.91062961487	0.9998047677757542	0.0003513818319604321
55136.93106211032	0.9996863110243143	0.00035134256918846094
55136.951494705776	1.0000411996905925	0.00035137191667777476
55136.97192740099	0.9995733347725152	0.0003513059751298548
55136.99235989621	0.9991965553217586	0.00035130247053664725
55137.01279249132	0.999295138310876	0.000351299575782804
55137.033225086416	0.99917619172376	0.00035130181131961294
55137.053657781405	1.0006601680090277	0.0003514449241640134
55137.07409027628	0.9999288252646529	0.0003512928440100196
55137.09452287103	0.9999492278764379	0.00035134236404141863
55137.11495556578	0.9995909712826475	0.0003513233146545028
55137.13538806042	1.0002861381312214	0.00035139336453840356
55137.15582065494	0.9999917090813154	0.0003513834875854579
55137.176253349346	0.9997435784146196	0.00035127705026079313
55137.19668584375	1.0004763074945204	0.00035133046680936353
55137.21711843804	1.000635647102238	0.0003513856800268931
55137.237551032325	0.9998708466123896	0.0003512700200306052
55137.25798362638	1.0004629937589877	0.0003513417084260525
55137.27841622043	1.0004191238194553	0.00035134433645784234
55137.298848814375	0.9999364223980466	0.0003513220566540964
55137.319281408316	0.9997411236166849	0.0003513049666740945
55137.36014659584	0.9998357233036508	0.0003513500696434946
55137.380579189434	0.9994879161608138	0.00035128778786718386
55137.40101178302	0.9999819974271582	0.00035132127548480937
55137.421444376494	0.9999272986906529	0.00035136351510436724
55137.44187686997	1.0000090590999953	0.0003513598097988216
55137.46230956321	1.0001237779707088	0.0003513503141770109
55137.48274205645	1.0002047609593154	0.0003513520099949436
55137.50317464969	0.9999573791660981	0.00035127587238365887
55137.52360734269	1.0002208352589388	0.0003513254088778335
55137.5440398357	0.9998125456514647	0.0003513502342103294
55137.564472428596	0.999557893398761	0.0003512877529683878
55137.58490512149	0.9998479386062868	0.00035132230272474127
55137.60533771426	1.0000088609352948	0.0003513467752689479
55137.62577020692	0.9997602067278186	0.0003513001372452491
55137.646202799464	0.9995065906989768	0.0003512993394780319
55137.666635492	1.0004319322595283	0.00035134763556809973
55137.68706798443	0.9996470457039985	0.00035125385352182466
55137.70750057686	0.99989351383122	0.0003513295480696304
55137.727933269045	1.000069759504346	0.0003513548502583256
55137.74836576124	0.9998869868224352	0.0003513051569752503
55137.76879835343	1.0003372381334474	0.0003513845426286374
55137.78923094539	1.0005098198640314	0.0003514223407142785
55137.80966353735	1.0001284594781745	0.0003513602887425555
55137.83009612931	1.000299439077458	0.00035135223314831774
55137.850528721036	1.000124156657238	0.00035134455840996347
55137.870961312765	0.9999184204759041	0.0003513690677223833
55137.89139390449	1.0002029546861184	0.0003513566891718002
55137.91182649598	0.9998045557132758	0.0003513022865011379
55137.93225918748	1.0002908831326067	0.00035134552391218553
55137.95269167898	0.9999547091111005	0.0003513226082033194
55137.97312427023	1.0002239575952858	0.00035132783938577765
55137.993556761496	1.0003102357246683	0.00035128183594887783
55138.01398945264	0.9993222589472092	0.0003511873935021145
55138.034422043784	1.0001501983569678	0.00035127780474532153
55138.054854634815	1.000178621576691	0.0003513376071135392
55138.075287225845	0.9995501458902621	0.0003512666888563952
55138.095719816636	1.0001895554168965	0.00035130704309939523
55138.116152407434	1.0000109278644098	0.0003513283941421801
55138.13658499811	0.9997819459771788	0.0003512547545335264
55138.15701758879	0.9999875429152754	0.0003512754702474358
55138.177450179355	0.9996633330645299	0.000351209274240086
55138.19788266992	0.9999955465069784	0.00035120689780422453
55138.218315360245	1.000023377314897	0.00035120655788192253
55138.23874795058	1.0000464687836583	0.0003512707969020666
55138.25918044091	1.0003688265341983	0.0003512466976852265
55138.279613131	1.0002110104188586	0.00035123050916105924
55138.30004572122	1.0000802651203988	0.0003512161740752874
55138.3204782112	0.9994701103686143	0.0003511811757542268
55138.34091080118	0.9999296831851769	0.0003512115883146815
55138.361343491044	1.0001441846361574	0.00035123999701029533