55922.008331484525	1.0000557556591974	0.00035537633378932075
55922.028764184	0.9995847278656398	0.00035534231168439924
55922.049196883636	1.0007408652024148	0.00035541767265183334
55922.06962968346	0.999727752390381	0.00035535610868062784
55922.09006228351	0.9998799532339256	0.00035534599779186066
55922.11049498367	1.0000988993035407	0.0003553756011307995
55922.13092778408	1.0005045796248768	0.00035540580361313355
55922.151360384654	0.9996545843345376	0.00035533102947397395
55922.17179308534	1.0004246704063895	0.00035539736205948637
55922.19222588627	0.9998868197530413	0.00035536596911941656
55922.21265858743	0.999804610903478	0.00035535109031445666
55922.2330911887	1.0007975417743613	0.00035541508931824885
55922.27395669189	0.9994005224461087	0.0003553286816310296
55922.29438939368	0.9992669300498379	0.00035532413638458273
55922.314822095774	1.0002727221385657	0.0003553726438819936
55922.33525479798	0.9992301132879188	0.0003553350888367316
55922.35568760036	1.0001154315914544	0.00035537799026929726
55922.3965529057	1.0003239072986918	0.00035538362466128604
55922.41698570866	1.0002774304923965	0.0003554041955471144
55922.45785101511	0.9997937466365486	0.00035537134189757996
55922.49871642231	1.0004068210730683	0.0003554464837092379
55922.51914922621	0.9997096246597617	0.0003553738946728213
55922.53958193027	1.000065153538118	0.0003553833252959916
55922.560014534516	0.9993364712530625	0.00035534692017941897
55922.58044733893	0.9998262174415633	0.0003553544030099304
55922.60088004352	1.0003609576266814	0.00035541829958334276
55922.62131264835	1.0002985705119747	0.0003554179702773884
55922.64174545335	0.9995631710702191	0.0003553657832849329
55922.66217805852	0.9994878561017503	0.0003553371797282904
55922.68261086387	0.9997587353252961	0.00035536855605037654
55922.70304356945	0.9998982475771986	0.0003553688148513166
55922.72347627515	0.9999140796570262	0.000355380000031403
55922.74390898108	1.0002853779308323	0.00035539252869025656
55922.76434168719	0.9993692139720286	0.0003553028385531359
55922.78477439346	1.0003427783690875	0.00035537300749706186
55922.80520709998	1.0008658165348858	0.0003554269925044034
55922.8256398066	0.9997647213050832	0.00035530598507562577
55922.846072513465	0.9998412982702896	0.0003553219799379216
55922.8665052205	0.9998590791866153	0.00035533105602986913
55922.88693792772	0.9991054726691074	0.00035529716724351924
55922.907370735156	1.0003809067284857	0.0003553496402388398
55922.92780344278	0.9998565545424922	0.0003553366136873709
55922.948236050564	1.0003399307025127	0.00035536250788413304
55922.968668858535	1.0002875036304195	0.0003553603485139563
55922.98910156668	0.9996937761208905	0.0003553003463260528
55923.00953417506	1.0002496779285133	0.0003553211088444713
55923.029966983544	1.0003008098239723	0.0003553716443001461
55923.05039969227	0.9994359287609589	0.0003553149571005724
55923.07083230122	1.0000608800520885	0.0003553336482968322
55923.0912651103	1.0000225598661403	0.00035532491170323555
55923.11169781961	0.9996069842157062	0.0003552993735321229
55923.132130629085	1.0000125202174268	0.00035532901992378147
55923.15256323874	1.0000350753227165	0.00035535175087903203
55923.17299594863	1.0003441323566888	0.00035537448831617123
55923.19342875869	1.0004899663271338	0.0003553854331933292
55923.21386136893	0.9996748322118691	0.0003553342075724987
55923.234294079346	1.000103253305004	0.0003553533498053885
55923.25472678993	0.9999878133420724	0.0003553444296682465
55923.27515950075	1.0005611071675589	0.00035538036509897474
55923.29559231175	0.999951610723012	0.00035532570043498424
55923.31602492291	0.9997654466748146	0.00035531210142130374
55923.336457634316	0.9997438762855362	0.000355313868280992
55923.35689044584	1.0005609692413897	0.0003553541270965175
55923.37732305764	1.00003202222205	0.00035534058346918784
55923.39775576957	1.0001826590338199	0.00035532117174205105
55923.41818858167	0.9997154791615992	0.0003553116693371742
55923.45905390657	1.0000870810706626	0.00035533977114551136
55923.479486719254	1.0005851641862398	0.00035536671478471425
55923.5203521452	1.0005268739162128	0.00035536046110970954
55923.540784858524	1.0003450343443752	0.0003553489114610788
55923.56121757196	0.9999748990870052	0.0003552887757921661
55923.58165038563	0.9994731060769808	0.0003552778868068918
55923.60208299948	1.0004305335860533	0.00035535013675566283
55923.642948527755	0.9995850007583411	0.0003552566824621435
55923.663381142185	0.9995472745941791	0.00035530453156036053
55923.683813956784	0.9985446141225791	0.0003552107153349412
55923.70424667162	0.998605549902581	0.0003552157117162985
55923.724679286635	0.9991075920154382	0.0003552416197052793
55923.74511210182	0.9985442060821136	0.0003552208881635574
55923.76554481718	0.9991273625408086	0.000355261568621978
55923.78597743277	0.9990537967614085	0.00035520495879565373
55923.80641024854	0.9989580768884787	0.00035524429673991286
55923.82684296454	0.999535912879992	0.00035527411225764067
55923.84727558066	1.0003023790577668	0.00035530331855197447
55923.867708397	0.9995011581163671	0.0003552876420512283
55923.88814111353	0.9993554483839848	0.00035528204534418127
55923.90857383028	1.0000151582424093	0.0003553157299483402
55923.929006547216	1.0003272563510368	0.0003553529002062553
55923.949439264325	0.9996629839610762	0.00035530667752514574
55923.969871981666	0.9996684451308593	0.0003553088374614349
55923.990304699175	0.9997973274648044	0.0003553171505557767
55924.010737416866	1.0000162261759706	0.0003553132705620326
55924.03117013478	0.9999740109994872	0.00035533584679281184
55924.05160285282	0.9997932848470968	0.0003552856127685262
55924.07203567115	1.0000423283915427	0.0003553097729833194
55924.092468389594	1.0003218282811823	0.00035531830672782335
55924.11290100827	1.0000993434407732	0.0003553092654587313
55924.13333382719	0.9996799567269602	0.000355269419350922
55924.15376654621	1.0004012258681785	0.0003553593437426173
55924.17419916547	0.9998992681736386	0.000355319801733165
55924.19463198491	0.9993882181880218	0.0003552911827542467
55924.21506470457	1.0003021506385912	0.00035533413776298907
55924.235497324415	0.9999761411240017	0.00035529320296352084
55924.255930144434	1.0001374128909444	0.00035532751521870587
55924.27636286468	1.000147073588164	0.00035532530127596704
55924.296795685106	0.9995317257810465	0.0003552830915297088
55924.31722830571	1.0003329548215598	0.0003553062965693344
55924.33766102653	1.0013530121362495	0.00035541286157834924
55924.35809384754	1.000521726209764	0.0003553343991851067
55924.37852646878	1.0003031255176822	0.0003553257419961493
55924.39895919019	0.9998302293041325	0.00035525808046331993
55924.41939201178	0.9996631126498571	0.0003552763073828855
55924.43982463355	1.000176803420924	0.00035532845387507123
55924.46025735554	0.9999295995602915	0.000355300898392318
55924.48069017777	1.000500160959448	0.0003553290409385307
55924.501122800175	0.9996348403295515	0.0003552684271118624
55924.52155562275	0.9998317939703308	0.0003552898895745109
55924.5419883455	0.9998038386374823	0.0003552753747639049
55924.56242106849	0.9993988404789157	0.00035526076627924447
55924.582853791646	0.9998255722377442	0.00035526758810863155
55924.60328651504	1.000352679969503	0.0003553145311533467
55924.62371923861	0.9996979492982361	0.0003552610144354552
55924.64415196235	1.0000612686779817	0.00035529836011564096
55924.68501741048	0.9993137139360438	0.00035526038167713026
55924.705450134854	0.9995224966996954	0.00035528106193612804
55924.72588285941	1.0002574820193317	0.0003553159500749408
55924.74631568414	0.9999696790618056	0.00035532185533716744
55924.766748309106	1.0003405052779144	0.00035537320628459756
55924.78718103425	1.0002076817631136	0.00035533778009904016
55924.80761385956	1.0004345835714596	0.0003553395704400573
55924.82804648516	0.9995790316775915	0.0003552752022997534
55924.84847921089	0.9999627955379099	0.000355285908927145
55924.868912036836	0.999628857049002	0.0003552545156625074
55924.889344662966	0.9999785244125959	0.0003552923722592287
55924.90977748933	1.0001159879061852	0.00035529174420522407
55924.93021021586	0.999683613173606	0.0003552392452361283
55924.950642842574	1.0006233792298647	0.00035534226461516016
55924.97107566952	0.9991630453083418	0.0003552281055963954
55924.99150839663	0.9995578755192092	0.0003552621190508762
55925.011941023986	1.0004727947583338	0.0003553131740563696
55925.032373851514	0.9998528547325282	0.00035527093908218477
55925.05280657927	0.9998195796958493	0.00035529756890434667
55925.073239407204	1.0000678532298932	0.0003553324465562005
55925.09367203537	0.9995463094371322	0.00035527091389646104
55925.11410476371	0.999806570379316	0.00035527550758844746
55925.134537592225	1.0003490996652804	0.0003553073209106315
55925.154970220974	0.9993101631122209	0.0003551949315527846
55925.17540294989	1.0001379117172604	0.00035528600128693314
55925.19583577905	0.999885827418696	0.0003552406561313843
55925.21626840838	1.0004269048646062	0.00035528051622480436
55925.23670113788	0.9996693314567197	0.00035522688133586154
55925.25713386768	1.0001639429114109	0.000355224355877294
55925.27756659759	0.9996918852476006	0.0003552101451640187
55925.297999427734	1.000157343800567	0.0003552487818777644
55925.318432158056	1.0002506139492202	0.0003552036461420861
55925.33886478861	1.0003583559372775	0.0003552462206824252
55925.35929761933	1.0002475483734052	0.00035523830709586823
55925.379730350294	1.0002393668120295	0.0003552040482980307
55925.40016298149	1.0000970963874802	0.0003551883102061042
55925.42059581279	1.0000638260741896	0.0003552309167590901
55925.44102854434	0.9998376523401469	0.00035518904316338406