55134.928667635286	0.9994800519003864	0.00035161471436499303
55134.94910023958	0.9996678157607065	0.0003516510077632815
55134.96953294365	0.9998379567633889	0.0003516239831319083
55134.98996544772	1.0002659746372107	0.0003516923056949455
55135.010398051665	0.9996376627173902	0.0003516515233246322
55135.0308306555	1.0004670808801444	0.00035175192488309006
55135.05126325922	1.0002212701133717	0.0003516537887409811
55135.07169586282	0.9995551497139843	0.00035163300054696147
55135.09212846642	0.9999123050104921	0.00035167442911211824
55135.11256116979	1.000095309338776	0.00035167960578330506
55135.132993673156	0.9992410820951916	0.00035156109876127164
55135.15342627641	0.9997973855435239	0.0003516714206257208
55135.17385897966	1.0006769849594692	0.000351729931492309
55135.19429148268	0.9997646210810921	0.0003516451303886959
55135.2147240857	0.9995805181452049	0.0003516397388996142
55135.235156588606	0.99952355067832	0.0003516281140021003
55135.25558929139	1.0002118498817407	0.00035166520309828263
55135.27602189406	0.9994656246541128	0.0003516378642894269
55135.296454396615	1.0004271417349717	0.0003517078688034742
55135.316887099165	0.9994975886902318	0.00035160943275626844
55135.337319701604	1.0006544842668847	0.000351730194127322
55135.35775220393	0.9999330963598546	0.0003516032616776227
55135.37818490613	1.0000030965189035	0.00035162589358763574
55135.43948261216	1.0001308015831378	0.00035162944830483515
55135.459915314015	1.0000611764512133	0.0003515989714792925
55135.480347815756	1.00059819347046	0.0003516890119840795
55135.50078041749	1.000483886996622	0.00035170173724629976
55135.521213119	1.0002479916865539	0.00035160687562800193
55135.541645620506	0.9999404749106546	0.0003515954921916641
55135.56207822189	0.9995769013000348	0.00035161975172053506
55135.582510823166	0.999971598891059	0.0003516542779852565
55135.60294342444	0.9999875324360877	0.0003516068581653477
55135.623376025476	1.000152447371509	0.0003516648141483487
55135.64380862652	0.9998357235719898	0.0003516385029303463
55135.664241227445	1.0003525303953453	0.0003516193100790263
55135.68467382825	1.0002174347121204	0.00035163388846247347
55135.70510642906	0.9995578863379617	0.00035153531861773396
55135.725539129635	1.0001760343948574	0.00035157583549490424
55135.745971630204	1.0004954084236515	0.000351614117771441
55135.766404230664	0.9998185404140151	0.00035156113587974606
55135.78683673101	0.9998875531375552	0.0003515733243934775
55135.807269431345	1.0002684069348866	0.0003515905150741962
55135.82770203157	1.0002585761909892	0.00035157276206388815
55135.848134631684	1.0001971580723448	0.00035161059476529434
55135.86856723167	0.999627912531907	0.00035149890622433624
55135.88899983155	1.0001311243176865	0.0003515434309459969
55135.90943243143	1.0001646934467379	0.0003515803914300321
55135.92986503118	1.0006789724933425	0.00035156983051003215
55135.95029763083	1.000218206931082	0.0003515038230169956
55135.97073023036	0.9999605120971151	0.0003515011759589766
55135.99116272977	0.9997835851548873	0.000351521633032351
55136.011595429176	1.000364380437654	0.0003515946234699452
55136.03202802847	1.0000021944604238	0.0003515208490905442
55136.052460527644	1.0006753357930058	0.00035156128926945574
55136.072893226825	1.0001312529107877	0.0003515676771207559
55136.09332582577	1.0000210237807785	0.0003514690403952353
55136.11375832471	0.9998444099663605	0.00035150355517902664
55136.13419092354	0.9991893229519954	0.0003514384509600782
55136.15462362237	0.999437464387733	0.00035140483002651165
55136.17505622096	0.9998910794507416	0.0003514741368109546
55136.19548871956	1.000506175480302	0.0003515364458562913
55136.21592141804	0.9997717863621431	0.00035148072209293497
55136.2363540164	0.9998476229192637	0.0003514695772366477
55136.256786514765	1.00058726718963	0.00035151246033334285
55136.277219213014	0.9998553665227088	0.00035153482528562464
55136.29765171114	0.9997468702636291	0.0003514284799203643
55136.318084309154	0.9996167225884528	0.0003513742132256666
55136.33851690717	0.9995449935778444	0.00035142394117143106
55136.358949504945	1.0003182198860125	0.0003515189475471269
55136.37938210273	1.0006736030318213	0.00035151077975513554
55136.39981470051	0.9996212843022806	0.0003514400332915263
55136.420247298054	1.0000704225608015	0.0003515163658140952
55136.440679895604	0.9998302327312668	0.0003514744023973335
55136.46111249304	0.9993889290005689	0.00035145973264951016
55136.481544990354	0.9995072430834937	0.0003514592450780026
55136.52241028498	0.9996556922287377	0.00035147236187772307
55136.54284278206	0.9990653910174616	0.0003513872640520009
55136.56327547903	0.9994970051145295	0.0003514296474107197
55136.58370807588	0.9990369985406542	0.000351419480897078
55136.60414057273	0.9986075840663546	0.0003513422368777513
55136.62457326946	0.9993310467797626	0.0003514144970195238
55136.645005866194	0.9991738572949841	0.00035136596499402584
55136.66543836269	0.9989996362177116	0.00035136310572629403
55136.68587095919	0.999493404983458	0.00035140128974072256
55136.70630365558	0.9996092422986166	0.00035142152897399507
55136.726736251956	0.9989321339168671	0.00035133772323783205
55136.74716874811	0.9993261975088956	0.0003514143138010114
55136.76760144426	0.9997341596523655	0.00035144579959268615
55136.78803404029	1.0006646131772676	0.0003514633440617564
55136.80846653633	0.9998136873954836	0.0003514045518531321
55136.82889923213	0.9998862907687128	0.000351405612436778
55136.84933182793	1.0003036661223434	0.0003513645339525835
55136.86976432373	1.0000088783638308	0.0003513995959997346
55136.91062961487	0.9999308513747948	0.0003514261440976003
55136.93106211032	0.999823000784586	0.0003513906091896354
55136.951494705776	1.0001876845073057	0.0003514233852080999
55136.97192740099	0.9997285455732983	0.00035136052488605877
55136.99235989621	0.999359491367442	0.00035135975639805577
55137.01279249132	0.9994648170863258	0.00035135922590972813
55137.033225086416	0.9993514781763317	0.00035136344053856184
55137.053657781405	1.000840221726677	0.00035150816138196985
55137.07409027628	1.0001121035195322	0.0003513572329322858
55137.09452287103	1.0001347104074085	0.0003514075352212175
55137.11495556578	0.9997774343541421	0.00035138885028479586
55137.13538806042	1.0004726380704867	0.0003514588806328953
55137.15582065494	1.0001769443887245	0.0003514485767534482
55137.176253349346	0.9999264746323498	0.0003513413139832668
55137.19668584375	1.0006560007922765	0.0003513935684837462
55137.21711843804	1.000811040068485	0.0003514472714531981
55137.237551032325	1.0000408479827887	0.0003513297441289602
55137.25798362638	1.0006269686288813	0.0003513992929756927
55137.27841622043	1.000576170268849	0.00035139949072193175
55137.298848814375	1.0000857587000977	0.0003513745251266858
55137.319281408316	0.9998821633245095	0.000351354527454067
55137.36014659584	0.999958679137748	0.00035139327728237585
55137.380579189434	0.9996011799379577	0.00035132759643422603
55137.40101178302	1.0000853792011484	0.00035135759635537855
55137.421444376494	1.0000205419576746	0.00035139627976846184
55137.44187686997	1.0000920678526162	0.00035138897547413935
55137.46230956321	1.0001965287035053	0.00035137587200633933
55137.48274205645	1.000267306194104	0.00035137398089012074
55137.50317464969	1.0000098337124612	0.00035129429918555875
55137.52360734269	1.0002634313887677	0.00035134037067646956
55137.5440398357	0.999845528287021	0.0003513618248397708
55137.564472428596	0.9995816061809351	0.0003512960866627356
55137.58490512149	0.9998627802585688	0.0003513275177211968
55137.60533771426	1.0000152587631814	0.00035134902310522665
55137.62577020692	0.9997586317651436	0.0003512995838279395
55137.646202799464	0.9994975521730707	0.0003512961626823907
55137.666635492	1.0004159453559112	0.0003513420210324129
55137.68706798443	0.9996246851627552	0.00035124599652238433
55137.70750057686	0.9998653191079662	0.00035131964137532574
55137.727933269045	1.0000362930126268	0.0003513430924643569
55137.74836576124	0.999848820530499	0.00035129174744461683
55137.76879835343	1.0002948974970924	0.0003513696697991823
55137.78923094539	1.0004638500035108	0.0003514061941101516
55137.80966353735	1.0000794020152703	0.00035134305411217617
55137.83009612931	1.0002477579983333	0.0003513340803214216
55137.850528721036	1.0000703310045447	0.00035132564940746535
55137.870961312765	0.9998628810784019	0.0003513495513039209
55137.89139390449	1.0001460671570308	0.0003513367054137221
55137.91182649598	0.9997467142246096	0.0003512819626817405
55137.93225918748	1.0002323526204187	0.0003513249654588232
55137.95269167898	0.9998958137682016	0.0003513019160006729
55137.97312427023	1.000164897897139	0.0003513070947155593
55137.993556761496	1.0002512188705257	0.00035126111082967504
55138.01398945264	0.9992635059076943	0.00035116674618177027
55138.034422043784	1.0000917229986357	0.0003512572667345903
55138.054854634815	1.000120556520354	0.0003513172103188964
55138.075287225845	0.9994925819691867	0.00035124645946816804
55138.095719816636	1.0001324427851663	0.0003512869828321508
55138.116152407434	0.9999543099085235	0.0003513085028640282
55138.13658499811	0.999725798407289	0.0003512350281312257
55138.15701758879	0.9999317944245183	0.0003512558869261783
55138.177450179355	0.99960794986016	0.00035118981659432814
55138.19788266992	0.9999404160442151	0.00035118753551919316
55138.218315360245	0.9999684308796235	0.00035118726078463654
55138.23874795058	0.999991614965414	0.00035125152925296303
55138.25918044091	1.0003139542933652	0.0003512274310978679
55138.279613131	1.0001560513855263	0.00035121120994413476
55138.30004572122	1.0000251256517483	0.00035119680975634684
55138.3204782112	0.9994147296498049	0.0003511617167771711
55138.34091080118	0.9998739211411357	0.00035119200266142545
55138.361343491044	1.0000879818517923	0.0003512202591903733