55922.008331484525	1.0000410936136315	0.00035537112353582284
55922.028764184	0.9995698587539796	0.00035533702586483567
55922.049196883636	1.000725793005458	0.00035541231969249046
55922.06962968346	0.9997125376686906	0.0003553507005639864
55922.09006228351	0.9998646059211236	0.00035534054353091314
55922.11049498367	1.0000834454700775	0.00035537010975853563
55922.13092778408	1.0004890430789806	0.0003554002846193257
55922.151360384654	0.999639010945937	0.00035532549385368015
55922.17179308534	1.0004090608930287	0.00035539181683450784
55922.19222588627	0.9998712200495877	0.0003553604248881833
55922.21265858743	0.9997890390208566	0.0003553455557475949
55922.2330911887	1.0007820057224888	0.0003554095719712996
55922.27395669189	0.9993851829477358	0.0003553232277978453
55922.29438939368	0.9992517153819356	0.00035531872627986473
55922.314822095774	1.0002576380857013	0.0003553672848837642
55922.33525479798	0.9992152133036044	0.00035532979027018565
55922.35568760036	1.000100709054401	0.0003553727588075435
55922.3965529057	1.0003096277706869	0.00035537855159406865
55922.41698570866	1.0002634061152573	0.00035539921260705875
55922.45785101511	0.9997802983857099	0.00035536656178871974
55922.49871642231	1.0003940120787997	0.0003554419326487326
55922.51914922621	0.9996971761119151	0.00035536946949892863
55922.53958193027	1.0000530702438029	0.00035537903137444163
55922.560014534516	0.9993247837191427	0.00035534276429268575
55922.58044733893	0.9998149284025998	0.00035535039070296005
55922.60088004352	1.0003500835822972	0.0003554144361435162
55922.62131264835	1.0002881342528953	0.0003554142621505065
55922.64174545335	0.9995531948701617	0.00035536223653546246
55922.66217805852	0.9994783480970983	0.0003553337994495434
55922.68261086387	0.9997497069149377	0.0003553653468629605
55922.70304356945	0.9998897142329509	0.00035536578205829053
55922.72347627515	0.9999060560890666	0.0003553771483708056
55922.74390898108	1.0002778745497536	0.0003553898628054661
55922.76434168719	0.9993622526830723	0.00035530036362626036
55922.78477439346	1.0003363580588909	0.000355370726673935
55922.80520709998	1.0008599524096262	0.00035542491003903167
55922.8256398066	0.9997594335060214	0.0003553041058468288
55922.846072513465	0.9998365903958282	0.0003553203068611265
55922.8665052205	0.9998549614372332	0.00035532959265941334
55922.88693792772	0.9991019571024609	0.00035529591705432
55922.907370735156	1.0003779952968281	0.00035534860605657457
55922.92780344278	0.9998542611542106	0.000355335798645631
55922.948236050564	1.000338260678935	0.0003553619146220343
55922.968668858535	1.0002864652386183	0.00035535997961674316
55922.98910156668	0.9996933760379639	0.00035530020413290753
55923.00953417506	1.0002499216256682	0.0003553211954136002
55923.029966983544	1.0003017029590926	0.00035537196159959563
55923.05039969227	0.9994374747852	0.00035531550673614294
55923.07083230122	1.0000630853307166	0.0003553344318588294
55923.0912651103	1.0000254269633684	0.00035532593043132257
55923.11169781961	0.9996105147891201	0.000355300628435842
55923.132130629085	1.0000167196141228	0.00035533051207261175
55923.15256323874	1.000039944066732	0.00035535348093506026
55923.17299594863	1.0003496733208577	0.0003553764567560737
55923.19342875869	1.0004961795641663	0.00035538764020590167
55923.21386136893	0.9996817113389384	0.0003553366527567598
55923.234294079346	1.000110806053165	0.0003553560334226554
55923.25472678993	0.9999960346301368	0.0003553473510927672
55923.27515950075	1.0005700011625176	0.00035538352407762474
55923.29559231175	0.9999611644694059	0.00035532909529088807
55923.31602492291	0.9997756606384812	0.0003553157314176256
55923.336457634316	0.9997547483452391	0.0003553177322642389
55923.35689044584	1.0005725047442235	0.0003553582239868281
55923.37732305764	1.000044200902519	0.00035534491091003724
55923.39775576957	1.0001954833621283	0.00035532572766523187
55923.41818858167	0.9997289348186787	0.00035531645164982084
55923.45905390657	1.0001017956786162	0.00035534499937565423
55923.479486719254	1.0006005015483057	0.0003553721619851785
55923.5203521452	1.0005434142031244	0.00035536633577848355
55923.540784858524	1.000362158654476	0.00035535499446718666
55923.56121757196	0.9999925931636231	0.00035529506245678746
55923.58165038563	0.9994913557356514	0.0003552843739250823
55923.60208299948	1.0004493537035954	0.0003553568216089513
55923.642948527755	0.9996048713522763	0.00035526374455418635
55923.663381142185	0.9995676569726885	0.00035531177679190925
55923.683813956784	0.998565473464243	0.0003552181355959581
55923.70424667162	0.9986268926796428	0.00035522330359253506
55923.724679286635	0.9991294119847377	0.0003552493779900705
55923.74511210182	0.9985664633614292	0.00035522880594073583
55923.76554481718	0.9991500654344139	0.0003552696411319471
55923.78597743277	0.9990769126488926	0.0003552131774500324
55923.80641024854	0.9989815866167292	0.0003552526571476938
55923.82684296454	0.9995598132451058	0.0003552826073811165
55923.84727558066	1.0003266551560321	0.0003553119413229042
55923.867708397	0.9995257513301338	0.00035529638407704654
55923.88814111353	0.99938035330337	0.0003552908993217251
55923.90857383028	1.0000403732103804	0.0003553246890872856
55923.929006547216	1.0003527503321497	0.00035536195660261835
55923.949439264325	0.9996887087788474	0.0003553158208061103
55923.969871981666	0.9996943940031918	0.00035531806038300136
55923.990304699175	0.9998234791144403	0.0003553264445690489
55924.010737416866	1.0000425578570102	0.00035532262640593253
55924.03117013478	1.0000004900465935	0.0003553452559919733
55924.05160285282	0.9998198810932404	0.00035529506398584445
55924.07203567115	1.0000690261567147	0.0003553192585586926
55924.092468389594	1.000348600652289	0.00035532781638091676
55924.11290100827	1.0001261485722646	0.000355318788624248
55924.13333382719	0.9997067602722628	0.0003552789448794795
55924.15376654621	1.0004280287077751	0.00035536886456210767
55924.17419916547	0.9999260072024099	0.0003553293035967066
55924.19463198491	0.9994148622660186	0.0003553006549551518
55924.21506470457	1.0003287061162631	0.00035534357098049774
55924.235497324415	1.0000025427920143	0.0003553025835205221
55924.255930144434	1.0001636407793288	0.00035533683342867274
55924.27636286468	1.0001730902106645	0.00035533454428079335
55924.296795685106	0.9995574809271578	0.0003552922461845309
55924.31722830571	1.000358450227131	0.0003553153522323407
55924.33766102653	1.0013782174962282	0.00035542180778314275
55924.35809384754	1.0005465589124376	0.00035534321849732493
55924.37852646878	1.000327564596416	0.0003553344231984401
55924.39895919019	0.9998542316840009	0.0003552666089506058
55924.41939201178	0.9996866482234833	0.0003552846718324528
55924.43982463355	1.0001998497326514	0.0003553366414377958
55924.46025735554	0.9999521000358621	0.00035530889339435414
55924.48069017777	1.0005220943127142	0.00035533683059982686
55924.501122800175	0.9996561352067592	0.00035527599527298073
55924.52155562275	0.9998524327764379	0.00035529722356727545
55924.5419883455	0.9998237754236247	0.0003552824592027664
55924.56242106849	0.9994180262881681	0.0003552675863444883
55924.582853791646	0.9998439807050707	0.00035527412918136416
55924.60328651504	1.0003702693047989	0.00035532077869638743
55924.62371923861	0.999714655421606	0.0003552669512630138
55924.64415196235	1.0000770648965194	0.00035530397214234206
55924.68501741048	0.9993275338590957	0.0003552652947200213
55924.705450134854	0.9995352690483088	0.00035528560187754384
55924.72588285941	1.00026916646292	0.00035532010067541045
55924.74631568414	0.9999802165995059	0.00035532559966814547
55924.766748309106	1.000349855691575	0.000355376528040005
55924.78718103425	1.000215792492895	0.000355340661549331
55924.80761385956	1.0004414093503737	0.00035534199485579324
55924.82804648516	0.9995845174417953	0.00035527715207653494
55924.84847921089	0.9999668997207946	0.00035528736713974366
55924.868912036836	0.999631527188333	0.00035525546459375134
55924.889344662966	0.9999797124101252	0.00035529279435475385
55924.90977748933	1.0001156423989528	0.00035529162146359346
55924.93021021586	0.9996816840232932	0.0003552385597093356
55924.950642842574	1.0006198117146528	0.0003553409977159843
55924.97107566952	0.9991577971899173	0.00035522623975560533
55924.99150839663	0.9995508867888512	0.0003552596351215137
55925.011941023986	1.000464006980827	0.0003553100531188136
55925.032373851514	0.9998422279427281	0.00035526716313698063
55925.05280657927	0.9998070555786762	0.00035529311831298535
55925.073239407204	1.0000533741471198	0.0003553273020173683
55925.09367203537	0.9995298330431656	0.00035526505765599777
55925.11410476371	0.9997880298738708	0.00035526891932659955
55925.134537592225	1.0003284333312876	0.0003552999805733767
55925.154970220974	0.9992873495788342	0.0003551868227075743
55925.17540294989	1.0001128533145978	0.00035527709961489737
55925.19583577905	0.9998584940861603	0.00035523094511166785
55925.21626840838	1.000397218104071	0.0003552699735978952
55925.23670113788	0.9996372738461878	0.0003552154898440413
55925.25713386768	1.000129418136643	0.0003552120938466883
55925.27756659759	0.9996548695621572	0.00035519699276457064
55925.297999427734	1.000117745119572	0.00035523471670764425
55925.318432158056	1.0002083879274521	0.000355188651063168
55925.33886478861	1.000313443513279	0.0003552302714290476
55925.35929761933	1.0001999011501883	0.000355221385165951
55925.379730350294	1.0001889217988014	0.00035518613431312893
55925.40016298149	1.0000438021073088	0.00035516938253859457
55925.42059581279	1.0000076182874917	0.00035521095128980996
55925.44102854434	0.9997784835465111	0.00035516802364371757