55790.82896544239	0.9998939123918043	0.00033234359444099336
55790.84939907697	1.0002746995847356	0.00033238349072947063
55790.910700278604	1.000090388960917	0.0003323465171376522
55790.93113411201	1.0001082839663473	0.0003323714351644543
55790.95156784496	0.9998203483815746	0.00033232685540126477
55790.97200147744	1.0000298478660887	0.00033234461469660535
55790.99243530992	0.9990717332311155	0.00033226239699912785
55791.03330277349	0.9997246030882997	0.0003323058189927588
55791.0537365048	1.0001357956921495	0.00033236832301414114
55791.074170135886	0.9994162692944791	0.0003322713563047239
55791.0946039665	0.9999854640350916	0.0003324876558387128
55791.13547142681	0.9993931623247951	0.0003324143226440852
55791.1559050565	1.00017226028444	0.00033249603635451374
55791.17633888595	1.0002639320385363	0.00033249168058572214
55791.19677261494	0.9990854818032986	0.0003323918906586672
55791.21720634392	0.9997950290472565	0.0003324379964561
55791.23764007221	1.0004168213455553	0.0003325400555187338
55791.25807380027	1.0001028377261065	0.0003324856204534992
55791.27850762809	1.0004611179776022	0.00033246418514165356
55791.29894125545	1.000310479330843	0.0003325030577595165
55791.31937498258	0.9995514877688153	0.0003324300752594635
55791.33980880947	1.0008708505790405	0.00033247913131054994
55791.3602424359	0.9999059325404537	0.0003324376824564024
55791.380676162094	0.9997693501962676	0.00033244326857605715
55791.40110998805	1.0000643916481868	0.00033247920921327425
55791.42154361355	1.0000710077719017	0.00033244722090569265
55791.44197733858	0.9999680427448685	0.0003324613209940299
55791.46241116361	0.9999863160328132	0.00033249417131083457
55791.503278612276	0.9996683904551262	0.0003324090361439955
55791.52371233614	1.0013002650003653	0.00033258405289237524
55791.54414595977	0.9998503200743166	0.0003324574163079887
55791.56457978294	1.000000366743476	0.00033244529018492514
55791.58501350587	1.00042231301323	0.0003325077382994819
55791.605447228576	0.999047246506238	0.0003324023993411134
55791.625880950814	1.0003549207578775	0.0003324804475387283
55791.64631467258	0.9997767408408716	0.00033244841927894305
55791.66674839435	0.9999155848470731	0.00033247685652428456
55791.68718211566	1.0003060290475905	0.0003325141245364824
55791.707615836494	1.0002232146919772	0.00033249021926537507
55791.728049557336	1.0000681154470439	0.0003324838242496624
55791.74848327748	1.0007489842496844	0.00033254321459576166
55791.768916997615	0.999720075938446	0.0003324272418890782
55791.78935081729	0.9994795217251938	0.0003324103307490671
55791.809784436504	0.9998588461851167	0.00033250527792868346
55791.83021815571	1.0007010029850805	0.0003325692358446632
55791.850651974455	0.9993095051259155	0.00033238511817145546
55791.871085592735	0.9998255122035535	0.0003324360328443945
55791.891519310775	1.0006269157469634	0.00033252814690287876
55791.91195312859	1.000310534372691	0.0003325151021536611
55791.93238674594	1.0001139777957877	0.00033249032253076935
55791.95282046305	0.9998401648148127	0.0003324852359122694
55791.9732542797	0.9998365502631272	0.00033245881591019216
55791.993687896116	1.000043637445226	0.0003324676604470528
55792.014121612294	1.0002740469618436	0.00033252705584096596
55792.034555428014	1.00012795945878	0.00033252817538581716
55792.0549890435	1.000398618124177	0.0003325645304560799
55792.075422758746	0.9996336467326923	0.00033244197902448534
55792.095856573535	0.9999578669074195	0.00033252429730137086
55792.11629028809	0.9997558798108097	0.0003324810480676091
55792.13672400217	0.9996476232477062	0.000332476743437224
55792.15715771603	0.9997042646202232	0.0003324527817183517
55792.17759142965	1.0000008098801694	0.0003325008884142797
55792.218458855496	1.0001684904221964	0.0003324891270736748
55792.23889256819	0.9997871486789941	0.00033247535091273294
55792.25932638041	1.0001976011897211	0.0003325439066614869
55792.27975999217	1.0003046531347692	0.00033251433971612693
55792.30019370393	0.999657286595781	0.00033247502992565575
55792.320627514986	1.00023980171299	0.0003325440158677617
55792.34106112605	0.9997739617068602	0.00033249916863589164
55792.361494836645	0.99978569367474	0.00033246728343509346
55792.38192864677	0.9996823187874568	0.0003324707951138858
55792.42279606633	0.9993950640147106	0.0003324845370172996
55792.44322967576	0.99954770863253	0.0003324645229134502
55792.463663384726	0.9992637644415142	0.0003324601123685433
55792.48409719323	0.9990038167250278	0.0003324436113689128
55792.50453080172	0.9990670057230577	0.0003324539243724755
55792.524964509525	0.9987226373860785	0.0003324463687637003
55792.54539831732	0.9983449343059474	0.00033241559480547
55792.56583192466	0.9991100144596102	0.00033245397908396524
55792.58626563176	0.9992928725527568	0.00033241570348399346
55792.606699438395	1.0002444489680198	0.0003325530801182396
55792.6271331448	0.9991202957928202	0.00033243951259605986
55792.64756675074	0.9995686415998688	0.00033245595810195585
55792.66800055644	1.0000905033535827	0.00033252695314701377
55792.688434261916	0.9997268617327698	0.0003325104213746607
55792.708867966925	1.0001936547757662	0.0003325338877181432
55792.729301671694	1.0004310414451607	0.000332535684701409
55792.74973537624	1.0000400817934274	0.00033254605182018527
55792.770169080315	0.9999538507688528	0.00033254662997179405
55792.79060278415	1.0003876259525664	0.00033254419086865133
55792.81103648753	1.0002239700841058	0.0003325387720721109
55792.83147029068	0.9997654290933927	0.0003325278001733954
55792.85190389335	1.0000451852860655	0.00033253953702924114
55792.8723375958	1.0002751327679877	0.00033256263611488077
55792.892771398016	1.0002622646736925	0.0003325810853200426
55792.91320499976	0.9999102605660897	0.0003325259738150984
55792.93363870127	0.9996538154137103	0.0003324796880506437
55792.95407250256	1.0002405899226774	0.00033254725108728447
55792.97450610337	1.0000310229933083	0.00033255037264759413
55792.994939903954	0.9997627595146785	0.0003325059823867549
55793.015373604074	0.9996043559105999	0.0003324745268184186
55793.056241003374	0.9999772084094618	0.0003325395995836867
55793.076674702796	1.000158257989539	0.0003325517136369265
55793.09710840151	1.000375204712582	0.0003325610586150967
55793.11754210023	0.9998143549124943	0.00033252046682722986
55793.13797569849	0.9999878065464478	0.0003325449674608138
55793.158409396274	1.0001163347904765	0.0003325234139025146
55793.17884319383	1.0005199897672852	0.00033256785694996355
55793.19927689116	0.9998341298316694	0.00033254509919853676
55793.21971048824	1.0001640393222675	0.0003325552271336167
55793.24014428487	1.0004879329319152	0.0003325512073763998
55793.26057798103	0.9999153178025639	0.00033254781217026733
55793.281011776955	1.0006088692065118	0.00033260243141122124
55793.30144537265	0.9994408214997657	0.00033247809252972193
55793.32187906788	0.9999527849678188	0.00033251300233736
55793.34231286287	1.0004076352322753	0.000332559374268813
55793.362746457635	0.9997818685299664	0.00033251222425600377
55793.38318015193	1.0001563481139735	0.000332563684234222
55793.40361394599	0.9997193951020349	0.0003325094593357299
55793.42404753959	1.0000605394853128	0.0003325309819219714
55793.44448123296	0.9998711838742224	0.00033250246472934754
55793.46491502609	0.9994367037509716	0.00033245229484642495
55793.48534861876	1.000182980687382	0.00033255762764074025
55793.50578231119	0.9994813200147042	0.0003324814095881241
55793.52621610316	0.9998482137338244	0.00033250483684235465
55793.546649694894	1.00036774378181	0.0003325668211476421
55793.5670833864	0.9998035749728909	0.00033250923663716953
55793.58751717743	0.9999334747702855	0.00033252260187186954
55793.60795076824	0.9993418995163407	0.0003324865416668594
55793.62838455857	0.9996858490250212	0.0003325263396748168
55793.669251938554	0.9997949731950739	0.00033250032528188753
55793.68968562796	1.0001867262622257	0.0003325537321887055
55793.71011931713	0.9999110247592431	0.000332525498666451
55793.730553005844	0.9999004838228776	0.00033250951064243435
55793.750986694315	0.9999372104893927	0.0003325136939895851
55793.79185407034	1.0001782121260903	0.0003325305661470322
55793.812287757886	1.000556660936569	0.0003325451593674246
55793.83272144496	0.9992455486907655	0.0003324434168177679
55793.87358881842	1.000348465829805	0.00033254699967622334
55793.894022504566	0.9997301920881985	0.00033247811825409785
55793.914456290484	1.0004600162910449	0.00033257054198177795
55793.934889875934	1.000129272675012	0.0003325408236208514
55793.955323561146	1.00034033361242	0.0003325303143252731
55793.97575734613	1.0006216267951558	0.00033254772352727237
55793.996190930644	1.0004643822442927	0.0003325410455284358
55794.0166246147	1.0001224893187606	0.0003325290907663271
55794.03705839875	1.0004262936624757	0.00033251448620347256
55794.05749198234	0.9996502868282928	0.00033246542067725426
55794.07792566546	0.9995169690898472	0.00033247658970032775
55794.09835944858	1.0000499146466197	0.00033249432292244293
55794.118793131	1.0002667073294018	0.00033250619988310225
55794.13922671342	0.9996187242780498	0.00033247231629192825
55794.15966049538	0.9995249233061901	0.0003324549104454371
55794.18009417687	1.0002049004915745	0.0003325005343698863
55794.20052785836	0.9999917109239138	0.000332503551442684
55794.220961539155	0.9998439356932247	0.00033247683346639096
55794.24139521994	0.9995386743746272	0.00033247842764213447
55794.26182900027	0.9997337932541139	0.0003324453028453492