55528.458256690836	1.0002617410435082	0.0003509029742332441
55528.47868916891	0.9996182773625107	0.00035092819176914876
55528.499121747016	0.9999409164018787	0.00035088183967881865
55528.519554325154	0.9996309433387062	0.0003508776712710605
55528.53998690334	0.999932253523215	0.00035089197180295374
55528.56041958157	0.9997412506750523	0.0003509163247436005
55528.58085205988	1.0001819980610154	0.00035095441960242155
55528.601284638215	1.0003541783349859	0.000350873175702156
55528.642149795014	1.000054752907745	0.0003509146901639982
55528.662582373494	1.0000729404847046	0.00035092077596700935
55528.68301505201	1.0006191158482336	0.00035091969896889014
55528.703447630585	0.9998551218255655	0.0003509111636879166
55528.72388020921	1.0002821458893993	0.0003509125583561956
55528.74431278787	1.000427233019506	0.000351081220667908
55528.764745366585	0.9999864650672281	0.00035091884986638633
55528.785177945334	0.9999236560949112	0.0003508752136080596
55528.80561052417	1.0006081209178581	0.00035092314531745837
55528.826043103036	1.0003462074267904	0.00035098380316730385
55528.846475781924	0.9998673886598749	0.00035099575493077376
55528.866908260876	0.9994248155060244	0.00035085252245219524
55528.88734083988	1.0004495577786026	0.00035098950080211414
55528.90777351895	0.9996997135252678	0.00035088698275119836
55528.92820599805	1.0005174976503377	0.0003509538454669809
55528.9486386772	0.9995547809355233	0.0003509409071244719
55528.96907125638	1.0001330332944247	0.00035098172692169536
55528.989503735655	0.9993449197172616	0.0003508760952352302
55529.03036899431	1.0004686401930323	0.0003511011603522516
55529.0508014737	0.9999311565397409	0.00035087777143260164
55529.091666732646	1.0002267411216952	0.00035099133518856824
55529.11209921221	0.9995511831346686	0.0003508948330034346
55529.132531891795	0.9998783753165338	0.0003509214568321005
55529.152964371446	1.0008668882819618	0.000350979500089435
55529.173397051156	1.0003967076042088	0.00035090447224045223
55529.193829630916	0.9996059176148333	0.00035090505263647416
55529.21426221071	1.000299119802433	0.00035089297876367986
55529.23469479057	0.9997573057370672	0.000350881625490514
55529.255127370474	0.9999825313136086	0.00035089025532266196
55529.275559950416	1.0005144590241963	0.0003509072733496391
55529.295992530446	1.0001435054758978	0.00035092611462665354
55529.3164251105	1.000202121599182	0.00035099181886216356
55529.336857690614	0.9992702955202676	0.00035088805846928393
55529.35729037076	0.9996020321215238	0.0003508772095489885
55529.377722850986	0.9997139029101948	0.0003509193274948533
55529.39815553125	1.0010054601175524	0.00035099935117066054
55529.41858811157	1.000639332561976	0.00035101977812896013
55529.43902059194	0.9996019269847765	0.00035089766235939094
55529.45945327238	0.9999157943081955	0.00035083236167872455
55529.479885852845	0.999582381040357	0.000350925508568692
55529.52075101397	1.0002728862814323	0.00035091811539499085
55529.541183594585	0.9995472246943476	0.0003508656851265569
55529.561616075305	0.999579969745318	0.000350922180462993
55529.582048756034	1.0002004030443963	0.0003509036060896748
55529.60248133682	0.9995992665543997	0.00035088300664253355
55529.62291401766	0.999931297576415	0.0003509101357627951
55529.64334649859	1.0002632574012769	0.00035083262649773653
55529.66377907955	0.9997111949704865	0.00035090972559339125
55529.684211760534	0.9984965632551824	0.000350806654586262
55529.70464424161	0.9995144403758804	0.00035089751112286563
55529.725076822746	1.0003600117534406	0.0003509667987189493
55529.745509503904	1.0000889300260687	0.000351004060580658
55529.765941985155	1.000413325813493	0.0003510126980712355
55529.80680714777	0.999318559669805	0.0003509012275489309
55529.827239729166	0.9994909687305507	0.0003508770245053859
55529.847672410586	0.9997249946901567	0.00035094470555712516
55529.8681049921	1.0001401954421754	0.0003509197746398997
55529.88853747367	1.0000929485062218	0.00035097459931419294
55529.90897015527	0.9995803694111501	0.00035096547971771473
55529.929402736954	1.0007284867857635	0.0003510331612442156
55529.9498352187	0.99991654299199	0.00035098809493535384
55529.97026790044	1.0003488265386369	0.000350993475116818
55529.9907004823	1.0004011757195617	0.00035099204500980177
55530.0111331642	0.9996350627436763	0.00035093608918360043
55530.05199822815	0.9992362277722013	0.0003509444784575264
55530.072430910215	0.9991512880229932	0.00035088238943998575
55530.09286339233	0.9988239862050113	0.0003508905224861827
55530.113295974515	0.9994884729833781	0.00035094807206790407
55530.13372865673	0.9992691997058026	0.00035089846487270325
55530.15416113903	0.9994056507101857	0.00035094336678028983
55530.17459372138	0.9989246274534364	0.0003509406682033186
55530.195026403766	0.9992703627728384	0.00035101165877274494
55530.21545888623	0.9988808640670209	0.00035090531968214934
55530.235891568766	0.9986346351692683	0.0003509125808197821
55530.256324151356	0.9991337319998439	0.00035094761694943707
55530.276756633975	0.9993649533490327	0.0003510601479026942
55530.297189316676	1.0000532312596002	0.0003510440808288988
55530.31762189941	1.0005374138394167	0.0003511640640632481
55530.33805448223	0.999521207805702	0.00035104909775733644
55530.35848706511	1.000125673114204	0.00035117061637368163
55530.37891964805	1.0005096104490998	0.00035110453382832625
55530.41978481407	0.9996945716823932	0.00035110174590745395
55530.440217397154	0.999954119267723	0.0003511103983291664
55530.46064998032	1.0003438959922133	0.00035118123179618847
55530.48108256355	0.9997626885609591	0.000351151089621845
55530.50151514684	1.0000416238485175	0.0003511501641656982
55530.52194783018	1.0000885692635473	0.0003511692234870896
55530.56281289705	1.000767231146825	0.0003511395250179829
55530.583245580536	1.0003359969483405	0.0003511325673323178
55530.603678064144	1.000497245282671	0.0003511805986829131
55530.62411064778	0.9995895572173136	0.00035117194018804466
55530.64454333147	1.000105099801958	0.0003512012047652274
55530.66497581523	0.9998438030800567	0.00035116229135970115
55530.685408499034	1.0002552784022951	0.00035117722129463636
55530.705841082934	0.9998876779184718	0.00035114346076316574
55530.72627356689	0.9997743398136877	0.00035119337354159384
55530.74670625088	1.000347037739205	0.00035116421823111786
55530.76713883495	0.9998048095698556	0.00035118110855871513
55530.78757131908	1.0000477148928635	0.00035123012070625354
55530.808004003266	0.9998593510292433	0.00035118626294819834
55530.828436587515	0.9996505186125952	0.000351158145288877
55530.84886917182	1.0001163393387367	0.0003511791581421928
55530.86930175619	1.0003483636838078	0.0003512256769011971
55530.889734340635	0.9999380929842615	0.0003512094004281885
55530.91016702515	0.9995941264993574	0.0003511848429597374
55530.93059950971	0.9997568907735127	0.0003512054883960808
55530.95103209431	0.9996248844250388	0.0003511901703787708
55530.971464778995	0.999839396350261	0.000351215046464885
55530.99189736376	0.9996662370186934	0.00035115128205513057
55531.01232984856	0.9996338327655452	0.00035112242888502297
55531.032762433424	1.0002017844142885	0.000351231945802666
55531.053195018365	0.99999828271528	0.00035117642615826273
55531.07362760337	0.9996646909914356	0.0003511542467526084
55531.09406028844	1.0000711319707232	0.00035117357345924307
55531.11449277356	0.9996789449760181	0.00035115132191726814
55531.13492545873	1.0000196573672486	0.00035122588467093464
55531.17579052932	0.9997109567513774	0.0003512062680880204
55531.196223214676	1.0007379430839027	0.0003512333788024486
55531.21665580012	1.0000275547102164	0.00035121294342036006
55531.23708828565	1.000307512693368	0.00035122027751696103
55531.25752097123	1.0000929092700126	0.00035117894822012845
55531.27795355685	0.9995179418078164	0.0003511349881583874
55531.29838604256	0.999859234173691	0.00035113455273493775
55531.31881872831	0.999794324684452	0.0003511909972350966
55531.33925131416	1.0001265371340262	0.00035119454752325583
55531.35968400005	0.9999475361506875	0.0003511542197352899
55531.40054907204	1.0000893608430341	0.0003511775367261068
55531.42098175813	1.0005746592746376	0.0003512073649661194
55531.4414142443	1.0002205194249565	0.0003511820066347403
55531.46184683053	0.9996698340652185	0.00035114948412750136
55531.50271200315	0.9995651667707173	0.0003511653344250982
55531.523144589584	1.0008903441711352	0.0003512606130990764
55531.54357727607	0.999172996004007	0.00035115134620091696
55531.56400986262	1.0000511732625486	0.00035125120181037957
55531.58444244924	0.9997324899136913	0.0003512122789552092
55531.60487503591	0.9997194724941654	0.00035121472660024766
55531.62530762268	1.0001512256516571	0.00035120827307385014
55531.6457403095	0.9999044714403313	0.0003512122991524563
55531.666172796395	1.0004724468032038	0.00035124059993177966
55531.68660538335	1.000517126018617	0.00035126866294246304
55531.707037970365	1.001076346631512	0.0003512901384002733
55531.72747055746	1.0003264381914385	0.0003512560802858236
55531.74790304462	0.9995372469419406	0.00035117554818969347
55531.76833573184	0.9998278089782425	0.0003512043680535273
55531.78876831914	1.00056221013109	0.00035121267542353557
55531.80920100649	0.9999794393775009	0.0003512084633598291
55531.82963349392	1.0003677372143644	0.0003512451179602068
55531.850066081424	0.9996106143370177	0.000351233647936962
55531.87049876898	0.9996019931500826	0.00035120941332119433