55134.928667635286	0.9995570971443317	0.00035164181869928315
55134.94910023958	0.9997423930157802	0.0003516772416446663
55134.96953294365	0.999910072247099	0.00035164934477521873
55134.98996544772	1.0003356545897932	0.00035171680508191446
55135.010398051665	0.9997048437792578	0.00035167515621045215
55135.0308306555	1.0005318709245241	0.00035177470426609966
55135.05126325922	1.0002836091199179	0.0003516757056392648
55135.07169586282	0.9996150253728161	0.00035165406417469704
55135.09212846642	0.999969791665391	0.0003516946474717102
55135.11256116979	1.0001504085870372	0.00035169898121855265
55135.132993673156	0.9992937519522614	0.00035157962949740215
55135.15342627641	0.9998477152019446	0.000351689123715099
55135.17385897966	1.000725002040634	0.00035174680911108353
55135.19429148268	0.999810255043254	0.000351661181127276
55135.2147240857	0.9996238207159992	0.00035165497219439266
55135.235156588606	0.9995645444520842	0.00035164253543653744
55135.25558929139	1.0002505810495435	0.00035167882061740434
55135.27602189406	0.9995020554734886	0.00035165068159419814
55135.296454396615	1.0004613522199977	0.00035171989576303716
55135.316887099165	0.9995295328657455	0.0003516206702755575
55135.337319701604	1.000684247678523	0.00035174065597076346
55135.35775220393	0.9999606420762583	0.0003516129474893716
55135.37818490613	1.000028468180921	0.0003516348148933395
55135.43948261216	1.0001497756342586	0.00035163611926739035
55135.459915314015	1.000078060055473	0.0003516049073740482
55135.480347815756	1.000613018952292	0.0003516942228260456
55135.50078041749	1.0004966673575477	0.00035170622994748035
55135.521213119	1.0002587501012066	0.000351610657422711
55135.541645620506	0.9999492362258557	0.0003515985728139688
55135.56207822189	0.999583691323579	0.00035162214023750623
55135.582510823166	0.9999764481654734	0.0003516559833017823
55135.60294342444	0.9999904642456402	0.0003516078890225455
55135.623376025476	1.000153488188772	0.00035166518011136796
55135.64380862652	0.99983490000939	0.00035163821328644497
55135.664241227445	1.000349868679624	0.00035161837449820143
55135.68467382825	1.000212963598449	0.000351632316609163
55135.70510642906	0.9995516377442891	0.0003515331210447893
55135.725539129635	1.0001680289780868	0.0003515730214791782
55135.745971630204	1.0004856759564367	0.00035161069739305187
55135.766404230664	0.9998071205952367	0.00035155712038663513
55135.78683673101	0.9998744682935979	0.00035156872359404283
55135.807269431345	1.0002536824383377	0.0003515853394700384
55135.82770203157	1.0002422478052735	0.00035156702293222475
55135.848134631684	1.0001792577484088	0.00035160430206240595
55135.86856723167	0.9996084817059646	0.0003514920737679991
55135.88899983155	1.0001101739892888	0.00035153606696127
55135.90943243143	1.0001422647547458	0.00035157250724019665
55135.92986503118	1.0006550863357366	0.00035156143855555734
55135.95029763083	1.0001929193298882	0.0003514949362676513
55135.97073023036	0.9999338520955343	0.0003514918045670133
55135.99116272977	0.9997555847016419	0.000351511788136719
55136.011595429176	1.0003350516039438	0.00035158431536577153
55136.03202802847	0.9999715987753763	0.0003515100940929592
55136.052460527644	1.0006434756948677	0.0003515500960514589
55136.072893226825	1.0000982017824176	0.00035155605893724895
55136.09332582577	0.9999868031848166	0.0003514570131680686
55136.11375832471	0.9998090579141239	0.00035149112687326206
55136.13419092354	0.9991528929698086	0.00035142563767613476
55136.15462362237	0.9993999599518845	0.0003513916433686424
55136.17505622096	0.9998525283695295	0.00035146058562696
55136.19548871956	1.000466606990691	0.00035152254312730593
55136.21592141804	0.999731290743117	0.00035146648541451385
55136.2363540164	0.9998062050519402	0.0003514550178978198
55136.256786514765	1.0005449361785586	0.0003514975891888279
55136.277219213014	0.999812222177615	0.00035151965635187433
55136.29765171114	0.99970292421036	0.0003514130321153667
55136.318084309154	0.999572014007257	0.00035135849775974143
55136.33851690717	0.9994995582787415	0.00035140796685113364
55136.358949504945	1.0002720574700759	0.0003515027257453604
55136.37938210273	1.000626770754382	0.0003514943287861977
55136.39981470051	0.9995738874245945	0.00035142336982053635
55136.420247298054	1.000022429409907	0.0003514994966240803
55136.440679895604	0.9997817156059956	0.00035145734697427023
55136.46111249304	0.999339937539528	0.0003514425035955354
55136.481544990354	0.999457789722515	0.0003514418556683345
55136.52241028498	0.9996054390393393	0.0003514546931870858
55136.54284278206	0.999014831736701	0.00035136948154497114
55136.56327547903	0.9994461284741574	0.00035141175885307927
55136.58370807588	0.9989858904725929	0.000351401503213795
55136.60414057273	0.9985562839045563	0.0003513241878323745
55136.62457326946	0.9992795360810567	0.0003513963832960132
55136.645005866194	0.9991222223366992	0.0003513478072261733
55136.66543836269	0.9989479190332977	0.00035134491601943496
55136.68587095919	0.9994416122207698	0.00035138308047239007
55136.70630365558	0.9995574348985234	0.0003514033156212343
55136.726736251956	0.9988803944582383	0.0003513195257817898
55136.74716874811	0.9992745121072166	0.00035139613856452717
55136.76760144426	0.9996825693800424	0.0003514276635868963
55136.78803404029	1.0006131330980286	0.0003514452627180538
55136.80846653633	0.9997624510974463	0.0003513865438296599
55136.82889923213	0.9998352927973503	0.0003513876894254065
55136.84933182793	1.0002529311398323	0.0003513467128907511
55136.86976432373	0.9999584847212698	0.0003513818878513171
55136.91062961487	0.9998812412731473	0.00035140870860522966
55136.93106211032	0.9997738493600361	0.0003513733347830639
55136.951494705776	1.000139011123543	0.0003514062834525431
55136.97192740099	0.9996804327871982	0.0003513436153621158
55136.99235989621	0.9993119769366	0.0003513430510392833
55137.01279249132	0.9994179208996525	0.0003513427396787313
55137.033225086416	0.9993052531177508	0.00035134718820294537
55137.053657781405	1.0007946373393133	0.0003514921515495888
55137.07409027628	1.0000673040318546	0.0003513414940726402
55137.09452287103	1.0000907044179441	0.0003513920732678107
55137.11495556578	0.9997342810754137	0.00035137368332815387
55137.13538806042	1.0004303351543553	0.0003514440199210824
55137.15582065494	1.0001355768935765	0.0003514340407782139
55137.176253349346	0.9998860829897338	0.0003513271216869824
55137.19668584375	1.0006165887037588	0.000351379728408421
55137.21711843804	1.0007726738980305	0.00035143379869422307
55137.237551032325	1.0000036053539787	0.000351316660220161
55137.25798362638	1.0005908416459999	0.0003513866059338281
55137.27841622043	1.0005412253355799	0.0003513872181612622
55137.298848814375	1.0000520532914485	0.0003513626829202997
55137.319281408316	0.9998497296542792	0.00035134313039419794
55137.36014659584	0.9999289010165351	0.00035138281301837915
55137.380579189434	0.9995728049566248	0.00035131762354284634
55137.40101178302	1.000058426249453	0.00035134812703953874
55137.421444376494	0.9999950689952206	0.0003513873288480902
55137.44187686997	1.0000681139256231	0.0003513805591031519
55137.46230956321	1.000174135777605	0.000351368005218524
55137.48274205645	1.000246517702908	0.00035136667830723805
55137.50317464969	0.9999906985388267	0.00035128757717424935
55137.52360734269	1.0002459820580993	0.00035133424163674595
55137.5440398357	0.9998298184397875	0.000351356304146388
55137.564472428596	0.9995676743668147	0.00035129119042239844
55137.58490512149	0.9998506610025416	0.00035132325930872186
55137.60533771426	1.0000049964189615	0.00035134541749562735
55137.62577020692	0.9997502722544644	0.00035129664642632145
55137.646202799464	0.9994911363931019	0.00035129390771050135
55137.666635492	1.000411508811546	0.0003513404629360321
55137.68706798443	0.9996222773377671	0.0003512451504659595
55137.70750057686	0.9998649780005434	0.00035131952152144626
55137.727933269045	1.000038061011742	0.00035134371361609005
55137.74836576124	0.9998527383471478	0.0003512931239493728
55137.76879835343	1.0003010095006613	0.0003513718167387311
55137.78923094539	1.0004721970747894	0.0003514091259627617
55137.80966353735	1.000090020162317	0.00035134678442819394
55137.83009612931	1.0002606936058631	0.00035133862391548463
55137.850528721036	1.0000856204703135	0.00035133102061119344
55137.870961312765	0.9998805638073214	0.00035135576497480445
55137.89139390449	1.0001661926759582	0.0003513437752145711
55137.91182649598	0.9997693090518907	0.00035128990184789206
55137.93225918748	1.0002574774207547	0.00035133379037794035
55137.95269167898	0.9999234885429048	0.0003513116392150761
55137.97312427023	1.0001951794391521	0.000351317731082193
55137.993556761496	1.0002841426265117	0.0003512726727602002
55138.01398945264	0.999299074075654	0.00035117924574543514
55138.034422043784	1.0001300395824717	0.00035127072447871453
55138.054854634815	1.000161632900933	0.0003513316394188094
55138.075287225845	0.9995364290380816	0.0003512618684146527
55138.095719816636	1.0001791556059199	0.00035130339026496685
55138.116152407434	1.0000038908536915	0.0003513259218675215
55138.13658499811	0.999778282930842	0.0003512534675904614
55138.15701758879	0.9999872442625422	0.0003512753653367496
55138.177450179355	0.9996663741201732	0.00035121034264672856
55138.19788266992	1.0000018918047535	0.0003512091263264965
55138.218315360245	1.0000329791118858	0.000351209930017161
55138.23874795058	1.0000592739218035	0.00035127529476413716
55138.25918044091	1.000384783561703	0.000351252300471986
55138.279613131	1.0002300556449104	0.0003512371970142958
55138.30004572122	1.000102343944567	0.00035122392789307873
55138.3204782112	0.9994951603567772	0.0003511899775024777
55138.34091080118	0.999957687539693	0.0003512214244601574
55138.361343491044	1.0001751031767603	0.00035125085527280955