55397.25708743724	0.9999272515609144	0.00033151277894133115
55397.27752139568	1.0001086165891875	0.0003315154362388168
55397.31838961164	0.9997994992145669	0.0003314642838501257
55397.33882376938	1.0014727945803679	0.0003315819083732155
55397.35925772666	1.0003271620684813	0.00033151678590306763
55397.37969178371	1.0003630211780856	0.0003315054872469644
55397.40012594052	1.0000621466158155	0.0003314805207627245
55397.42055989687	1.0003879468569	0.00033153134840509235
55397.44099395322	0.9999999075041786	0.0003314969846886433
55397.4614281091	1.0004226232193743	0.00033152513424566883
55397.48186206475	1.0001487151795734	0.0003314993414711111
55397.502296119936	0.9998381925384602	0.0003315089415196442
55397.522730275115	0.999742359049659	0.00033148941655738117
55397.543164229835	1.0004171827222204	0.0003315663886261666
55397.56359828432	1.0000562871353316	0.00033148888183438666
55397.58403233857	0.9998062644556424	0.00033148015549816707
55397.62490044615	1.0001061916633986	0.00033148172128794556
55397.645334499466	1.0004100540838579	0.00033150706760735183
55397.66576855256	1.0004248793197936	0.0003315111436898701
55397.7066367578	0.999959380363534	0.00033143487114663
55397.72707070996	1.000216716642039	0.00033151223482686553
55397.74750486189	0.9999870745967241	0.00033147893396015543
55397.767938913574	0.9999030323808091	0.000331437710376732
55397.788372865034	0.999603511063026	0.0003314205207943109
55397.80880701603	1.0004772272207787	0.00033148522703367616
55397.829241066785	0.9998736652720527	0.0003314310561559655
55397.849675017314	1.0004223227320055	0.0003314759665787954
55397.87010916761	0.9997064759333395	0.0003314579986643955
55397.890543217436	1.0000469318604688	0.0003314620596298122
55397.910977167034	0.9997112655541726	0.00033139975456792373
55397.9314113164	1.0003868855213662	0.00033150647245942523
55398.03358155902	1.0007670261902524	0.0003315256095935377
55398.054015606525	0.9998536107621211	0.00033144964383148963
55398.07444965402	0.9999591504785657	0.00033143863286160474
55398.09488380106	0.9998673960783706	0.00033146644055015494
55398.115317847856	0.999959020636888	0.00033145921268719916
55398.13575179443	1.000523700720384	0.0003314870100014421
55398.156185940534	1.0001146144339448	0.0003314302203868473
55398.17661998664	0.9999285539237163	0.0003314627320880942
55398.21748807745	0.9999633299377528	0.0003314308764816496
55398.23792202262	1.0001342339741814	0.00033146143825325787
55398.25835606732	0.9997678661693337	0.00033139111508300514
55398.2787902118	0.9998158995735988	0.0003314209655364137
55398.29922415604	0.9993882941096266	0.00033138917554187267
55398.319658200046	1.0000887278702477	0.0003314537356376731
55398.34009234359	0.9996033119953514	0.0003313986759276312
55398.360526287135	0.9997730058235118	0.00033141477709410633
55398.38096033021	0.9994501461639985	0.0003313969309969765
55398.40139447282	1.0004098047523182	0.0003314876411435582
55398.421828415434	0.9997846976663844	0.0003314339605617201
55398.442262557575	1.0000726948853986	0.00033141579592891294
55398.46269659949	1.0001315795394616	0.00033145184484334456
55398.48313054117	0.9997884599368413	0.0003313885379648865
55398.503564682615	0.9997800687400616	0.00033140259872923764
55398.5239987236	1.000565388151002	0.0003314892945356165
55398.54443276435	0.999782055174092	0.00033143853899703324
55398.56486680486	1.0001562500620464	0.0003314435167866329
55398.585300845145	1.0000785130375809	0.0003314184526663551
55398.60573488496	0.9995229874795659	0.00033138533075920584
55398.626168924544	0.9998726514987124	0.00033139253809477177
55398.6466029639	0.9997620396759526	0.00033137331048030026
55398.66703700302	1.0001691747964387	0.0003314223946870545
55398.6874711419	0.9998154909443421	0.0003313785186392914
55398.70790508032	1.0000693508969627	0.000331394153260589
55398.728339118505	0.9995155217792975	0.00033140728175166587
55398.74877325646	0.9994332340904731	0.00033133735449198597
55398.76920719395	0.9996191923212928	0.00033136243182567247
55398.81007536846	1.0003123509819725	0.0003314036147651025
55398.830509305255	0.9991695974357709	0.00033133054203238714
55398.850943441576	0.9986009223873098	0.00033129372886061826
55398.8713774779	0.9995794773361352	0.000331359102762059
55398.89181141376	0.9994215727831511	0.0003313424875271661
55398.912245549385	0.9983410876630694	0.00033125842247061396
55398.93267958455	0.9992642552993901	0.00033131583804395617
55398.95311351971	0.9990135629093456	0.0003312751763769399
55398.9735476544	0.9992255309652214	0.00033128393364537036
55398.993981588865	0.9992603374336774	0.00033129555758648003
55399.014415623096	0.9992169443308961	0.00033129995833789175
55399.034849756856	0.9985896699748197	0.0003312454275915685
55399.05528379039	0.9988813287715791	0.00033127270100531903
55399.07571772369	0.9993226635689151	0.0003312997708071678
55399.09615185675	0.9995628429371372	0.0003313331349422687
55399.13701982195	0.9995906396467518	0.0003313059489174469
55399.15745395408	1.000156815979012	0.0003313699623454976
55399.177887985985	0.9992051958862176	0.0003313110348650326
55399.19832211742	0.9993164604464377	0.0003312960554851773
55399.21875604885	0.9995230019210574	0.00033134715531385277
55399.239190079825	0.9995358446177962	0.00033131928003550304
55399.259624210565	0.9994057357490842	0.00033131831791871196
55399.28005814083	0.999953172719307	0.0003313758113935791
55399.3004921711	0.9998867158777087	0.0003313818565551022
55399.32092630091	0.9997960125762975	0.0003313748517481918
55399.34136023048	0.9993815112472834	0.00033132744996272736
55399.36179425959	0.9997476785413277	0.00033131140965766856
55399.3822283887	0.999773877286784	0.00033132313149069736
55399.402662317334	0.9993893216481807	0.0003312910736578445
55399.423096345745	0.9996396026376634	0.0003313181932196861
55399.443530473916	0.9996892606076168	0.0003313251245078657
55399.46396440163	0.9999552034428209	0.0003313524778770019
55399.48439842911	0.999861698319579	0.0003313477507167714
55399.52526658336	0.9998405068000928	0.00033133823041828626
55400.40392956779	1.0012376082875691	0.0003297095277382931
55400.42436358199	1.0009801757399752	0.0003299170440023934
55400.44479759573	1.000413170994888	0.0003296230135481049
55400.46523160947	1.000679726903737	0.0003297372748273615
55400.48566562274	1.0002946808199087	0.00032992364248567315
55400.506099635786	0.9996777711012381	0.00032978969017006464
55400.546967760936	1.0002830055208038	0.00032997011996508085
55400.56740167305	1.0009317193754346	0.00033001407653122266
55400.608269796336	0.9998562305374591	0.0003302146417969454
55400.628703707516	1.0001454516153743	0.00033022289560863285
55400.6491378187	1.000280362498454	0.00033023064964196966
55400.669571829174	1.0001327568901826	0.0003304094919916196