56284.48018768459	1.0001961842320337	0.00010888229323620582
56284.50062065016	1.000038404397848	0.00010888543167336773
56284.521053615834	1.0000304697838505	0.00010886794887561538
56284.54148648169	0.9998958279095075	0.00010886236080570457
56284.5619195477	0.9999076828607667	0.00010886612482648918
56284.58235251381	0.9998743342613422	0.00010885339786889676
56284.60278548011	1.0000154596795308	0.00010887500893983796
56284.62321844658	0.9999849222917785	0.00010885664941046913
56284.64365141316	0.9998099125321139	0.0001088699640107851
56284.66408447992	0.9998243991288692	0.00010887417452202559
56284.684517346825	0.9997967553644563	0.0001088527609017445
56284.7049503139	1.0000258080539226	0.00010886452786493165
56284.7253833811	0.9999180380997121	0.00010888634994789059
56284.76624921595	0.9999662789010292	0.00010888238137993653
56284.786682283615	0.9999010942606333	0.00010888074716815932
56284.80711515142	0.9996533020053536	0.00010887276098259203
56284.8275482194	0.9998769821926055	0.0001088741449981496
56284.8479811875	0.9998612743270581	0.00010886675145328442
56284.868414055774	0.9997172585323707	0.00010888536823644413
56284.88884712419	0.9996373279853602	0.00010886790716850763
56284.909280092754	1.0000237735039998	0.00010888715528251981
56284.92971296149	0.9996473971442843	0.00010885281429389316
56284.95014603037	0.9997300929937264	0.00010886459002219148
56284.970578999404	0.9997308564470895	0.00010887232775014946
56284.991012068545	0.9996791115223763	0.00010885513967707824
56285.03187790739	0.9997718771522516	0.00010888699524439726
56285.05231097703	0.9999885366068977	0.00010888403989799431
56285.07274384682	0.9997753388062446	0.00010886715108147524
56285.09317681678	0.9996169933234136	0.00010884649431374599
56285.11360988685	0.9999084226288989	0.00010887352868835166
56285.134042857106	0.9997548331871923	0.00010887106976917727
56285.154475727504	0.9998429115270465	0.00010888639246676635
56285.17490879807	0.9998314847667842	0.00010889377409635161
56285.19534166879	0.9997726486356444	0.00010885702024953458
56285.21577473963	0.9999154446975529	0.00010886666231072902
56285.23620771066	0.999852475757817	0.00010888069546537992
56285.256640581814	0.9998790911961644	0.00010888272594185159
56285.277073653146	0.9997634075042939	0.00010887516694729295
56285.297506624614	0.9997782412562758	0.0001088818367096799
56285.317939496264	0.9998481909001654	0.00010888292621866563
56285.33837256806	0.9998129564412447	0.00010887822597037618
56285.358805539996	0.999719038553045	0.00010885402130395743
56285.37923841208	1.0000335706298236	0.00010889358690364781
56285.399671484345	0.9996963441136509	0.00010887665395402795
56285.420104456716	0.9999591961208321	0.00010889892601882245
56285.44053752927	1.0000457752154535	0.00010889893444724686
56285.460970402	0.9998867559741351	0.0001088862757448098
56285.48140337486	1.0000007646483329	0.0001088840365636103
56285.50183644788	0.9998733643425092	0.00010888693970626622
56285.54270229438	1.000022361867581	0.00010888746096672776
56285.56313536786	0.9999923516483412	0.00010888975956664651
56285.58356824152	1.000204361252311	0.00010888019999360023
56285.60400131529	0.9999672878211157	0.00010888051013673739
56285.62443428924	1.0001895552865976	0.00010889577298550157
56285.644867263334	1.0002321849466251	0.00010890348191182464
56285.68573321204	0.9999936999111171	0.00010890592282774285
56285.7061661866	1.0002906213392493	0.00010889810641290339
56285.7265991613	1.0003571021221924	0.00010890280743362083
56285.74703213618	1.0005571925653567	0.00010892296575123882
56285.78789808643	1.0003337757686908	0.00010891427106335592
56285.80833106178	1.0003229995675074	0.00010891192731734498
56285.82876403727	1.0003444214488217	0.00010891258149457447
56285.84919701293	1.0004348962396328	0.00010891823760034787
56285.869629988774	1.0001492457796677	0.00010890932296654437
56285.890063064726	1.0002022359907112	0.00010891998125773379
56285.91049594086	1.0000775701068798	0.00010888423913657755
56285.930928917165	1.0003643187651425	0.00010889744079719989
56285.95136199359	1.000061998355592	0.00010889805087235845
56285.97179487018	1.0000983204706018	0.00010889743728974026
56285.99222784695	1.0002646160679252	0.0001088980836973645
56286.05352687814	1.0001442594368166	0.00010890577464734986
56286.07395985552	1.0001792154825668	0.00010890041005433871
56286.09439273307	0.9999518871320823	0.00010888461212576609
56286.11482581078	0.9999856626949624	0.00010889728976360066
56286.13525878862	1.0001928567301903	0.00010891329075796164
56286.17612474479	0.9997051366646421	0.00010888485851643672
56286.19655772313	0.999991370218478	0.00010890037250112548
56286.216990801615	0.9998375184414715	0.00010888397383680577
56286.23742368025	0.9997097187343063	0.00010887680724034471
56286.257856659024	0.9999408987141978	0.00010889870368138389
56286.27828973798	0.9998426688833926	0.00010889308414443932
56286.29872271711	0.9999522203420765	0.00010887459847072192
56286.319155596386	0.9997359444122467	0.00010886480325252672
56286.3395886758	0.9999389508119717	0.00010887677312034047
56286.3600216554	0.9999214318106548	0.00010888336381434034
56286.38045453516	0.9999436109945811	0.00010890231551208984
56286.40088761505	0.9999616583443351	0.00010888582023159549
56286.42132059511	0.9998493205466136	0.00010889055398794289
56286.44175357534	0.9998054876947465	0.00010887686280353281
56286.46218655572	0.9997092818754609	0.00010889139292270025
56286.48261943625	0.9997127312612492	0.00010888524040110575
56286.50305251694	1.000082816687563	0.0001089100990084793
56286.52348549782	1.000045819320166	0.00010892012730435404
56286.54391837884	1.000042263219207	0.00010889802452418773
56286.56435146	0.9997389661659957	0.00010890396543647988
56286.584784441344	1.0002538462415551	0.00010891415197383733
56286.60521732283	0.9998279116612832	0.00010888765607165602
56286.62565040449	1.0001245552500195	0.00010889321767666619
56286.646083386295	1.0001259643138074	0.0001088951767104558
56286.66651646825	1.0000866470852625	0.0001088998238809134
56286.6869493504	1.0000924048379625	0.00010890110830473282
56286.70738233267	1.0001865038554776	0.00010892207027545806
56286.72781541512	0.9999924784933707	0.00010892653120755022
56286.748248297736	1.0000879907301505	0.00010892674173712928
56286.768681280504	0.9999838399633999	0.0001088973499684598
56286.78911436342	1.0003903698171097	0.00010891780502564982
56286.80954724653	1.0001086953409482	0.00010889390392486783
56286.82998032976	0.9999192354360442	0.00010890865761434816
56286.850413313165	1.0000829125571384	0.00010891740765589502
56286.87084629675	1.000458378068686	0.0001089363524449143
56286.89127928048	1.000193602128212	0.00010891799112290318
56286.91171226438	0.9999520546330597	0.00010890833036637668
56286.93214524842	1.0001798419564965	0.00010891294568339206
56286.952578232616	1.0004504320378114	0.00010892736711184877
56286.97301121698	1.0003445405170404	0.00010893168147202417
56286.99344420152	1.000417936785391	0.00010891960337332218
56287.01387728621	1.0003908818508362	0.00010893508477408807
56287.034310171075	1.0004637076086114	0.00010891972562931598
56287.05474325608	1.000325839722292	0.00010891951519964184
56287.07517624126	1.0004656628557742	0.00010894239298983615
56287.09560912661	1.0003587336338222	0.00010893005378544443
56287.11604221209	1.000229561286412	0.00010891649376064213
56287.13647509774	1.0002918498310367	0.00010889973355560314
56287.15690808359	1.0000307742831978	0.00010890384110012981
56287.177341169554	0.9995743162279329	0.00010887575281685627
56287.1977740557	0.9996809321034835	0.00010889531161420127
56287.21820704201	0.9994350297202126	0.00010886665490441095
56287.238640128475	0.9995193934633357	0.00010889604952211171
56287.25907301511	0.9996780572587247	0.0001088921703010961
56287.27950610189	0.9993859907850408	0.00010888380901395246
56287.29993908885	0.9993900076313843	0.000108881609624788
56287.320371975955	0.9992931301589855	0.00010887525760238803
56287.34080506323	0.9992429158392329	0.0001088713568550661
56287.36123805068	0.9994107693941934	0.00010889515975056199
56287.38167103828	0.9992952967554019	0.00010888510130392294
56287.40210402602	0.9992134615452527	0.00010886061966967855
56287.42253701397	0.9997046358374754	0.00010890518854451019
56287.442970102034	0.999478490607882	0.00010889716337134912
56287.463402990295	0.9994116940874739	0.00010888696216934757
56287.48383597871	0.9995050741295758	0.00010889578360338374
56287.5042690673	0.9994770205557773	0.00010889244104076385
56287.52470205603	0.9992135373836846	0.00010888499129594868
56287.545134944936	0.9994338296128639	0.00010889284255121609
56287.56556803402	0.9994212148826416	0.00010888918037577595
56287.58600102324	0.999427710003999	0.00010889308077481139
56287.60643391262	0.9996272040212643	0.00010888511344070393
56287.62686700217	0.999972445268227	0.00010891335527525132
56287.667733081784	0.999982150049146	0.00010891372193919977
56287.68816597183	1.0000452007798315	0.00010890436867363664
56287.70859896204	1.0001044522867313	0.00010892278324548133
56287.729032052404	0.9999446193069574	0.00010890697168573215
56287.74946494294	0.9999020001241398	0.00010889402779591735
56287.76989793365	0.9999274261318882	0.00010891641404157706
56287.79033092451	0.9999152946229952	0.00010892002643335658
56287.81076391554	1.0000361889192162	0.00010890504821517953
56287.831196806714	1.000079481827077	0.00010892367310408706
56287.8516298981	0.9999069137750183	0.00010891764768165897
56287.8720628896	0.9999927288124671	0.00010891596909396765
56287.892495981294	0.999894965921762	0.00010890861181610214
56287.91292887314	1.0000139576685088	0.00010891700266252737
56287.933361865165	0.9999219119828666	0.00010892366828012117
56287.95379495733	1.0000433134346791	0.0001089179310452058
56287.9742278497	1.0000933434465034	0.00010892004201097194
56287.99466084219	0.9999064746316686	0.00010890402113680722
56288.015093934875	1.0001597578953578	0.00010891650354171712
56288.03552682768	1.0003030449258314	0.00010892195634437507
56288.05595992069	1.0003279264851335	0.00010892892609321793
56288.07639291388	1.000386310760285	0.00010892852985297811
56288.09682590721	1.0001986411670447	0.00010891353329872954
56288.11725890072	1.000409635074148	0.00010893798409675418
56288.137691894364	1.0001294793182798	0.00010890881922001613
56288.15812488819	1.0003466882260055	0.00010892069256851504
56288.17855798219	1.00053206029179	0.00010892869989334614
56288.198990876364	1.0003350435031457	0.00010893361588922353
56288.21942387069	1.0004353740638334	0.00010894242815976014
56288.23985696518	1.0001913608446935	0.00010893184142102394
56288.26028985982	1.0003287846517743	0.00010891921507688759
56288.28072295467	1.0003072728287505	0.0001089180033506971
56288.30115594965	1.0004298898275916	0.0001089080938495396
56288.32158884482	1.000326161355836	0.00010893404003509835
56288.34202194013	1.0002027944783503	0.00010892010100861234
56288.36245493561	1.0002620864392937	0.00010891239070186332
56288.38288783127	1.0001434175658162	0.00010892659394462687
56288.40332092708	1.000239527833394	0.00010889895973571497
56288.42375382308	1.0000024549279534	0.00010890880814154893
56288.44418691924	1.0000506732037693	0.00010891879094195282
56288.485052812044	0.9999621978728345	0.00010889882663834699
56288.50548590872	0.9998882958968695	0.00010889986333742967
56288.525918905514	0.9999999506800222	0.00010889702837551622
56288.546351902536	0.9999077395968657	0.00010889733574390819
56288.56678489968	1.0000011962199202	0.00010892097421380873
56288.587217897	0.9998601135580423	0.0001089099250999169
56288.60765089449	0.9997347518135128	0.00010889987328854177
56288.62808389216	0.9995510829498392	0.00010888610414559768
56288.648516889945	0.9995143731414319	0.00010887882859108055
56288.66894998796	0.9995947085956666	0.00010888427911275107
56288.68938298609	0.9995691771627188	0.00010887608121284184
56288.70981588446	0.9996496078640348	0.00010889601209189705
56288.73024898294	0.9996011217559209	0.00010891529440962818
56288.77111488043	0.9998218170331933	0.00010890980497009841
56288.79154797943	0.9995787778047149	0.0001088932052189174
56288.811980978615	0.999813557456292	0.00010892397111112889
56288.83241387791	0.9996893628482397	0.00010890717690348929
56288.85284697744	0.9998713563838681	0.00010890938839739343
56288.87327997709	1.0000714162272508	0.00010892773135908463
56288.89371307696	1.0000473252048614	0.00010892387572080966
56288.91414597696	1.0000465384007422	0.0001089172015302336
56288.93457897713	0.9998511009070543	0.00010892213709824962
56288.95501207748	1.0000777939831682	0.00010892932874297673
56288.975444977994	1.000257966579921	0.00010894954882125251
56288.99587797869	1.0000442806290577	0.00010893333744546603
56289.0163110795	0.9999358562796683	0.00010893680483860063
56289.03674398054	0.9999680553287811	0.00010891325091319459
56289.05717708176	1.0000301076342897	0.00010891795625611283
56289.0776099831	0.9998553213671388	0.00010891815424767902
56289.0980429846	0.9999921759696039	0.00010891640219022652
56289.11847608635	1.0001530253373647	0.00010893043319684378
56289.159341990235	0.9999290869159061	0.00010892660443183325
56289.179775092445	1.0000285384107168	0.0001089234365243389
56289.20020799483	1.0000177892394966	0.00010892713484956268
56289.22064099738	1.0001686630565063	0.00010891599293881796
56289.24107410006	1.0001080892794667	0.00010892622046877862
56289.26150710296	1.0003097103553114	0.00010893936454379732
56289.28194010598	1.0001431872139914	0.00010892249642280884
56289.30237310924	1.000213106590346	0.00010893102348281418
56289.32280611261	1.0001424109867836	0.00010894006136925691
56289.34323911621	0.9999034438756805	0.00010892539554134656
56289.36367211994	1.0000374894687074	0.0001089171190058076
56289.38410512383	1.0003810419831547	0.00010894372854383524
56289.4045382279	0.9998493493580037	0.00010889984273979393
56289.424971132146	1.0002683282643632	0.0001089240121380276
56289.44540423656	0.9999612297631592	0.0001089144299579963
56289.46583724116	1.0000781306235267	0.00010893023652696227
56289.48627014593	1.0000247178472297	0.00010892785096922241
56289.50670325087	1.0000457594163754	0.00010892037880681714
56289.52713625599	0.9998790322069024	0.00010891675931807939
56289.54756916122	1.000009001685374	0.00010892317588902016
56289.568002266686	1.0001676546508735	0.00010893556286459806
56289.58843527227	1.0000509919176865	0.00010891290725338477
56289.60886817809	0.9999135169046535	0.0001089131976889141
56289.62930128402	1.000154911115609	0.00010892649260681988
56289.649734290186	0.9999387252464246	0.0001089148063976393
56289.67016739647	1.0000291663431071	0.00010892056268960855
56289.69060030292	1.000100312433709	0.00010893872107824702
56289.711033309555	0.9996955379675061	0.00010891509735907117
56289.73146631636	0.9999066898957242	0.00010891832309284445
56289.75189932334	0.9999029364084653	0.00010893293626854053
56289.772332330554	0.9999532898158655	0.00010892744862127158
56289.79276533789	0.9999382988388503	0.00010891435252826731
56289.81319834533	0.9999850805981342	0.00010893901456978006
56289.83363135301	0.9999361031225611	0.00010892075238980402
56289.854064360865	0.9999708477471291	0.00010892194044483957
56289.87449736889	0.9998648034856721	0.00010892395643016754
56289.894930477094	0.9998508916832488	0.00010893638388998931
56289.915363485474	0.9999265209249264	0.00010892614851213669
56289.93579639396	0.9997155731139378	0.00010892380702775861
56289.95622950269	0.9998176316323993	0.00010893022396218849
56289.97666251159	0.9999219580415495	0.0001089405724005054
56289.99709542061	0.9997965924996381	0.00010891090353287376
56290.01752852986	0.9996757825476528	0.00010892643467628991
56290.058394648826	0.9999110905428313	0.00010893073900316013
56290.078827558544	0.9999459603974385	0.00010893370911547253
56290.09926056849	0.9997507216602832	0.00010892557539169145
56290.140126588856	0.999734733041951	0.00010893631576025402
56290.16055959927	0.9998213315842871	0.00010893542945242036
56290.18099270986	0.9995793751928058	0.00010892234029911105
56290.20142562068	0.9996793051234613	0.00010893622061447767
56290.221858631616	0.9997866595439404	0.00010894648513132972
56290.24229174279	0.999659986087924	0.00010892035050889699
56290.26272465408	0.9998756706848951	0.0001089282903644285
56290.28315776554	0.9999065357777915	0.00010892542122126421