56164.47700511138	1.000157756397617	0.00010696752456425719
56164.497438616156	1.0001614027092744	0.0001069654035446024
56164.517872220924	1.0001682792270676	0.00010696759104573925
56164.53830562523	1.0002620217508245	0.00010696589269450395
56164.55873912931	1.0001727542880363	0.00010696315382054444
56164.57917273338	1.0001238972964857	0.00010696783837326989
56164.59960613699	1.0001612864928957	0.00010695126771772298
56164.640473243504	1.0001370356521162	0.00010697415863941857
56164.660906646415	1.000013326470669	0.00010696265320339464
56164.70177375177	1.0001150706158268	0.00010696827212400704
56164.72220715398	1.0000005698454013	0.00010696093399730511
56164.742640755954	1.000089239195368	0.00010696286448205437
56164.7630742577	1.0000250983402459	0.00010695449145432906
56164.78350775922	1.0000410598008476	0.0001069591546669463
56164.80394126027	0.9997760011749416	0.00010693973858239953
56164.82437476131	0.9998858941916583	0.00010695344197115499
56164.844808262125	0.9998417891969361	0.00010695087205318918
56164.8652418627	0.9999017074469189	0.00010695663938113251
56164.90610886294	0.9998959434451874	0.00010696176277410318
56164.92654236282	0.9998042059134077	0.00010695200025903741
56164.94697576247	0.9997561739883372	0.00010694991223972935
56164.967409361656	0.9998322530822552	0.0001069407500369402
56164.987842860835	1.0001035832690797	0.00010697307469426913
56165.008276259556	0.9998958963916844	0.00010695096523831404
56165.02870985828	0.9999609252314035	0.00010694954243918336
56165.04914335676	0.9998226458384034	0.00010694252660449312
56165.06957675478	0.999914120619211	0.00010695384664711935
56165.09001035257	0.9996061768735954	0.00010693765596010177
56165.11044375035	1.0000022295593607	0.00010695414811289407
56165.13087724768	0.9997022076997308	0.00010694208578287555
56165.15131084477	0.9999295314694139	0.00010695041090763242
56165.17174424186	0.9996554094750861	0.0001069379808344171
56165.19217783848	0.9997845382335805	0.00010694331148604396
56165.21261133487	0.9997406274057874	0.00010694381381916976
56165.233044831024	0.9998268811333427	0.00010694274793001014
56165.25347832695	0.9997180244112317	0.00010694276141627718
56165.27391182288	0.9997614679599209	0.00010694150908204413
56165.29434531833	0.9997825674858083	0.00010695262878735407
56165.31477881356	0.9996334369786614	0.00010694445943487998
56165.33521230856	0.9995650134009464	0.00010694774581187977
56165.35564580331	0.999826630796197	0.0001069432242578513
56165.37607939784	0.9998048545808107	0.00010694624308341652
56165.39651279191	0.9999649063376677	0.00010694339875598506
56165.416946285965	0.9997847952008161	0.00010693423261549001
56165.4373798798	0.9998975180628173	0.00010693188648068841
56165.457813273395	0.9997059186764491	0.00010693476778521009
56165.478246866754	0.9996980178408826	0.00010694332810011345
56165.498680359655	0.9999635678087189	0.00010694583747916744
56165.519113752554	0.9997106737281559	0.00010692639434112095
56165.539547345215	1.0000383981446739	0.0001069408030592492
56165.58041422962	0.9999732612214077	0.00010694624095259231
56165.60084782158	1.0001047241703784	0.00010696521802806502
56165.621281313084	0.9997489768321229	0.00010695039458049574
56165.64171470459	0.999912242639519	0.0001069513860034595
56165.66214829562	0.9999191312505364	0.00010695509057309419
56165.682581786656	1.0000448190201525	0.00010694791117070566
56165.70301527723	1.0000422804710902	0.00010695840906662418
56165.72344876756	0.9999767962117155	0.00010695115289979023
56165.7438822579	1.0001954438731182	0.00010695816698391731
56165.784749237406	1.000232228252328	0.00010696197966088998
56165.80518272705	1.0001539639576538	0.00010696366406200151
56165.825616316215	0.9999946176654552	0.00010693994470470399
56165.84604970516	1.0003746879775586	0.00010696354968329245
56165.866483193866	1.0001640225769728	0.000106956296127414
56165.88691668234	1.000296631534109	0.00010695368504719551
56165.90735017058	1.0000553783940809	0.00010694512431167268
56165.92778365859	1.0002067597197	0.00010694165578687267
56165.94821724636	1.0002748043437095	0.00010695737455159564
56165.968650633906	1.0001255480150122	0.00010696401396653252
56165.98908422122	1.0003250283338005	0.00010695766260781142
56166.0095177083	1.0000540935224935	0.00010693938949176867
56166.02995109514	0.9998625929792648	0.00010693439513575405
56166.05038468175	1.0001061859120728	0.0001069533522860881
56166.070818168126	1.0001755208775913	0.00010696508536116535
56166.09125155404	1.000108943108618	0.00010693179108750943
56166.11168513996	1.0000603669642487	0.00010694518295274109
56166.13211862563	1.0001515516182504	0.00010695297502784246
56166.172985596066	1.0002478927974459	0.0001069532282144888
56166.19341908104	1.0007054505250719	0.0001069727170252051
56166.23428605008	1.0002868630725703	0.00010695565926703702
56166.254719534125	1.0001217534272737	0.00010694870759064757
56166.27515311818	1.000362036276962	0.00010695167147142264
56166.295586501765	1.0003927558187926	0.00010695653003551453
56166.316019985345	1.0002227009154425	0.00010694618699578611
56166.356886951355	1.0003281903975871	0.00010694950278772553
56166.377320434236	1.0001778446964595	0.00010696094730191499
56166.39775401666	1.0001487276834862	0.00010692891932956846
56166.41818749885	1.00023886400728	0.00010694365475577551
56166.4386208808	1.0001072227997914	0.00010694296148883913
56166.45905446276	0.9999964686978697	0.00010693807509070713
56166.47948784425	1.0000365294136473	0.00010692825777747636
56166.4999213255	1.0001657735079577	0.00010696317594807519
56166.520354906526	1.000218337271952	0.00010694286412577156
56166.56122186787	0.9999709990295064	0.00010692817123872265
56166.5816553482	0.9998830727450386	0.00010693507378073343
56166.602088728294	0.9999284103193695	0.00010693618290988625
56166.62252230815	0.9999029790332825	0.0001069331792636658
56166.64295578778	1.0000920768896295	0.00010694007483975186
56166.66338916717	0.9999471792630052	0.00010694585779715339
56166.68382274633	0.9999196326087932	0.00010693877070753411
56166.70425622503	0.9998453669848607	0.000106935273781045
56166.724689603725	0.9998749842645682	0.00010693593217834248
56166.74512318218	0.9997894501629929	0.00010691441120652105
56166.765556660415	0.9999739274900075	0.0001069355455343372
56166.78599013818	0.9999342899241722	0.0001069246639413857
56166.80642361594	0.999894512725094	0.00010693263650552206
56166.82685709324	1.000219901474036	0.00010692732450814579
56166.84729067054	0.999923516507469	0.00010692674954993345
56166.8677240476	0.9999070997931757	0.0001069178598883376
56166.888157524205	1.0001916888882247	0.00010694614543788824
56166.9085911008	1.0003047636188669	0.00010693607226150209
56166.94945795284	1.0005060201543126	0.00010695927802813229
56166.969891528744	1.0004645053280832	0.00010696322405748375
56166.990325004175	1.000191637311438	0.00010695006364363952
56167.01075837961	1.000212925278712	0.00010695121344962138
56167.03119195458	1.0004039084603902	0.00010695717792626862
56167.09249237833	1.0003881330861732	0.00010695113590989273
56167.112925852365	1.0003170275885913	0.00010693839449331579
56167.13335932617	1.0003613441585528	0.0001069401791052237
56167.15379279974	0.9994460339900837	0.00010691239814130283
56167.174226273084	0.9996291846635522	0.00010691782355129635
56167.194659746194	0.9993252587147791	0.00010690368323488329
56167.21509321907	0.9997892132003228	0.00010691996612458768
56167.23552669171	0.9993986544546662	0.00010690570456327593
56167.25596016412	0.9994257938277665	0.00010689052865390893
56167.27639363629	0.9994849480549077	0.00010690277677056325
56167.296827108235	0.9992460842745841	0.00010690331719146238
56167.31726057995	0.9992686914631268	0.00010689952606190257
56167.33769405143	0.9992645003864713	0.00010690326109443107
56167.358127522435	0.9993207058916117	0.00010689112026211903
56167.37856099345	0.9991437981257432	0.00010688771065323416
56167.39899446422	0.9994107844228116	0.00010689359735098875
56167.41942803477	0.9992887018723288	0.00010690426867862974
56167.439861504856	0.9993631071472113	0.00010689717612735561
56167.46029487494	0.9993376936208789	0.00010690854637701797
56167.48072844455	0.9995112401303551	0.00010690545575952896
56167.501161914166	0.9994523706188517	0.00010690736226091992
56167.52159528354	0.9993939162490038	0.00010689809940262801
56167.54202885246	0.9995074638580101	0.00010690287071052827
56167.56246232138	0.9994488200156747	0.00010689056407583516
56167.58289568983	0.9995768679612954	0.00010691300682636507
56167.62376272627	1.0003893264452934	0.00010693946094855183
56167.644196294015	1.0002429977275833	0.00010692369027436382
56167.66462966177	1.0002037737165381	0.00010694146828225315
56167.68506312906	0.9998165839927969	0.00010689939203957144
56167.70549669611	1.0000915942941067	0.00010693660057513043
56167.72593006293	0.999989372321296	0.00010692262810611115
56167.74636352975	0.9999549577890832	0.00010691716621913787
56167.766797096105	1.0002175347481714	0.00010693507740737094
56167.78723046223	1.0001651183286657	0.00010691931190238713
56167.80766392812	1.0000763629936622	0.00010692922591143414
56167.82809749377	0.9997422779078865	0.00010691564818361845
56167.8485308592	0.9999533292140456	0.0001069256570923743
56167.889397789346	0.9999302540152667	0.00010692112142191135
56167.909831254074	0.9999561446202787	0.00010692259509407156
56167.950698282824	1.0000058364297537	0.00010692066000771156
56167.97113164685	0.9998556617496871	0.00010692749075421794
56168.01199867421	0.9998122852321516	0.00010691590066918123
56168.03243203754	0.9998274395467319	0.00010690356645511443
56168.0528656004	0.999971026200536	0.00010692173261591406
56168.07329906326	1.0000106712179562	0.00010692483433498364
56168.09373242589	1.000049457294424	0.00010692899350973747
56168.11416598806	0.9999111859213247	0.00010691798889108272
56168.13459945022	0.9998642460230297	0.00010692493868510693
56168.15503281215	0.999982725696945	0.00010691651571543846
56168.17546637362	0.9998565738188444	0.00010692635252562563
56168.19589983508	0.9996559101049344	0.00010689593037025726
56168.216333396085	0.9997958559117006	0.00010690936822149652
56168.23676675709	0.9995929407794726	0.00010692209838648521
56168.25720021762	0.9996943716954454	0.00010691701036712879
56168.277633778154	0.9999860143759115	0.00010692463369465318
56168.298067138225	0.9999092101903903	0.00010691941628337688
56168.31850059829	1.0000880453135792	0.00010693077376475312
56168.338934157895	0.99993833381348	0.00010692621076084474
56168.35936751727	0.9998946565134228	0.00010691420487728059
56168.37980097663	1.0001511253949464	0.00010693798164415573
56168.40023453554	0.9997284731010333	0.00010691462809244345
56168.420667994214	0.9998068682398356	0.0001069258488520703
56168.44110135265	0.9996975306496335	0.00010691192412575013
56168.46153491109	0.9997075985291547	0.00010691684133508998
56168.48196836906	1.0000237751975602	0.0001069353832081213
56168.5024018268	0.9998527569636353	0.00010691580696904237
56168.52283528431	0.9999183100389337	0.00010691689880375727
56168.54326874158	0.9997156547412798	0.00010691218280421386
56168.563702198626	0.9997439266413721	0.00010692245696879644
56168.58413565544	0.9997308122647717	0.0001069219997111337
56168.60456911201	0.9995981798768067	0.00010691652847625443
56168.625002568355	0.9998215545435168	0.00010692604967814173
56168.66586938035	0.9996713619356673	0.00010691864014508114
56168.68630293599	0.9994752482877666	0.00010691604947308275
56168.7067363914	0.9997487642117038	0.00010692046232874507
56168.727169746344	0.9999436689766892	0.0001069255425461341
56168.74760330129	0.9998048354123696	0.00010692327276240066
56168.76803675601	0.9997971798203875	0.00010692169760976908
56168.78847031049	0.9998671447240782	0.00010692743438456917
56168.8089036645	0.9999645858839284	0.00010693835453733482
56168.82933711852	0.9995795682646426	0.00010691394988910902
56168.8497706723	0.9999919391250952	0.00010692939175530697
56168.87020402562	1.0000465646121424	0.00010694511502174125
56168.89063747894	1.000123023874376	0.00010693756309482653
56168.91107103202	0.9999850121034527	0.00010693961742416907
56168.95193783726	1.000069321899907	0.00010693221109670671
56168.972371389405	1.000085869873992	0.00010693599967475651
56168.99280484156	1.0001679252382363	0.00010693999507602246
56169.01323819325	0.9999925232253167	0.0001069407290324112
56169.0336717447	1.000184838485967	0.00010693853314698478
56169.054105196155	1.000348237742278	0.00010695620036620481
56169.07453874714	1.0004200978719084	0.00010696559341536795
56169.0949720979	1.0002801465340736	0.00010694623439264978
56169.115405548655	1.000299511965391	0.00010694503039719297
56169.176705898826	1.0002843578068958	0.00010694129037033551
56169.197139448646	1.000143166496471	0.00010693464604416427
56169.21757279801	1.0001154826287746	0.00010694705468357346
56169.25843979603	1.000460268786862	0.00010695896936187132
56169.278873144685	1.0001163225174878	0.00010694041437788577
56169.299306593115	1.000150885199742	0.00010694433583682746
56170.19837828782	1.0001835064176918	0.00010619825949663206
56170.21881182554	1.0001453079247964	0.00010620892142865028
56170.23924516302	0.9998791421684612	0.00010618960531744757
56170.259678600276	0.9999473723178272	0.00010620647871422056