55444.35582199105	1.0000025816933613	0.00010504839004256753
55444.37625522108	0.9999075065022626	0.00010503541367444074
55444.396688450885	1.0000182843635748	0.00010506758518674069
55444.417121680446	1.0000925388079094	0.0001050221467094232
55444.43755490978	0.9998847898675011	0.00010505780960531619
55444.45798813911	1.0000806250725731	0.0001050528495022042
55444.47842136798	1.000120319345112	0.00010505870461803473
55444.49885459662	0.9999924821462249	0.0001050514030571929
55444.51928772502	1.0000721626733506	0.00010504933009759173
55444.53972105342	1.0000511340323024	0.00010503342262596462
55444.56015428136	1.000179281545982	0.00010505236156237113
55444.58058760929	0.9999793885829725	0.00010504643267066816
55444.601020737	1.0002788733671582	0.00010505710113938642
55444.62145396424	0.999866177026406	0.00010501424652713532
55444.64188729147	0.9998944206469784	0.00010502592604252416
55444.66232041848	1.0002053947857092	0.00010507289872116436
55444.682753645255	1.0000267899694462	0.00010506361341647086
55444.70318697179	0.9998692905778119	0.00010504886359606299
55444.7236200981	0.9999083734021865	0.00010504239419597168
55444.744053324175	0.999799294162503	0.00010504131300306498
55444.76448665001	1.0000022999787803	0.00010505995247498162
55444.78491987562	0.9999531677266741	0.00010503556319621254
55444.805353001	0.9999369634719736	0.0001050544440013257
55444.82578632637	0.9998711209176027	0.00010505937640547658
55444.846219551284	0.9998516888826169	0.00010506599355035267
55444.866652676195	0.9997939513713996	0.00010505291235077073
55444.887086000635	0.9998996080640503	0.00010506662750300633
55444.90751922508	1.0001362358028245	0.00010504228856800098
55444.927952549064	1.000060125198953	0.00010505455964516861
55444.94838567304	1.0001596838682991	0.00010507707437596708
55444.968818896785	0.9999501448270455	0.00010507096035690383
55444.9892522203	1.0000474308774017	0.00010503854323334782
55445.009685343575	1.0000929990924627	0.00010506320878912659
55445.030118566625	0.9999849010766165	0.00010501075848273128
55445.05055178944	1.0000146939744665	0.00010504132675801324
55445.07098501202	0.9997096016009263	0.00010504210946298055
55445.09141823437	1.0000488018288312	0.0001050631590637613
55445.11185145672	0.9999244296231342	0.00010504537529778942
55445.1322846786	0.9999283028392048	0.00010507950176968997
55445.15271790025	1.0002373111796135	0.00010507654138500645
55445.173151121904	1.0000194442424328	0.00010504751369312119
55445.193584343084	1.0000361810015788	0.00010506105809215911
55445.21401756427	0.9998415738228302	0.00010505905913780599
55445.25488400594	1.0000743235258425	0.00010503697275480626
55445.275317226195	1.0000257146820872	0.00010504200148423238
55445.29575054645	0.9999320661977383	0.00010505625646628985
55445.316183666466	0.9999541407907421	0.00010504578187179224
55445.357050205814	1.0001298146778594	0.00010505220470629099
55445.37748332536	1.000085970679477	0.00010504686530673409
55445.397916644455	1.0002305299751348	0.00010506467687778438
55445.418349863314	0.9998849574495164	0.00010500076893436096
55445.438782982164	0.9997105108429803	0.0001050272851482859
55445.45921630056	1.0000052169163856	0.00010503098709194833
55445.47964951895	1.0000323088941938	0.00010502445944594959
55445.50008263687	0.9999581301079238	0.00010503801372834654
55445.5205159548	0.9999140167087687	0.00010502754822402428
55445.54094917249	0.9999718303149652	0.00010496975395938867
55445.56138228995	1.000038140839774	0.00010504493502346212
55445.62268204093	0.9998413519337052	0.00010502337134060104
55445.64311525746	1.0000673086235876	0.0001050258088402859
55445.663548473756	0.9998593950329565	0.00010502078389120139
55445.683981689814	0.9999542556228288	0.00010498299641926037
55445.70441490588	1.0000673706755319	0.00010502134592629261
55445.72484812148	0.9999289554271058	0.00010499327996205685
55445.74528143707	1.000132149086239	0.000105009574232019
55445.7657145522	0.9999457302118726	0.00010501989827148788
55445.80658108223	1.0001807918443417	0.0001050016447156888
55445.8474474111	1.0000287699998411	0.00010501385140887907
55445.867880725295	1.0000238875376897	0.00010500140922424694
55445.88831383926	0.999952412695946	0.00010502257605537251
55445.908747053	1.0000147715604035	0.00010501245589451484
55445.9291803665	1.0001438985323652	0.00010500716281418488
55445.94961348	1.0000472951033788	0.00010498886208030646
55445.97004669304	1.000095855709841	0.00010499852401241488
55445.990480005836	0.9999757157942863	0.00010502624471743431
55446.01091311864	1.0002481252137823	0.00010502451088607001
55446.03134633097	1.0001100731650654	0.00010501031433762761
55446.05177964331	0.9999530638750311	0.00010501100174087485
55446.07221275542	1.0000329123312612	0.00010499915347114503
55446.09264596706	0.9999930999712902	0.00010497744146917598
55446.11307927869	0.9998956545893678	0.0001050246374585254
55446.1335124901	1.0000653124660224	0.00010499844728999042
55446.15394570127	0.9999322248676452	0.00010501730375610534
55446.194812123154	0.9999597190044804	0.00010500332124606943
55446.215245333624	1.0000833024547124	0.00010501453426597194
55446.23567854387	1.0001682836997932	0.00010501960870169891
55446.25611175411	0.9999633536015853	0.00010500897323385567
55446.27654506388	0.9998885218329331	0.00010503026593459943
55446.29697817366	0.9999598315378012	0.0001050138603887828
55446.317411382974	0.9998541756335906	0.00010500707165845167
55446.33784469228	0.9999235316688352	0.00010502715723329272
55446.35827780136	0.9999121708312305	0.00010502970499325292
55446.37871100997	0.9999582667007278	0.00010499714485022116
55446.39914431858	1.0000481846897704	0.00010502682695083869
55446.41957742696	0.9999548132161581	0.000105008146699322
55446.44001063534	0.9999643816741755	0.00010500717081778181
55446.46044384325	0.9999895010545717	0.00010503094783286068
55446.48087705093	1.000037496888294	0.00010503251663631625
55446.50131025838	0.9999578328693358	0.00010500333116523405
55446.521743465826	1.0000683149635703	0.00010502407271542745
55446.54217667281	1.0000009571470792	0.00010502079096670273
55446.562609979796	0.9996858235104475	0.0001050203422701746
55446.583043086306	1.0001390302487363	0.00010500431976128722
55446.603476292825	0.9999606426828057	0.00010501540254467631
55446.62390959911	1.0001360901180691	0.00010503843879997522
55446.64434280516	1.0001344184519334	0.00010503158757023374
55446.66477591098	0.9998750195974646	0.00010501964865841908
55446.685209216565	1.0003148429311326	0.00010501435458741624
55446.70564242191	0.9996608645985612	0.00010498243043475637
55446.72607552703	0.9999489842142559	0.00010503392671333317
55446.746508832155	1.0000196619377106	0.00010502671428714062
55446.766942036804	1.0001198179210744	0.00010503620298320174
55446.787375141226	0.999997893035973	0.00010501875949273205
55446.80780844565	1.000105927758438	0.00010503254829332378
55446.82824164983	0.9999968884809108	0.00010501308488640913
55446.84867475356	1.0000535164607083	0.00010502917081610892
55446.86910805728	0.9998360542371288	0.00010500758168580002
55446.88954126077	0.9998983805565703	0.00010503739896623948
55446.909974364025	1.0000074506979666	0.00010501068930202313
55446.93040766705	0.9999253527700891	0.00010501464376313356
55446.95084086984	1.000069952631649	0.00010503648345453711
55446.9712741724	0.9999611846480753	0.00010501854170604478
55447.01214047705	1.0000291240213501	0.00010503904634025476
55447.03257377914	0.9995168210827744	0.00010501357590383573
55447.05300688077	0.9992363330884545	0.00010501113416044637
55447.07344008239	0.9991340664918891	0.00010501258708592995
55447.09387338356	0.9991847875381097	0.000105007121613175
55447.11430658471	0.999291701301736	0.00010502127106345296
55447.13473968564	0.9989936438876371	0.00010496938858527483
55447.15517288634	0.9988777803744252	0.00010497340426117792
55447.17560608681	0.9992487511941999	0.00010500596290940883
55447.19603928703	0.999055520734466	0.00010499215044785315
55447.216472587264	0.9990552427510051	0.00010499898709247042
55447.23690568703	0.9990059785369816	0.0001049794362106853
55447.25733888656	0.9989044484376238	0.00010498026077455535
55447.27777218609	0.9989996086708672	0.00010501586880174039
55447.29820528516	0.9990140497875887	0.00010499005930907668
55447.31863848422	0.999017815932311	0.00010499617561321215
55447.339071783055	0.9987945267568238	0.00010500487520630195
55447.35950488166	0.9991261483784017	0.0001049986228668477
55447.37993817979	0.9991627693115415	0.00010498838151779371
55447.400371377924	0.9992321558350934	0.0001050025732856564
55447.42080447606	0.9991245251232096	0.00010501340867968183
55447.441237773724	0.9992174262490525	0.00010501978860617303
55447.46167097116	0.9992039584123317	0.0001049961225222832
55447.48210416836	0.9993343873024737	0.00010501741317243707
55447.502537365566	0.9997575093982307	0.00010504631019484787
55447.522970562306	1.0000864081136454	0.00010505797058609279
55447.543403759046	1.0000412963069998	0.00010506417314649634
55447.563836955545	1.0001134651791987	0.00010507433673269845
55447.58427015159	1.0000422830338702	0.00010504566283228379
55447.60470334762	0.9999014026570389	0.00010505714166229688
55447.62513654343	0.9997887767890866	0.00010506024111351506
55447.645569739005	0.9999088005225852	0.00010505288542390474
55447.66600293435	1.0001382298666792	0.00010506277889692691
55447.686436229684	0.9998645639696383	0.00010505178556883192
55447.70686932456	1.0001152321030924	0.0001050388433497557
55447.7273026192	1.0000452794366688	0.00010502116849761298
55447.74773581384	1.000006663953998	0.00010504916928429453
55447.76816890802	1.0001720310117193	0.00010505045540213578
55447.78860220219	1.000180278052145	0.00010505851749401308
55447.80903539614	1.0000718869369625	0.00010505209381867249
55447.82946848985	0.9999288773939359	0.00010506561499791544
55447.849901783324	0.9999538635851473	0.0001050554902040572
55447.87033487657	1.0001994330923218	0.00010506938858906081
55447.890768069585	1.0001006768558287	0.00010506671337345139
55447.91120136236	1.0000577085279876	0.00010506209746883981
55447.93163445491	0.9999064508675566	0.00010504698468004248
55447.95206764746	1.0000460860031413	0.00010508766655972174
55447.97250093953	1.0000601775326303	0.00010505705851029395
55447.992934031616	1.000067053067584	0.00010507601560480186
55448.013367223466	0.9998442919048294	0.00010506768090074898
55448.033800514844	1.000121787311885	0.00010507883518000774
55448.05423370623	0.9999243348542771	0.00010507662891465387
55448.07466679738	1.0000331693119706	0.00010507355400588479
55448.11553327898	1.0000563076614595	0.0001050807128527787
55448.135966569665	0.9999204034961151	0.00010506699052617362
55448.15639965988	1.0000925855732792	0.00010507318272867619
55448.176832849866	0.9998881593826613	0.00010505369823053524
55448.197266139854	0.9999542003916405	0.00010511317954501855
55448.23813241889	0.9999326664521186	0.00010508797103881471
55448.25856570818	0.999930824004829	0.00010510927488861586
55448.27899879723	0.9998591626317994	0.00010509716933668886
55448.31986527464	0.9998441740635499	0.00010507812217958122
55448.34029836299	0.9999520651366459	0.00010505714045294612
55448.36073155112	0.9998685920355826	0.0001050838988386801
55448.381164839244	1.0001102290477364	0.0001050815571619964
55448.401597926895	1.0000497154165475	0.00010506198842091032
55448.422031114555	0.9999550442417651	0.00010502734977454739
55448.44246440198	0.9999885696057145	0.0001050657899783248
55448.462897488935	0.9999973489729992	0.00010506422800087885
55448.483330675896	1.0001185675017261	0.00010505316828648227
55448.503763962624	1.0002241112576347	0.00010503140758091135
55448.52419714911	1.0000748348110733	0.00010504897222573139
55448.544630335375	1.0000592727857407	0.00010505872881125661
55448.5650635214	1.0000547982555295	0.00010498887396904123
55448.585496607426	0.9999357089466463	0.00010503449731409089
55448.60592989299	0.9998179672352815	0.00010502820142999139
55448.626363078554	1.0000695509491204	0.00010500537982595484
55448.646796163644	1.0000093914146866	0.00010501479641966848
55448.66722944874	1.000038367502029	0.0001050276661908747
55448.6876626336	1.0001022049752397	0.00010502534473478527
55448.70809571823	0.9998629888623337	0.00010502112637231366
55448.728529002634	1.000218745584982	0.0001050234698236664
55448.7489621868	0.9999201028693518	0.00010500065998930555
55448.76939527073	0.999932864225307	0.00010503021806981107
55448.78982855443	1.000077293794436	0.00010502889337881377
55448.81026173812	0.9999082213890113	0.00010503306895975877
55448.83069482136	1.0001070005716464	0.00010501407356339545
55448.851128104594	1.0000624764003299	0.00010505415086266761
55448.8715612876	1.000289523869814	0.00010504512804584886
55448.89199447013	1.0000474247811522	0.00010504517406173397
55448.91242765266	1.0000777689708904	0.00010505167966581357
55448.93286083496	1.000092955527733	0.00010503594192759495
55448.95329411703	1.0000294782998886	0.00010504432835465184
55448.973727299104	1.0001147494258062	0.00010507081311305004
55448.99416038071	0.9999073873805963	0.0001050469094176881
55449.014593662076	1.0001885632476133	0.00010508070885613033
55449.03502684345	1.000013560689495	0.00010508597960227668
55449.05545992435	1.0000202326493168	0.00010505243674665144
55449.075893205256	0.99988249128298	0.00010507839834365194
55449.09632638593	0.9999052479625762	0.00010506180894415617
55449.11675946637	0.9999261866640283	0.00010506258144962236
55449.15762592655	1.0001131207535827	0.00010508509825639823
55449.178059006284	0.9999505192809383	0.00010508896631630451
55449.198492285796	0.9997832619922963	0.00010506852514831342
55449.218925465306	0.9998699052130949	0.0001050777915876902
55449.23935854435	0.999792691011059	0.00010508594682279066
55449.25979182339	0.999678374616063	0.000105094323443849
55449.2802249022	0.999698231980618	0.0001050790918566049
55449.30065808054	1.0001320888178704	0.00010511570419458783
55449.321091358885	0.9999133003303817	0.00010510211991965072
55449.341524437	0.9998803973875305	0.00010510953552259419
55449.36195771487	1.0001224833592135	0.00010512049943896525
55449.38239089275	1.0000560452856189	0.00010512104902851707
55449.40282407017	1.0000185257767111	0.00010511653344251899
55449.42325724734	1.0000823968954238	0.00010511153522965247
55449.44369042452	0.9998146645305774	0.00010511088962914357
55449.46412360147	1.0000692394900959	0.00010511632802907698
55449.48455677795	0.9999008523637111	0.00010510264164247651
55449.50498995443	0.999939095088687	0.00010511276719119945
55449.52542313068	0.9998346977203267	0.00010510762146450026
55449.545856406694	1.000004795537252	0.00010509920279574387
55449.56628948248	0.9999826675014243	0.00010511272983381592
55449.58672265826	1.0000580935003827	0.00010511238130393823
55449.607155933576	0.9999115602169636	0.00010509667611487834
55449.627589008895	1.0000316834897582	0.00010511436388191024
55449.64802218375	0.9999265949820219	0.0001051056821587192
55449.668455458595	1.0001540395525994	0.0001051073771449324
55449.688888533216	1.0001744906809138	0.00010510983481669749
55449.7093217076	1.000216001472354	0.00010510675333186048
55449.72975498175	0.9999549095120069	0.00010510717699506357
55449.750188055674	1.000110769407634	0.00010509126646374781
55449.770621329364	1.0001336337061293	0.00010510020070693716
55449.79105450281	1.0002120596243076	0.00010509723663735357
55449.81148767627	1.0000798481053597	0.00010510045024188663
55449.83192084926	1.000065450636999	0.00010509904223081022
55449.852354022245	0.9999444813903069	0.0001050763756580743
55449.872787195	1.000073966420203	0.00010509829698748584
55449.89322036753	0.9999505897343103	0.00010507632468559832
55449.93408661187	0.9999535702704925	0.00010508304409769702
55449.9545198837	1.0001563682629018	0.0001050826784401982
55449.97495305529	1.0000666192782959	0.00010507673730828074
55449.99538612688	1.000172233059931	0.00010507079671345179
55450.01581939801	0.9998422558864647	0.00010505730746150879
55450.03625256913	0.9997368502337326	0.00010502753898057885
55450.056685640026	0.9998211662503105	0.0001050473112089129
55450.07711891069	0.9998115526929774	0.00010505809996534749
55450.09755208111	1.000017085559189	0.00010506986803077583
55450.11798535131	0.9999719771808674	0.00010505867537312233
55450.13841842127	0.9999749092509458	0.00010505045503681596
55450.158851591	1.0000078853435903	0.00010506906575380281