55204.31845925587	1.000061642540355	0.00010353282457963531
55204.338892594744	0.9999281264655246	0.0001035090810883388
55204.35932603398	1.0001412281871707	0.00010352483083202105
55204.40019261313	0.9999984180222857	0.0001035207295197206
55204.42062585306	0.9998914978010144	0.00010349812646578574
55204.44105929334	1.000028407946259	0.00010352956716462419
55204.46149263385	1.0000614857644494	0.00010352622603485499
55204.48192597459	1.0000170298592257	0.00010352115429326726
55204.50235931569	0.9998677658731835	0.00010352139411068194
55204.52279265689	0.9998828088856212	0.00010351814118460889
55204.54322599845	1.0002008650755145	0.00010353330626969099
55204.56365934036	0.999991001675989	0.00010349421842519821
55204.58409268238	0.9999920426229271	0.00010352625389106639
55204.62495946724	1.000049990377384	0.00010351700983850163
55204.6453927102	1.0000162060849556	0.00010352486244534078
55204.66582605327	0.9998351418757314	0.00010350518121896877
55204.70669274023	0.999917924494189	0.00010353459012376705
55204.72712608423	0.9998932664887347	0.00010351808996986255
55204.74755932835	1.0000242473142429	0.00010354072778038559
55204.7679927727	1.0000787926369352	0.00010353297704048205
55204.788426117404	0.9998604657911654	0.00010352665429979198
55204.80885946234	1.0000930435276438	0.00010352864962092836
55204.82929280762	1.000121344387326	0.00010352273216875769
55204.84972615302	1.0000856129078521	0.00010352899520461615
55204.87015949877	1.0000942178553534	0.00010353784228122481
55204.89059284475	0.999988978422907	0.00010350093762790168
55204.91102619097	1.0000283133755261	0.00010353069469917943
55204.93145953753	1.0000073155240206	0.00010353860327680992
55204.951892784324	1.0000456152420851	0.0001035393547052057
55204.97232623136	1.0000633797333836	0.00010354585282547147
55204.99275957862	0.9999105616723046	0.0001035212924832809
55205.03362627396	1.0000326839750062	0.00010352159564627264
55205.05405962204	1.000047811043068	0.00010351708012081044
55205.07449287046	0.9999361916775307	0.00010351374035113784
55205.094926319005	0.9999293940653904	0.00010350826258301405
55205.1153595679	1.0000909036628831	0.00010352773201980224
55205.13579291702	0.9999265797657838	0.00010350466952607605
55205.15622636638	1.0000438617776728	0.00010352152993425929
55205.17665971609	1.0001126748427382	0.0001035075079105079
55205.197092966024	0.9997863818444247	0.00010351749877228295
55205.2175263162	0.9998843559868369	0.0001035081532804672
55205.23795976661	1.00004668901527	0.00010349916916879058
55205.25839301724	1.0001073872981938	0.00010351721783450805
55205.299259819454	1.000062104150432	0.00010351971716947705
55205.31969307102	0.999977616668565	0.0001035109768676298
55205.34012642271	0.9999941416899755	0.00010352258707432674
55205.360559874745	0.9999458278413641	0.000103517298895456
55205.38099312701	0.9999131783431534	0.00010351471533751956
55205.40142647951	0.9999752218309866	0.00010352986891453131
55205.421859832364	1.0000393072686407	0.00010353179694971273
55205.44229328533	1.0000636973475368	0.00010350790523139063
55205.46272653876	0.999989930494247	0.0001035179210596918
55205.48315989231	1.0000658882334728	0.00010351020691352126
55205.52402660022	1.0000314337551073	0.00010352103179338887
55205.54445995459	0.9999279047563125	0.00010351568769007199
55205.5648934093	0.9998518347595081	0.00010349492301594621
55205.58532666413	1.0000793851396466	0.00010353169660683994
55205.60576001931	1.0001765228154997	0.00010350107982598797
55205.626193474716	1.0001374012092537	0.0001035162901233111
55205.64662673036	1.0002004794736326	0.00010352112508215689
55205.66706008636	0.9999519689827393	0.00010350834558432633
55205.68749344258	0.9998326505889639	0.00010353173802815386
55205.70792679904	1.0000174811909388	0.0001035335425518227
55205.728360155736	0.999983570939219	0.00010352547870125323
55205.74879351277	0.9996775006028616	0.00010352377281178519
55205.76922697005	0.9998117624253805	0.00010352303318354263
55205.78966022756	1.0000293349818332	0.00010352364214337445
55205.81009358529	0.9999943601147182	0.00010353471439523358
55205.830526943384	1.000036441113879	0.00010354356722750323
55205.85096030171	0.9999446793220761	0.00010353944035569968
55205.87139366026	0.9997661511896481	0.0001035271048774529
55205.89182701905	1.0001934431212767	0.00010355955429137016
55205.91226037819	1.0000508951224583	0.00010354146519379968
55205.93269373755	1.000018758284137	0.00010354728304677054
55205.953126997156	1.000166382220203	0.0001035413106426283
55205.97356045711	1.0000483309431691	0.0001035652885581338
55206.01442707759	1.000047960801928	0.00010354106248371642
55206.03486053836	0.9999553350093193	0.0001035364045970934
55206.05529389924	0.9998788560638073	0.00010355078748944885
55206.075727160474	0.9999665386001139	0.00010355805367993163
55206.09616062194	0.999964987117297	0.00010353921707537223
55206.116593983636	0.9999884367806801	0.00010355240092710602
55206.137027245684	0.9998600693810176	0.00010355492398498204
55206.15746070785	0.9999823644882979	0.00010354731257809882
55206.177894070475	0.9999704073723661	0.00010354809192580043
55206.19832733322	1.0000446315188227	0.00010355582701939628
55206.2187606962	0.9999182290655433	0.00010355585611708911
55206.23919415953	0.9999791629851227	0.00010355250019966493
55206.280060787	1.0002655347730196	0.00010357550226621044
55206.3209276154	1.0001090773607235	0.00010356607139420796
55206.34136088001	1.000148814964829	0.00010357934261628462
55206.361794344964	1.0000408291849727	0.00010357044647001505
55206.38222771004	0.999954951419852	0.0001035761813331085
55206.402660975466	1.0001703168626959	0.00010359716937604966
55206.423094441234	0.9999165238589315	0.00010358420134125036
55206.443527807125	0.9999646912976811	0.00010358440459165514
55206.463961073365	0.9998886117045919	0.00010358936678053055
55206.48439443983	1.000042203675204	0.00010359089759103014
55206.50482790654	0.9999910915350676	0.00010358906343669383
55206.52526117359	0.9999093610642427	0.00010359245750457618
55206.54569454087	0.9998653520662861	0.00010357656353251691
55206.566128008395	0.9999122445021872	0.00010359171609148988
55206.606994644244	1.0000113942920794	0.00010358831195904456
55206.62742811258	1.0000322093047724	0.00010358447101209213
55206.64786148115	0.9999431516097613	0.00010358170014782937
55206.66829474994	1.0000763254702292	0.00010358869067177269
55206.70916148848	0.9999525184691586	0.00010360385688762
55206.72959485809	1.0000941064836935	0.00010357947003016559
55206.75002832794	0.9999451721586377	0.00010360115032387343
55206.770461598135	1.0000690638685774	0.00010358899305170922
55206.79089496856	0.9997833312476131	0.00010356864387380721
55206.81132823922	1.0001730803592683	0.00010359781329053395
55206.83176171024	1.0001419351887044	0.0001035927113929412
55206.852195081476	1.0000168817563753	0.00010358674922875626
55206.872628452955	1.0001345138351625	0.0001035631453016805
55206.91349519672	0.9997516397886862	0.00010357723457139298
55206.933928569015	0.9999638962297299	0.00010358835471670506
55206.95436194154	1.000078257782457	0.00010359455169178649
55206.974795314294	1.0000739851740108	0.00010359405926885371
55206.9952286874	0.9997008047474227	0.00010356400788475567
55207.015662160746	0.9991557907330719	0.00010352302325434873
55207.03609543443	0.9992795125918599	0.00010356564251490753
55207.056528808236	0.9991628471114619	0.00010355398216626056
55207.076962282394	0.9990692940010601	0.00010354299625545231
55207.097395556775	0.9991273689583321	0.00010355118274736384
55207.1178289314	0.999217241005566	0.00010354332435766758
55207.13826220637	0.9992408207261975	0.00010355919363579315
55207.158695681566	0.9992370750754401	0.00010355118703409353
55207.179129057	0.9991993197902743	0.00010356217149290769
55207.19956243279	0.9990145334247655	0.00010353366962590404
55207.219995808686	0.9990571315732092	0.00010352930131453247
55207.24042918494	0.9990310625884633	0.00010353291777517184
55207.26086256154	0.9989665982329785	0.0001035411103839143
55207.28129593825	0.9989696385858874	0.00010354931260669848
55207.30172931532	0.9990185188551329	0.00010353046288508582
55207.32216269262	0.9992422430124729	0.00010355629645954705
55207.34259617014	0.9991301059400245	0.00010355011544651557
55207.363029448024	0.9992986807821272	0.00010354091450267288
55207.38346282614	0.9989921308186666	0.00010353342793019546
55207.42432958318	0.9992741163044239	0.00010355297332541801
55207.44476296199	0.9996205010960635	0.00010355411411931871
55207.48562972066	0.999921774958191	0.00010357901516535082
55207.506063100285	0.9999503732484054	0.00010358625063202432
55207.526496480255	1.000002050069078	0.00010356981812986314
55207.546929860466	1.0002117435650397	0.00010357803147701304
55207.567363241025	0.9999357433703532	0.00010358790598306896
55207.628663384094	1.0001886842165597	0.00010356894224661508
55207.64909666558	0.9999158351164389	0.00010358697483589397
55207.66953014742	0.9998068908128425	0.00010356409931282474
55207.68996352949	1.0001117926166525	0.00010357877282024461
55207.71039681179	0.9999806339054393	0.0001035696504897781
55207.730830294444	0.9998480361229722	0.00010355771445078247
55207.75126367733	0.9998447900029819	0.00010356980619576101
55207.771696960444	0.9998902112245522	0.00010357932793638049
55207.792130343914	1.0002074183924117	0.00010358904544153607
55207.81256382762	1.0000106137488451	0.00010357268513512687
55207.832997111545	1.0000193328184839	0.0001035612581095943
55207.853430495714	1.0000737536804398	0.0001035802927041668
55207.89429736486	1.0001602969059986	0.00010359360167203798
55207.91473064984	1.0002270218342795	0.00010357814125859746
55207.935164135175	0.9997235888189226	0.00010357792616634117
55207.95559752073	0.9998302698437603	0.00010357431356548961
55207.97603080653	1.000107144404572	0.00010358540317686134
55207.99646429256	1.0001252717957483	0.00010356243587763331
55208.016897678935	1.0000312023001514	0.0001035865921521696
55208.03733096555	1.0001659844992383	0.0001035921097221368
55208.057764452395	0.9998895407314974	0.00010357965013226198
55208.078197839466	0.999965983154887	0.00010357787869704635
55208.09863112689	1.0000331713209316	0.0001035931594433462
55208.119064514554	0.9999450590977721	0.00010358161601363321
55208.13949800244	0.9999230537107123	0.00010358887481686723
55208.159931290684	0.9999850898832623	0.00010359458667275465
55208.18036467916	0.9998584956010379	0.00010356794481641069
55208.20079816786	0.999980700477372	0.00010357442054604941
55208.2212315568	0.9998848163679918	0.00010357135811888154
55208.24166484609	1.0001956657339985	0.00010358782121490657
55208.26209833561	0.999892666312083	0.00010356904956382678
55208.28253172537	0.9999919922959529	0.00010357373564520566
55208.302965015355	0.9999193500687442	0.00010356583926921362
55208.32339850569	0.9998601757039733	0.00010356763130043462
55208.34383179626	0.9998825019877167	0.000103574612523256
55208.36426518718	1.000131692229198	0.00010358079449926562
55208.384698678325	1.0001296166647073	0.00010359191809903715
55208.40513196971	0.9999586053270095	0.00010358028551832188
55208.42556536133	1.0000163658963703	0.00010357719371420027
55208.44599875317	1.000191131626551	0.00010358199711940622
55208.466432145375	1.0000747967821673	0.00010356733395535089
55208.507298930585	1.0001349451133958	0.00010357219296819035
55208.5277323236	0.9998744064634757	0.0001035685456804476
55208.54816571685	1.0000749944920384	0.00010355788993486961
55208.568599110324	1.000186711928766	0.00010356794175300547
55208.58903260404	0.9999820220899679	0.00010356826608032317
55208.6094658981	0.999901247304085	0.00010355509005632277
55208.62989929239	1.0000548321127067	0.00010355097934665409
55208.670766081916	0.9999493731960437	0.00010355892957066095
55208.69119947702	0.9998628156256323	0.00010354427722050435
55208.711632972365	1.0000597745500945	0.00010352437436643705
55208.73206626806	0.9998407776917108	0.00010352414595597209
55208.75249966398	0.9998035650679226	0.00010353677807800551
55208.772933060136	0.999901529204332	0.00010350123799008381
55208.79336645653	1.000054101083159	0.00010354525544225207
55208.81379985326	0.9999288354465469	0.00010353046864306796
55208.834233250236	0.9999925874592679	0.00010352863332919067
55208.85466664744	0.9999725739164264	0.00010352570495859109
55208.87510004499	1.0000562021798751	0.00010353630140767171
55208.89553344278	0.9999729682320725	0.00010353156049644266
55208.9159669408	0.9998164506292464	0.00010352590713559422
55208.93640023917	1.0001913847773918	0.00010353332985357279
55208.956833637654	1.0001741030931242	0.00010355842426085231
55208.97726713649	1.000000695081636	0.00010354636464178527
55208.99770043567	1.0002258282236596	0.00010353622762599751
55209.01813383509	1.0002221482522295	0.00010354936678261294
55209.038567334625	0.9999719720376351	0.00010353074790885623
55209.05900063462	0.9999192434321138	0.00010354043919635644
55209.0998675352	0.9998779492950692	0.00010351548286380855
55209.12030083589	0.9999027743064878	0.00010353377635867082
55209.14073423694	1.0003300716573513	0.00010355138934071551
55209.16116763811	0.9999002672347947	0.0001035207733800858
55209.18160103973	1.000126343821132	0.00010354201173612148
55209.20203444148	1.0000291886351482	0.00010353525712761148
55209.22246774346	0.9998843446468427	0.00010352981897036103
55209.24290124578	1.0000259114259316	0.00010353152636908227
55209.26333464846	0.9999861416745329	0.00010352678351961029
55209.30420145439	0.9998942033027554	0.00010351469489649108
55209.32463485777	0.9999668104068669	0.00010353973676723663
55209.345068161376	0.9997690205404782	0.00010348486294592037
55209.36550166533	0.9999685645765982	0.0001035178968620624
55209.38593506952	1.000076743817334	0.00010353358372265826
55209.406368373944	1.0002108511704062	0.00010354867367872422
55209.42680187871	0.9999745809118648	0.0001035323657040812
55209.44723528372	1.000146168433916	0.00010353714471198347
55209.46766868896	0.999975390745473	0.000103529015877606
55209.7333028816	1.000050680073875	0.00010352400793996201
55209.753736390565	0.9999577515304221	0.00010353536072983744
55209.77416979988	0.9999064148902126	0.00010351460929950972
55209.8150365192	0.9999802184588688	0.00010352187571448178
55209.83547002933	0.9998495016201554	0.00010353036202550416
55209.85590343968	0.9999209423934894	0.0001035327399232575
55209.876336750276	1.0000131223028135	0.00010351887218291764
55209.896770261104	1.0000285391581456	0.00010353652533861903
55209.917203672274	0.9999883504190789	0.00010351686804302327
55209.93763698368	1.0001049386295395	0.00010354217498732714
55209.958070495326	1.0002316273999972	0.00010352671445594929
55209.97850390731	0.9999520518865127	0.0001035263542919767
55209.998937219534	0.9999993683779268	0.00010353581356826194
55210.03980414479	1.000067011626879	0.00010355841784121914
55210.06023745783	0.9999362906642975	0.00010353953484280204
55210.0806709711	0.9999432203379865	0.00010351430805141531
55210.121537698455	0.9999184364088745	0.00010354760774896601