55444.35582199105	1.000001383150149	0.00010504826413785772
55444.37625522108	0.9999591998977629	0.00010504084381387396
55444.396688450885	1.0000718595274047	0.00010507321409690926
55444.417121680446	1.0001213770593438	0.00010502517508425398
55444.43755490978	0.9998788361756551	0.00010505718405142163
55444.45798813911	1.0000404416549042	0.00010504862845999717
55444.47842136798	1.0000526715273648	0.00010505159848093775
55444.49885459662	0.9999071656517126	0.00010504244037236031
55444.51928772502	0.9999797411515783	0.00010503962197920673
55444.53972105342	0.9999615291145901	0.00010502401159599707
55444.56015428136	1.0001008364507882	0.00010504412219703421
55444.58058760929	0.9999184653919566	0.0001050400327748741
55444.601020737	1.0002396161639497	0.00010505297804124079
55444.62145396424	0.9998506879122152	0.0001050126197317766
55444.64188729147	0.9999028797058032	0.00010502681455681944
55444.66232041848	1.0002364272382565	0.00010507615872132088
55444.682753645255	1.0000777600045536	0.00010506896836907623
55444.70318697179	0.9999366813688085	0.00010505594384752961
55444.7236200981	0.9999881328338943	0.00010505077308536712
55444.744053324175	0.9998871003572755	0.00010505053813259104
55444.76448665001	1.0000938891400701	0.00010506957480578278
55444.78491987562	1.0000444622021682	0.00010504515281196628
55444.805353001	1.0000243185014133	0.00010506362161389903
55444.82578632637	0.9999514157462446	0.00010506781321743087
55444.846219551284	0.9999224218653415	0.00010507342628381641
55444.866652676195	0.9998532654469275	0.00010505914475132591
55444.887086000635	0.9999463133294818	0.00010507153516042106
55444.90751922508	1.0001697681912154	0.00010504581040701815
55444.927952549064	1.0000804928917308	0.0001050566992355211
55444.94838567304	1.000167433696625	0.00010507788857524001
55444.968818896785	0.9999462648830023	0.00010507055266713163
55444.9892522203	1.0000332720699734	0.00010503705608337846
55445.009685343575	1.0000701855675207	0.00010506081214987768
55445.030118566625	0.9999552478772163	0.0001050076445307535
55445.05055178944	0.999980111008275	0.0001050376941707384
55445.07098501202	0.9996720388126266	0.00010503816264230984
55445.09141823437	1.0000101262422971	0.00010505909588275207
55445.11185145672	0.9998864423885031	0.0001050413846128935
55445.1322846786	0.9998926235391128	0.00010507575233778919
55445.15271790025	1.0002053548892835	0.00010507318432521091
55445.173151121904	0.9999924230412679	0.00010504467523831339
55445.193584343084	1.0000150324637433	0.00010505883628478423
55445.21401756427	0.999826985866751	0.00010505752629802363
55445.25488400594	1.0000738626365897	0.00010503692434799213
55445.275317226195	1.0000323301575116	0.00010504269636914299
55445.29575054645	0.9999454627981911	0.00010505766395859911
55445.316183666466	0.9999738286781041	0.00010504785009616071
55445.357050205814	1.000159972480328	0.00010505537243871126
55445.37748332536	1.000120056358081	0.00010505044559262369
55445.397916644455	1.0002675713412676	0.00010506856771999248
55445.418349863314	0.9999239146399239	0.00010500485993994899
55445.438782982164	0.9997503567155197	0.00010503147126393817
55445.45921630056	1.000044953847436	0.00010503516067926732
55445.47964951895	1.0000709524500193	0.00010502851783338923
55445.50008263687	0.9999947685002806	0.00010504186231344573
55445.5205159548	0.9999478288351771	0.00010503109973413172
55445.54094917249	1.000002098818258	0.00010497293132623748
55445.56138228995	1.0000642589816324	0.00010504767849733819
55445.62268204093	0.9998526254608279	0.00010502455551229291
55445.64311525746	1.0000732729050326	0.0001050264352016093
55445.663548473756	0.9998600758487295	0.00010502085540106219
55445.683981689814	0.9999497996326987	0.00010498252859466414
55445.70441490588	1.0000580306598148	0.00010502036509135054
55445.72484812148	0.9999150845176029	0.00010499182350629881
55445.74528143707	1.0001141769177477	0.00010500768723162311
55445.7657145522	0.999924168316993	0.0001050176337205844
55445.80658108223	1.0001537567416725	0.00010499880649857
55445.8474474111	0.9999987556973514	0.00010501069958205536
55445.867880725295	0.9999933293465788	0.00010499820064776197
55445.88831383926	0.9999219250889272	0.0001050193740159692
55445.908747053	0.9999849326553901	0.00010500932248410353
55445.9291803665	1.000115247402833	0.00010500415467322837
55445.94961348	1.0000203281158742	0.00010498603098087177
55445.97004669304	1.0000709996477515	0.00010499591441272774
55445.990480005836	0.9999533398232877	0.00010502389459615757
55446.01091311864	1.0002285156662827	0.00010502245191381809
55446.03134633097	1.0000934596188473	0.0001050085699359288
55446.05177964331	0.9999395918288423	0.00010500958696140478
55446.07221275542	1.0000226494180906	0.00010499807590941505
55446.09264596706	0.9999860453036181	0.0001049767008831033
55446.11307927869	0.9998917355519941	0.00010502422582009345
55446.1335124901	1.0000643895494428	0.00010499835039151124
55446.15394570127	0.9999340991653269	0.00010501750060313563
55446.194812123154	0.9999663799788439	0.00010500402069867496
55446.215245333624	1.000091867678712	0.00010501543366405907
55446.23567854387	1.0001783824361663	0.00010502066908859537
55446.25611175411	0.9999745897045579	0.00010501015316873234
55446.27654506388	0.9999004898647817	0.0001050315230803115
55446.29697817366	0.9999721217429933	0.00010501515108252019
55446.317411382974	0.9998663779985016	0.00010500835317993535
55446.33784469228	0.9999352522757153	0.00010502838830945272
55446.35827780136	0.9999230321941088	0.00010503084585919316
55446.37871100997	0.9999679195621156	0.00010499815841540593
55446.39914431858	1.0000563125967343	0.00010502768055798607
55446.41957742696	0.9999611369330581	0.0001050088107711212
55446.44001063534	0.9999686680426025	0.0001050076209332358
55446.46044384325	0.9999915639696703	0.00010503116450506359
55446.48087705093	1.0000372011143286	0.00010503248557159712
55446.50131025838	0.9999550965953379	0.00010500304383523343
55446.521743465826	1.0000631101206245	0.00010502352611896416
55446.54217667281	0.9999933118804507	0.00010501998805552278
55446.562609979796	0.9996758221743468	0.00010501929159633712
55446.583043086306	1.0001267992436484	0.00010500303563145087
55446.603476292825	0.999946374031549	0.00010501390405754438
55446.62390959911	1.0001200112674757	0.00010503675013242218
55446.64434280516	1.0001168082618954	0.00010502973819260711
55446.66477591098	0.9998561987060429	0.00010501767184795196
55446.685209216565	1.000295148329964	0.00010501228702254384
55446.70564242191	0.9996406973008491	0.00010498031250456213
55446.72607552703	0.9999287281424512	0.0001050317990300263
55446.746508832155	0.9999997415079307	0.00010502462215098907
55446.766942036804	1.0001006636299676	0.00010503419133022514
55446.787375141226	0.999979944580743	0.00010501687456425752
55446.80780844565	1.0000896145184606	0.00010503083505363765
55446.82824164983	0.9999826389848248	0.00010501158849821102
55446.84867475356	1.000041738437013	0.00010502793384624459
55446.86910805728	0.9998271397108455	0.0001050066454394595
55446.88954126077	0.9998926889400627	0.00010503680107288803
55446.909974364025	1.0000053122969648	0.000105010464748733
55446.93040766705	0.9999270606452467	0.00010501482312842396
55446.95084086984	1.0000757577977413	0.00010503709316611838
55446.9712741724	0.9999712898895089	0.00010501960298495765
55447.01214047705	1.0000482417759584	0.00010504105439248441
55447.03257377914	0.9995405296331581	0.00010501606682705258
55447.05300688077	0.9992646237849522	0.00010501410726903642
55447.07344008239	0.999166874563534	0.00010501603533236282
55447.09387338356	0.9992219918717463	0.00010501103152056696
55447.11430658471	0.9993331213957546	0.00010502562413765113
55447.13473968564	0.9990390228580648	0.00010497415678656375
55447.15517288634	0.9989268315395867	0.00010497855911384474
55447.17560608681	0.9993011545323202	0.00010501146970936471
55447.19603928703	0.9991108544035574	0.00010499796554099813
55447.216472587264	0.9991130800200346	0.00010500506568993373
55447.23690568703	0.999065840234449	0.0001049857267108282
55447.25733888656	0.9989658208937615	0.0001049867107372718
55447.27777218609	0.9990619653460416	0.00010502242379972257
55447.29820528516	0.9990768250481964	0.00010499665659200353
55447.31863848422	0.9990804330227239	0.00010500275663200532
55447.339071783055	0.9988563871253964	0.00010501137868635532
55447.35950488166	0.999186700674088	0.00010500498633523335
55447.37993817979	0.9992214158395859	0.00010499454388117446
55447.400371377924	0.9992883328929008	0.00010500847655407601
55447.42080447606	0.999177678979966	0.00010501899543843123
55447.441237773724	0.9992670525984967	0.00010502500443667298
55447.46167097116	0.99924957295756	0.0001050009156882222
55447.48210416836	0.999375560554539	0.00010502173996082616
55447.502537365566	0.9997938650192842	0.00010505013014499639
55447.522970562306	1.000117608942543	0.00010506124819864508
55447.543403759046	1.000067060601868	0.00010506687993905283
55447.563836955545	1.0001335934985296	0.0001050764514625535
55447.58427015159	1.000056640546577	0.00010504717096295431
55447.60470334762	0.9999099312117635	0.00010505803773622926
55447.62513654343	0.9997914955397647	0.00010506052680646179
55447.645569739005	0.9999058045742997	0.00010505257066218665
55447.66600293435	1.0001296887395403	0.00010506188166639883
55447.686436229684	0.9998507303829429	0.00010505033212900062
55447.70686932456	1.0000964216595174	0.00010503686775017219
55447.7273026192	1.0000218911546415	0.00010501871234411855
55447.74773581384	0.9999791585355894	0.00010504627988219471
55447.76816890802	1.000140924948911	0.00010504718825812209
55447.78860220219	1.0001461533396787	0.00010505493304850833
55447.80903539614	1.0000353732397818	0.00010504825825405757
55447.82946848985	0.9998906410894483	0.00010506159739132654
55447.849901783324	0.9999145929054661	0.00010505136441320345
55447.87033487657	1.0001598336613722	0.00010506522873067589
55447.890768069585	1.00006148601621	0.0001050625961352489
55447.91120136236	1.000019645921781	0.00010505809876235609
55447.93163445491	0.9998702288621643	0.00010504317931160802
55447.95206764746	1.0000123777392735	0.00010508412440017207
55447.97250093953	1.0000296349014228	0.0001050538499843813
55447.992934031616	1.000040275791018	0.00010507320214392276
55448.013367223466	0.9998218259587578	0.00010506532008829838
55448.033800514844	1.0001040934333336	0.00010507697615426549
55448.05423370623	0.9999118148632017	0.00010507531325664817
55448.07466679738	1.0000261248768445	0.00010507281384660069
55448.11553327898	1.0000607513117454	0.0001050811797684275
55448.135966569665	0.9999306514336181	0.00010506806733183613
55448.15639965988	1.000108539248285	0.00010507485887689811
55448.176832849866	0.9999096018055614	0.00010505595108832092
55448.197266139854	0.9999808175169699	0.00010511597748383678
55448.23813241889	0.9999682539958843	0.00010509171111341579
55448.25856570818	0.9999700137396926	0.00010511339437820023
55448.27899879723	0.9999012450766289	0.00010510159270549484
55448.31986527464	0.9998896359863005	0.00010508289997755936
55448.34029836299	0.9999979023424345	0.00010506195620955525
55448.36073155112	0.9999138637530866	0.00010508865679249556
55448.381164839244	1.0001539984099026	0.0001050861560078024
55448.401597926895	1.000091015365321	0.00010506632725994297
55448.422031114555	0.9999929358821671	0.00010503132961203403
55448.44246440198	1.0000221538769862	0.00010506931857665009
55448.462897488935	1.0000257727928867	0.00010506721433548902
55448.483330675896	1.0001410510979474	0.00010505552997947973
55448.503763962624	1.0002399578058145	0.00010503307159324812
55448.52419714911	1.0000834492015973	0.00010504987709088686
55448.544630335375	1.0000601845884898	0.0001050588245984168
55448.5650635214	1.000047666828137	0.00010498812528953582
55448.585496607426	0.999920338688506	0.00010503288280295493
55448.60592989299	0.9997943149406382	0.00010502571681974486
55448.626363078554	1.0000377206659377	0.00010500203770742678
55448.646796163644	0.9999696680077921	0.00010501062491335668
55448.66722944874	0.9999911874204908	0.00010502271116713192
55448.6876626336	1.0000481666893226	0.00010501966992517174
55448.70809571823	0.9998028658271398	0.00010501481131820394
55448.728529002634	1.0001534037301334	0.00010501660889614307
55448.7489621868	0.9998506210299889	0.00010499336376736797
55448.76939527073	0.9998603771918623	0.00010502260422972008
55448.78982855443	1.0000030475358965	0.00010502109597913247
55448.81026173812	0.9998335746370675	0.00010502522786266924
55448.83069482136	1.0000333177065173	0.00010500633665343022
55448.851128104594	0.999991198021024	0.00010504666324085443
55448.8715612876	1.0002220574769727	0.00010503804308124042
55448.89199447013	0.9999852033893876	0.0001050386383147621
55448.91242765266	1.0000221224994534	0.00010504583436510466
55448.93286083496	1.0000451507660244	0.0001050309211761269
55448.95329411703	0.9999906736455833	0.00010504025226595946
55448.973727299104	1.0000859567128875	0.00010506778818640056
55448.99416038071	0.9998894682849747	0.0001050450268977284
55449.014593662076	1.0001821793308203	0.00010508003815609785
55449.03502684345	1.0000191805317658	0.0001050865701608985
55449.05545992435	1.0000380991603537	0.00010505431362919771
55449.075893205256	0.9999126123398437	0.00010508156378803091
55449.09632638593	0.9999474000935928	0.00010506623794294829
55449.11675946637	0.9999799029263235	0.00010506822543540635
55449.15762592655	1.00018763729213	0.00010509292794847254
55449.178059006284	1.0000338060802723	0.00010509771927305693
55449.198492285796	0.9998739780472393	0.00010507805861667851
55449.218925465306	0.9999665672172502	0.00010508794993916583
55449.23935854435	0.9998936397213919	0.00010509655731324658
55449.25979182339	0.9997818584790309	0.00010510520250939859
55449.2802249022	0.9998024513206875	0.000105090046435955
55449.30065808054	1.0002352468483402	0.00010512654629148423
55449.321091358885	1.0000135050745387	0.00010511265256386439
55449.341524437	0.9999759015305137	0.00010511957511946565
55449.36195771487	1.000211644065056	0.0001051298709090446
55449.38239089275	1.0001373045703763	0.00010512959061105862
55449.40282407017	1.0000905323130374	0.00010512410237978236
55449.42325724734	1.0001440098195995	0.00010511801092512535
55449.44369042452	0.9998649507112917	0.00010511617623412991
55449.46412360147	1.0001075626485394	0.00010512035613986671
55449.48455677795	0.9999267969249884	0.00010510536875478976
55449.50498995443	0.9999525376507686	0.00010511418026216096
55449.52542313068	0.9998357699042879	0.00010510773417783796
55449.545856406694	0.9999938791142413	0.00010509805549388999
55449.56628948248	0.9999603730821072	0.00010511038636592329
55449.58672265826	1.0000252270595191	0.00010510892683475629
55449.607155933576	0.9998691015382352	0.00010509221345419501
55449.627589008895	0.9999807166190233	0.00010510900670144806
55449.64802218375	0.9998683070041646	0.00010509955531130351
55449.668455458595	1.0000896252186722	0.00010510060776599487
55449.688888533216	1.0001051775259249	0.00010510255059345505
55449.7093217076	1.0001429723627335	0.00010509907913688699
55449.72975498175	0.9998793192708946	0.00010509923155994833
55449.750188055674	1.0000336587741177	0.00010508316370715129
55449.770621329364	1.0000560335360822	0.00010509204600323361
55449.79105450281	1.0001349634789638	0.00010508913576339081
55449.81148767627	1.0000042951968207	0.00010509251023117692
55449.83192084926	0.9999925478642654	0.00010509138072067066
55449.852354022245	0.9998755293379349	0.00010506913002404934
55449.872787195	1.0000105127742172	0.00010509162861059102
55449.89322036753	0.999894580272354	0.0001050704391263813
55449.93408661187	0.9999200220298794	0.00010507951858276057
55449.9545198837	1.0001387561886455	0.00010508082800561171
55449.97495305529	1.0000685196692383	0.00010507693698185847
55449.99538612688	1.000197172158505	0.00010507341663317147
55450.01581939801	0.9998931250640254	0.00010506265248348185
55450.03625256913	0.9998150287064362	0.00010503575203443139
55450.056685640026	0.9999251577861867	0.00010505823719408009
55450.07711891069	0.9999349952126914	0.00010507107104628884
55450.09755208111	1.000146088741715	0.00010508342214655976
55450.11798535131	1.000081332533582	0.0001050701644235791
55450.13841842127	1.000023275375035	0.00010505553604764628
55450.158851591	0.9999313114869268	0.00010506102027366338