56404.50733944511	0.9996147629046275	0.00010935537641459693
56404.52777380352	1.0001665881154103	0.00010935660325282222
56404.54820806203	0.9996628171448092	0.00010934567853292304
56404.56864242065	0.9999981193902895	0.00010937320868373575
56404.589076579374	1.000187608742003	0.00010940519071634002
56404.60951083821	0.9999761291121243	0.00010937005166501738
56404.62994519715	1.0000050939282503	0.00010937518023134557
56404.65037935617	0.9999061932903789	0.00010937021498423475
56404.67081361532	1.0003589850303394	0.00010938128573415894
56404.69124797458	1.0000772166074212	0.00010939689800227868
56404.71168213396	0.9999889848630517	0.00010937849355425731
56404.73211649342	1.000143471282569	0.00010941610547888356
56404.752550753	1.0004110398886266	0.00010940797797282248
56404.77298491266	0.9999548461204134	0.00010941667626455865
56404.79341927245	0.9999686280695944	0.00010942369576654496
56404.81385353235	0.9998260032688276	0.00010938739991899839
56404.83428769234	0.9998973622806587	0.000109395073603379
56404.85472205244	1.0000518550998154	0.00010940209391942376
56404.875156312664	0.9998442471230734	0.00010938889868803415
56404.89559047297	1.0001560981556694	0.00010941394592915363
56404.916024833394	1.0000147072208838	0.00010940126465656358
56404.93645909391	1.000083007305588	0.00010936889341322586
56404.956893454546	0.999962982319076	0.00010940078185726298
56404.97732761528	1.000025984713478	0.00010937123923524515
56404.99776187611	0.9998653220957691	0.00010940066969827218
56405.018196237055	1.0000346573281407	0.00010936719971335742
56405.03863039812	0.9999649573813145	0.00010940424787748267
56405.079499020525	0.999983215225144	0.00010938772032210284
56405.12036754337	1.0001795676584035	0.00010937548877328397
56405.140801804926	1.0002022639311552	0.00010942259633954765
56405.1612359666	1.0000498041626404	0.00010940835955706802
56405.1816703284	1.0000214132591667	0.00010940426725953762
56405.20210459027	0.9998848952779499	0.0001093676211717549
56405.22253875227	0.9998275359289389	0.00010938362753129866
56405.24297311437	1.0000758608698403	0.00010941700799863147
56405.263407376566	0.9999131191443494	0.0001093923598020794
56405.28384163887	1.0000369710338077	0.0001094135365126347
56405.304275901275	0.9999339018140083	0.0001093981032520103
56405.32471016379	0.9998826747959151	0.00010938537980550154
56405.3451444264	0.9999327793301808	0.0001094053679968278
56405.365578689125	0.9998260896647485	0.00010940588896033099
56405.40644721486	1.0001119299912782	0.0001094023266430262
56405.42688147788	0.9997992619958395	0.00010937260845846397
56405.44731574102	0.9999477723481089	0.00010938816570649165
56405.48818426759	1.0002137215611944	0.00010938155391232744
56405.50861863104	0.9998645742014749	0.00010939443375309288
56405.52905289458	1.0001210593689736	0.00010936458643822077
56405.54948705822	1.0002537719911289	0.00010939442651240336
56405.56992142197	1.0001021209273928	0.000109421536391162
56405.59035568582	0.9998422217246545	0.00010938120725879722
56405.61078984978	1.0001634337043208	0.00010939188141661653
56405.63122421382	0.9998795705328092	0.0001093920870978138
56405.67209264226	1.0000987179119718	0.00010941783619225463
56405.692527006606	1.00002599403118	0.00010941741316568131
56405.71296127108	1.0000346751489007	0.00010939069284450247
56405.733395635645	1.0000093608530884	0.00010937156875337166
56405.75382980031	0.9999665854363123	0.00010939037137611727
56405.77426406509	1.0001889867662863	0.00010940162156303676
56405.79469842996	0.9998365578865926	0.00010940377149280156
56405.81513259494	0.9998240007748446	0.00010941182609219373
56405.83556686001	1.0000463957910293	0.00010939018334782256
56405.85600122519	0.9998265232077476	0.00010939561701486737
56405.87643539048	0.9997958137890731	0.00010940454948206495
56405.91730402134	0.9998979591929401	0.0001094231926915571
56405.93773818693	1.0000346071610509	0.00010944399575452457
56405.958172552615	0.9998505210654012	0.0001094120827051689
56405.9786068184	1.0000576069663767	0.00010941784998026552
56405.99904108429	1.0001510979388835	0.00010940096815912087
56406.01947535027	0.9999951373511442	0.00010941990009346029
56406.03990961636	1.0000337856898407	0.00010939116173805242
56406.060343782556	1.0000495804594667	0.000109440850219891
56406.10121241523	1.0001061866891279	0.00010942551917328955
56406.121646681735	1.0001930928057472	0.00010943754591467058
56406.14208094833	1.0000059168599449	0.00010941277641650427
56406.162515215015	1.0001816162315578	0.00010939624644760697
56406.18294958182	0.9999780332428732	0.00010942481773684047
56406.20338374871	0.9998661779893386	0.00010941894164061745
56406.2238180157	0.999880742283119	0.0001093822358321503
56406.2442523828	0.9999919368032628	0.00010942817367732364
56406.26468655	0.9998348865306224	0.00010941270332630494
56406.28512091729	0.9998353440538694	0.00010940502353547591
56406.305555184685	0.9998569076727777	0.0001094128413386931
56406.325989352175	1.0000458031951782	0.0001094181140726194
56406.34642371978	1.000081490693703	0.00010944618751176898
56406.366857987465	0.9999871282268774	0.00010941949116787462
56406.38729215526	0.9999752107986293	0.00010941546416087401
56406.40772652315	1.0002859856473982	0.00010945164222233643
56406.42816079114	0.9999722783866168	0.00010942439696868209
56406.448594959234	1.0001805456867254	0.00010942919168828486
56406.469029327425	0.9998654150602081	0.00010942581191020521
56406.48946359571	0.9998704793097413	0.00010941509593506388
56406.509897964104	1.0001155214462187	0.0001094341776019913
56406.530332132585	0.9998832095264993	0.00010940975102236636
56406.55076640117	0.999970301310661	0.00010943909509238486
56406.57120076985	0.9999061630910284	0.00010942490237197661
56406.59163493864	1.0000501848091643	0.00010943637348984398
56406.61206920752	0.9999569620194229	0.00010943400594841357
56406.63250357651	0.9999989170312134	0.00010945050044256044
56406.65293784559	1.0000798576899492	0.00010943627174265705
56406.67337211477	1.0001819910034382	0.00010945108446018747
56406.693806384035	0.9999713521458287	0.00010942797917060147
56406.71424055341	0.999799063979253	0.00010941045068209106
56406.73467492289	1.0001003868819638	0.00010943365585100504
56406.755109192454	1.0000344885700099	0.00010943948194655487
56406.77554336212	1.0000226139786168	0.00010941976615605085
56406.79597773189	1.0000213168541194	0.00010943516855219992
56406.816412001746	0.9999884754508097	0.00010943008509370659
56406.83684617171	1.0000260776389343	0.00010942060573149642
56406.85728054178	0.9998161104003259	0.00010943969376895988
56406.877714811926	0.999869056672884	0.00010942531729077084
56406.89814918218	1.0000270850450013	0.00010942286653679246
56406.91858335254	1.000045727480197	0.00010944303775132479
56406.93901762298	1.0000028068529927	0.00010941599307261777
56406.959451993534	0.9999958360781933	0.00010943303837944737
56406.979886164176	0.9999649516679622	0.00010942272340072921
56407.000320434905	1.0000086141176192	0.00010943540469814571
56407.02075480575	1.000217022659267	0.00010944147997603
56407.041188976684	1.0000096912620802	0.00010940370768343729
56407.06162334771	0.9998173356177941	0.00010939152622212403
56407.08205761884	1.0000907102638126	0.0001094206988299313
56407.102491790065	1.0000848680115066	0.00010942378582198904
56407.122926161384	0.9998486192915799	0.00010940314708932532
56407.143360432805	0.99997542370229	0.00010941118092171721
56407.16379470433	0.9997677281573959	0.00010939735909938056
56407.18422897592	0.9994370994149009	0.00010937671267805706
56407.204663247634	0.9992964446866356	0.0001093716281464497
56407.22509751944	0.9990790962822734	0.00010935518058308501
56407.24553179134	0.999143639538307	0.0001093577651329122
56407.26596606333	0.99922064547471	0.0001093396364756442
56407.286400335426	0.9992784405331301	0.0001093646637335573
56407.30683470761	0.9989314233463273	0.00010933940899995628
56407.32726887989	0.9991060468064273	0.0001093314774687957
56407.34770315227	0.9988943253546573	0.00010935058759250157
56407.36813742474	0.9987849322117419	0.00010933105775846288
56407.38857169731	0.9990407242132399	0.00010932957794469733
56407.409006069975	0.9991694931757873	0.0001093438307037202
56407.42944024273	0.9989892817217624	0.00010931309817866728
56407.44987461559	0.9989722470687122	0.00010932682009822752
56407.47030888854	0.9990350635478031	0.00010933552355853945
56407.490743061586	0.998841018664228	0.000109318228371725
56407.511177434724	0.9988161568059946	0.00010931550106465879
56407.53161170796	0.9989743459550436	0.00010931517744147742
56407.55204588129	0.9989549582705205	0.00010931583613463773
56407.57248025471	0.9987351238599085	0.00010931043941913551
56407.592914528235	0.9990478859765383	0.00010932293757382855
56407.613348901854	0.9991077166831823	0.00010932414531047231
56407.63378307555	0.9992859153295227	0.0001093213294574844
56407.65421734935	0.9997449807330525	0.00010935795116411677
56407.67465172326	0.9997884053944511	0.00010933764248074156
56407.69508589724	1.0000407194911314	0.00010936010592814485
56407.71552017133	0.9997712324234006	0.0001093612773791992
56407.73595454552	0.9999658859763662	0.00010937940354169775
56407.75638871978	1.0001232760509713	0.00010937602307044954
56407.79725736862	1.0000318788857196	0.00010935920287740745
56407.81769164317	0.9999466140704826	0.0001093775534623619
56407.83812591782	1.0001818926148973	0.00010937674774510764
56407.858560192566	0.9999522291187294	0.00010937768077385427
56407.8789944674	1.0003328956144113	0.00010939727933634348
56407.89942874233	0.9999870515722891	0.00010936972541803166
56407.919863017356	1.000028890917251	0.00010938067277061713
56407.940297292465	1.0001642286164438	0.00010938139268807219
56407.96073156768	1.0001605795894064	0.00010939684914764107
56407.98116584298	0.999991308302666	0.00010939964441716273
56408.001600118376	0.9999065107224566	0.00010939135634070606
56408.042468669446	0.9999546761066599	0.00010938158834529464
56408.062903045124	1.000207875152011	0.0001094009262748958
56408.08333722088	0.9997441534608256	0.00010938952226035743
56408.103771496746	0.9998719621821015	0.00010939686805804167
56408.1242058727	0.9999771159975475	0.00010939221949426623
56408.16507432488	0.9999567676695076	0.00010939556519979169
56408.18550870111	0.9999546694816227	0.00010940054249010265
56408.20594287742	0.9998388228214811	0.0001094078371664973
56408.22637725385	1.000013848047939	0.00010940240295103329
56408.24681153035	1.0000125827126294	0.00010940189421462102
56408.26724570694	0.9998915972466889	0.0001093817480348764
56408.28768008364	1.0001007800429016	0.0001094060209228611
56408.30811436042	0.9999476572544647	0.00010941006933022634
56408.32854853728	0.9999096090497337	0.00010940584465691585
56408.348982914256	1.0000095896574828	0.00010940183205780851
56408.369417191316	0.9999843755610902	0.000109410789734448
56408.38985156846	1.0000912635678105	0.00010941921137068941
56408.410285745704	1.0000980967831572	0.00010940621951997476
56408.43072002303	0.9998953678672099	0.00010940964548258014
56408.451154400456	1.0000825274973557	0.00010939050918373408
56408.47158867797	1.0001455481801598	0.0001094213286925001
56408.49202285557	0.9998323761061914	0.00010939689585771315
56408.512457233264	1.0000170480774981	0.0001094031131606531
56408.532891511044	1.0001132454586723	0.00010941467132580126
56408.553325688925	1.0001506041704673	0.00010939958245221785
56408.573760066894	1.0000561798378926	0.00010941312760726548
56408.59419434495	1.000037948989092	0.00010939763669178307
56408.614628623094	1.0000159231022046	0.00010939090941235409
56408.655497079664	0.9998779438065443	0.0001093966238817288
56408.67593145809	1.0000431656054862	0.00010940863499922895
56408.71679991519	0.9999486818015487	0.0001093835720533181
56408.73723429388	1.0000105572137756	0.00010939076171688714
56408.75766857267	1.0000434295686174	0.00010940825046931894
56408.77810295154	0.9999334204050765	0.00010940173184330498
56408.7985371305	1.0000051362459994	0.0001094003064448913
56408.83940578869	0.9999512354142408	0.0001093991787704781
56408.88027424723	1.0000130406409882	0.00010938918569665778
56408.92114280614	0.9999752323171829	0.00010939457780365012
56408.9620114654	0.9999851159851254	0.00010939974777202876
56408.98244564516	1.0000444563228867	0.0001094077567875499
56409.002880025015	1.0000302964761472	0.00010938753627270241
56409.02331430496	0.9999594739984111	0.00010939594250582749
56409.04374858499	0.9998214986107447	0.00010938433371334818
56409.064182865106	0.9999565352693777	0.00010938347452656846
56409.08461714532	1.0000232054626519	0.0001093940928246546
56409.10505142562	0.9997137560115118	0.00010937236178629195
56409.125485706005	1.0000209911247222	0.00010937588778494823
56409.145919986484	0.9999081977469648	0.00010939491352056181
56409.16635426704	1.0000207940260006	0.00010939094739218276
56409.18678864769	1.0001820553694076	0.00010939349191627752
56409.20722282843	1.0001103636892563	0.00010940422592977361
56409.22765720926	1.0000707238627384	0.0001093748115577181
56409.248091490175	1.0001078321652126	0.00010939284726583938
56409.26852567118	0.9999025524319645	0.00010937777233647325
56409.28896005227	0.9999636415207431	0.00010937180906384095
56409.309394233445	1.0001139915946429	0.00010938530434796797
56409.32982851472	1.0000130857229943	0.00010938826065738985
56409.35026289606	1.0002460245779647	0.00010937437412205458
56409.391131459044	1.0000701373457088	0.00010937551810342025
56409.41156574065	0.9999002377271713	0.00010935000597543854
56409.43199992236	0.9999203428472069	0.00010936352008501011
56409.452434304156	1.0000411778032297	0.00010936586883955635
56409.472868586025	0.999980256413853	0.00010937485240394848
56409.49330276799	0.9998062130668199	0.0001093637666115908
56409.51373715005	0.999985468461444	0.00010935853601330375
56409.55460571441	0.9999636935629491	0.00010935882325841278
56409.57503999672	1.000127424123618	0.00010937610890449316
56409.595474279115	0.9998902213960053	0.00010936653085602179
56409.61590866161	1.000014405505915	0.00010937312012982274
56409.63634284418	1.0001373049692752	0.00010936943860207494
56409.65677712683	0.9999446523145347	0.00010934617045505764
56409.67721150959	1.0000139460377009	0.00010936203991115667
56409.69764579241	0.999974971339902	0.00010936738948036056
56409.718079975326	0.9999293627744669	0.00010936875989868823
56409.73851435834	0.9998747665326171	0.00010936508503234998
56409.758948641414	1.000009877828054	0.00010936009290367497
56409.77938292459	0.9999185051380239	0.00010936434733237741
56409.79981720786	0.9999080931360605	0.00010936046138261245
56409.8202514912	1.0001163026976412	0.00010937379829992651
56409.84068587464	0.9999264193451779	0.00010936655012865901
56409.86112005815	1.000151852913108	0.00010936873950976972
56409.88155434175	1.000207695748752	0.00010938550805560929
56409.922422909214	0.9998424520608233	0.00010936934815371085
56409.94285719307	1.000143565290843	0.0001093814363072091
56409.96329147702	0.9999616531371952	0.0001093710926577077
56409.98372576104	1.000114385251186	0.00010936752023448804
56410.00416014516	0.9999317350723244	0.00010935263532997693
56410.02459432936	1.000114591738673	0.00010938766988329074
56410.04502861364	0.9998893501359578	0.00010936021957203316
56410.06546299801	0.999910838862426	0.00010935273541431158
56410.08589718246	1.0000258682073346	0.00010936988885336972
56410.106331467	0.9999824676097412	0.00010936220569056571
56410.12676585162	0.9999577120635603	0.0001093756087908846
56410.14720003632	1.000082445797614	0.00010936241492636918
56410.16763442112	0.9997936336109682	0.0001093572694326373
56410.188068706	1.0001065137109109	0.00010937726179377797
56410.20850289095	0.9998761147118227	0.00010938233425058881
56410.228937276	1.0000974169198988	0.00010938096507543057
56410.24937156112	1.0000390728795332	0.00010939184182869651
56410.26980584633	1.0000900712496448	0.00010939551950646988
56410.29024013163	1.0000289468470818	0.00010936851210196668
56410.310674417	0.9999094014344658	0.00010936395695261596