56284.48018768459	1.0000386574191418	0.00010886514471984046
56284.50062065016	0.9999355399020539	0.00010887423165846913
56284.521053615834	1.0000081355531496	0.00010886551746781374
56284.54148648169	0.9999446499536694	0.00010886767624241156
56284.5619195477	1.0000043051860623	0.00010887664469578008
56284.58235251381	0.9999938073887191	0.00010886640455926112
56284.60278548011	1.000137655240241	0.00010888831277692965
56284.62321844658	1.0000969395493482	0.00010886884341766199
56284.64365141316	0.9999062226095853	0.00010888045127895153
56284.66408447992	0.9999056606489327	0.00010888302335680601
56284.684517346825	0.9998679759923031	0.00010886051503970573
56284.7049503139	1.0000945155361693	0.00010887200747951298
56284.7253833811	0.9999925360518451	0.0001088944624228908
56284.76624921595	1.0000743016764058	0.0001088941435535962
56284.786682283615	1.000033318575758	0.00010889514527443923
56284.80711515142	0.9998117268371729	0.00010889001511341296
56284.8275482194	1.0000615176967875	0.00010889423861526194
56284.8479811875	1.0000697877508502	0.00010888945478190161
56284.868414055774	0.9999460970898236	0.00010891029245414898
56284.88884712419	0.9998818231806218	0.00010889453450571855
56284.909280092754	1.0002787939073312	0.00010891492306863996
56284.92971296149	0.9999073911331766	0.00010888112535384417
56284.95014603037	0.9999901136992232	0.00010889290471202585
56284.970578999404	0.9999864329949817	0.00010890016045482985
56284.991012068545	0.9999266288122628	0.00010888209185488461
56285.03187790739	0.9999965171269777	0.00010891146119749987
56285.05231097703	1.0002004172469767	0.00010890711058253062
56285.07274384682	0.9999747179711749	0.0001088888618007023
56285.09317681678	0.9998050042161869	0.00010886696648129401
56285.11360988685	1.0000868527197098	0.00010889295678113606
56285.134042857106	0.9999256887523471	0.00010888967555885386
56285.154475727504	1.0000084944047367	0.0001089044250216788
56285.17490879807	0.9999940073425297	0.00010891147477583453
56285.19534166879	0.9999341156087109	0.0001088746010601126
56285.21577473963	1.000077523428773	0.00010888430877333048
56285.23620771066	1.0000162617481474	0.00010889853122912212
56285.256640581814	1.0000451295276738	0.00010890080683413624
56285.277073653146	0.9999315520179187	0.00010889347804155263
56285.297506624614	0.9999477217641204	0.00010890029415175968
56285.317939496264	1.0000175743370998	0.00010890137198316692
56285.33837256806	0.9999801835350146	0.00010889643676589203
56285.358805539996	0.999881539277208	0.00010887171513253107
56285.37923841208	1.0001884322251136	0.00010891044977213544
56285.399671484345	0.9998401914980618	0.00010889232033311088
56285.420104456716	1.0000886750577382	0.00010891302671135658
56285.44053752927	1.0001573856893264	0.00010891108815258628
56285.460970402	0.9999771057920057	0.00010889611471419647
56285.48140337486	1.0000667478088752	0.00010889122107098172
56285.50183644788	0.999912188583503	0.00010889116769446853
56285.54270229438	1.0000004800836586	0.00010888507836811439
56285.56313536786	0.9999380776941754	0.00010888384964362551
56285.58356824152	1.0001171863160978	0.00010887071030843483
56285.60400131529	0.9998474498259928	0.00010886746168785144
56285.62443428924	1.000037890081958	0.00010887926041585221
56285.644867263334	1.0000502762182202	0.0001088836760165419
56285.68573321204	0.9997585643520307	0.0001088803150113594
56285.7061661866	1.0000334661579466	0.00010887011083671714
56285.7265991613	1.00008171102255	0.00010887282727570552
56285.74703213618	1.000267597834285	0.00010889143980029007
56285.78789808643	1.0000290435318244	0.00010888109244812593
56285.80833106178	1.0000173945975634	0.00010887865403832535
56285.82876403727	1.000042370214245	0.00010887969564146629
56285.84919701293	1.0001406599226579	0.00010888620383063096
56285.869629988774	0.999866971167015	0.00010887858521706911
56285.890063064726	0.9999355414110103	0.000108890938762549
56285.91049594086	0.9998298285785552	0.0001088572660810662
56285.930928917165	1.0001383141186337	0.00010887283843268985
56285.95136199359	0.9998602567967299	0.00010887608297179211
56285.97179487018	0.9999226420001072	0.00010887830823529404
56285.99222784695	1.0001163233123138	0.00010888193917255291
56286.05352687814	1.0000809246137103	0.0001088988781142673
56286.07395985552	1.0001434046855382	0.00010889651094263909
56286.09439273307	0.9999424460047881	0.00010888358408282052
56286.11482581078	1.0000010329933575	0.00010889896357143666
56286.13525878862	1.0002311562010973	0.00010891746127506011
56286.17612474479	0.9997825094371473	0.0001088932857246987
56286.19655772313	1.0000845635285125	0.00010891052137488542
56286.216990801615	0.9999438368584712	0.00010889555208979334
56286.23742368025	0.9998264619609216	0.00010888952156085457
56286.257856659024	1.0000654214556415	0.00010891226484798835
56286.27828973798	0.9999723044941086	0.00010890720278720697
56286.29872271711	1.0000844745071202	0.00010888899827785497
56286.319155596386	0.9998683965142036	0.00010887922643306804
56286.3395886758	1.0000694530249543	0.00010889098264765518
56286.3600216554	1.0000479495543002	0.00010889714057426574
56286.38045453516	1.0000643577752335	0.00010891546585762844
56286.40088761505	1.0000750644331269	0.00010889816902006582
56286.42132059511	0.9999540272909413	0.00010890195728158105
56286.44175357534	0.9999003781561617	0.00010888719618925236
56286.46218655572	0.999793435001182	0.00010890055913856389
56286.48261943625	0.9997854305112769	0.00010889315855105895
56286.50305251694	1.0001435287640585	0.00010891671061918973
56286.52348549782	1.0000941063577633	0.0001089253864936638
56286.54391837884	1.0000778377061461	0.00010890189835181842
56286.56435146	0.9997616228314182	0.00010890643348143119
56286.584784441344	1.000263465060162	0.0001089151993334406
56286.60521732283	0.999824381136215	0.00010888727157488922
56286.62565040449	1.0001077809823442	0.00010889139130016965
56286.646083386295	1.0000958378198226	0.00010889189649375988
56286.66651646825	1.0000430234609852	0.00010889507368750297
56286.6869493504	1.0000350821066752	0.00010889486637254932
56286.70738233267	1.000115208292053	0.00010891430606314394
56286.72781541512	0.9999068904301972	0.00010891720832659384
56286.748248297736	0.9999876683332377	0.00010891581490677008
56286.768681280504	0.9998683102224394	0.00010888476888251585
56286.78911436342	1.0002590088194445	0.00010890350305717496
56286.80954724653	0.9999609772037625	0.00010887782006846942
56286.82998032976	0.9997545025618985	0.00010889071532905914
56286.850413313165	0.9999004396799628	0.00010889753483085227
56286.87084629675	1.000257457950308	0.00010891447496824089
56286.89127928048	0.9999737388575294	0.00010889404869244422
56286.91171226438	0.9997126964649178	0.00010888226101802033
56286.93214524842	0.9999204173466794	0.00010888469606542067
56286.952578232616	1.0001705884221639	0.0001088968982077638
56286.97301121698	1.0000442070394548	0.00010889897690935536
56286.99344420152	1.0000970751397298	0.00010888466985014345
56287.01387728621	1.0000497523502232	0.00010889793832289344
56287.034310171075	1.0001027422745425	0.00010888042760695949
56287.05474325608	0.9999458393257549	0.00010887813922261218
56287.07517624126	1.0000675172009201	0.00010889903823813533
56287.09560912661	0.999943816150312	0.00010888487300951308
56287.11604221209	0.9997994445015087	0.00010886965770026912
56287.13647509774	0.9998482931999955	0.00010885144444983329
56287.15690808359	0.9995760355898414	0.00010885431983370792
56287.177341169554	0.9991108589413591	0.0001088252720670461
56287.1977740557	0.9992110986568675	0.00010884413262505282
56287.21820704201	0.998961791286933	0.00010881510589554962
56287.238640128475	0.9990455698177164	0.00010884442718890281
56287.25907301511	0.9992067201565356	0.00010884082885208845
56287.27950610189	0.9989205453258866	0.0001088330984026889
56287.29993908885	0.9989335455146049	0.00010883187895945398
56287.320371975955	0.9988489145170497	0.00010882685929863999
56287.34080506323	0.9988140755485064	0.00010882463305689305
56287.36123805068	0.9990002432845271	0.00010885042908759246
56287.38167103828	0.9989060567540711	0.0001088426889788434
56287.40210402602	0.99884811544435	0.00010882081656006404
56287.42253701397	0.9993653295605132	0.00010886822541285886
56287.442970102034	0.9991674911682188	0.00010886327874340801
56287.463402990295	0.9991305873868703	0.00010885633529670314
56287.48383597871	0.9992550496997019	0.00010886854351534834
56287.5042690673	0.9992589021264457	0.00010886867716453919
56287.52470205603	0.9990276907367991	0.00010886473945810681
56287.545134944936	0.9992800030567193	0.00010887608245118532
56287.56556803402	0.9992987984982752	0.00010887584283644849
56287.58600102324	0.9993355561284509	0.00010888304010922517
56287.60643391262	0.9995636728671173	0.00010887819326396356
56287.62686700217	0.9999354503422045	0.00010890932592270234
56287.667733081784	0.99999028132187	0.00010891460756218454
56287.68816597183	1.0000711457933342	0.00010890719407124222
56287.70859896204	1.000144623674441	0.00010892715836784595
56287.729032052404	0.99999517396126	0.00010891247774496623
56287.74946494294	0.9999589302217781	0.00010890022775114683
56287.76989793365	0.9999866149100054	0.00010892286113893189
56287.79033092451	0.9999725839291613	0.00010892626691470087
56287.81076391554	1.000087469958563	0.00010891063277714286
56287.831196806714	1.000120750083934	0.00010892816783695694
56287.8516298981	0.9999343552558211	0.00010892063682144464
56287.8720628896	1.0000028117545212	0.00010891706729535803
56287.892495981294	0.9998844855116783	0.00010890747028928945
56287.91292887314	0.9999801099968334	0.00010891331612703683
56287.933361865165	0.9998623632298057	0.00010891718150495687
56287.95379495733	0.9999562218299686	0.00010890844561865571
56287.9742278497	0.9999774374916051	0.00010890741870779774
56287.99466084219	0.9997611003131092	0.00010888818780812817
56288.015093934875	0.9999847739044939	0.00010889744794153903
56288.03552682768	1.0000990052936785	0.00010889973868141922
56288.05595992069	1.000096017405881	0.00010890367276749803
56288.07639291388	1.0001282982076776	0.00010890043577798244
56288.09682590721	0.9999169519242359	0.00010888285962105812
56288.11725890072	1.0001070654855664	0.00010890503627230962
56288.137691894364	0.9998095894487129	0.00010887398490236486
56288.15812488819	1.0000131754767272	0.00010888437871846747
56288.17855798219	1.0001891637934712	0.0001088913684861457
56288.198990876364	0.999987430411618	0.0001088957618209926
56288.21942387069	1.0000876985458151	0.00010890456802793496
56288.23985696518	0.9998486315271632	0.00010889451442828127
56288.26028985982	0.9999958013289357	0.00010888295871526556
56288.28072295467	0.9999889684430986	0.00010888334492214748
56288.30115594965	1.0001309530628617	0.0001088755512060627
56288.32158884482	1.000051153962581	0.00010890409213655872
56288.34202194013	0.9999558821864842	0.00010889321274963249
56288.36245493561	1.0000469762951842	0.00010888896868039834
56288.38288783127	0.9999634109620189	0.00010890698925004526
56288.40332092708	1.0000972946304205	0.0001088834743970409
56288.42375382308	0.9999001308858817	0.00010889766417944033
56288.44418691924	0.9999896557439567	0.00010891214533075809
56288.485052812044	0.9999853067990996	0.00010890134326843612
56288.50548590872	0.999952781181156	0.00010890688656059859
56288.525918905514	1.0001044229066762	0.00010890840509110772
56288.546351902536	1.0000500895893112	0.0001089128387091385
56288.56678489968	1.0001787136636815	0.0001089403095635938
56288.587217897	1.0000694227851854	0.00010893272414144458
56288.60765089449	0.9999719845126717	0.00010892571475382188
56288.62808389216	0.9998118993799163	0.00010891451618521497
56288.648516889945	0.9997941207441832	0.00010890930198106592
56288.66894998796	0.9998884607929269	0.00010891627707748762
56288.68938298609	0.9998717699510604	0.00010890904052946606
56288.70981588446	0.9999558709504218	0.00010892937461061973
56288.73024898294	0.999905850563298	0.00010894849728130193
56288.77111488043	1.0001087481073059	0.00010894106014655995
56288.79154797943	0.9998498839049001	0.00010892273927151942
56288.811980978615	1.000064960836326	0.0001089513600721005
56288.83241387791	0.9999174716307714	0.00010893202730648011
56288.85284697744	1.0000733118836522	0.00010893138607721946
56288.87327997709	1.0002449096162171	0.00010894662825080584
56288.89371307696	1.0001906710384088	0.00010893948876567752
56288.91414597696	1.0001587805730694	0.00010892942606462687
56288.93457897713	0.9999319466792869	0.00010893094430392149
56288.95501207748	1.0001276685597018	0.00010893476112451325
56288.975444977994	1.0002778854059242	0.00010895171840867757
56288.99587797869	1.0000358566708725	0.00010893241983621871
56289.0163110795	0.9999012450213551	0.000108933034156843
56289.03674398054	0.9999098535254828	0.00010890691176308629
56289.05717708176	0.9999512758866356	0.00010890937032177242
56289.0776099831	0.9997591149734242	0.00010890767410859661
56289.0980429846	0.9998819688722694	0.00010890439873577362
56289.11847608635	1.000032279617395	0.00010891728232567732
56289.159341990235	0.9997974834235583	0.00010891226829366066
56289.179775092445	0.9998961879198405	0.00010890902086544695
56289.20020799483	0.9998874571349035	0.0001089129383993745
56289.22064099738	1.00004269921377	0.00010890227577539068
56289.24107410006	0.99998845767387	0.00010891319085849354
56289.26150710296	1.0001978489551555	0.00010892718220694324
56289.28194010598	1.0000401211282535	0.0001089112718146741
56289.30237310924	1.0001193141480234	0.00010892080875290329
56289.32280611261	1.0000579534012146	0.00010893086186481242
56289.34323911621	0.999827969401657	0.00010891717366053731
56289.36367211994	0.9999702570977378	0.00010890979652417361
56289.38410512383	1.0003210585866722	0.00010893719621806207
56289.4045382279	0.9997955035328226	0.0001088939780543809
56289.424971132146	1.000219324197401	0.00010891867585031984
56289.44540423656	0.9999158827321509	0.00010890949082047223
56289.46583724116	1.0000353248691565	0.00010892557405029622
56289.48627014593	0.9999835866689994	0.00010892337074911136
56289.50670325087	1.000005732018434	0.00010891601920696342
56289.52713625599	0.9998399227948574	0.00010891249913231534
56289.54756916122	0.9999710263812333	0.00010891903953552197
56289.568002266686	1.0001314822528993	0.00010893162306459038
56289.58843527227	1.0000177355915358	0.00010890928539490463
56289.60886817809	0.9998846746667365	0.00010891005611686118
56289.62930128402	1.0001322970182456	0.00010892402971404014
56289.649734290186	0.9999244016377957	0.00010891324624898085
56289.67016739647	1.000025284214166	0.00010892013985827228
56289.69060030292	1.0001089911662784	0.00010893966643344286
56289.711033309555	0.9997186925735766	0.00010891762001329808
56289.73146631636	0.9999459050088512	0.00010892259473579358
56289.75189932334	0.9999592821298637	0.00010893907476924354
56289.772332330554	1.000027221830855	0.00010893550222322105
56289.79276533789	1.0000295511754054	0.0001089242918306864
56289.81319834533	1.0000926420016107	0.0001089507323779032
56289.83363135301	1.0000582079355231	0.00010893405298776893
56289.854064360865	1.0001050991344382	0.00010893656379275622
56289.87449736889	1.0000082840262563	0.00010893958701151882
56289.894930477094	1.0000004586985627	0.00010895267960961416
56289.915363485474	1.0000790759317173	0.00010894276696257101
56289.93579639396	0.9998683536723411	0.00010894045320243936
56289.95622950269	0.9999687357357928	0.00010894668676830781
56289.97666251159	1.0000705694407326	0.00010895676347498082
56289.99709542061	0.9999433026643832	0.00010892688512024836
56290.01752852986	0.9998228554305791	0.0001089424599967532
56290.058394648826	1.0000721683375513	0.00010894828688654877
56290.078827558544	1.0001230014098954	0.00010895299589187475
56290.09926056849	0.9999500398906155	0.00010894729165801126
56290.140126588856	0.9999916493354633	0.00010896431070086075
56290.16055959927	1.0001065179393431	0.0001089665019021477
56290.18099270986	0.9998848652235891	0.00010895562899025131
56290.20142562068	0.9999900930771581	0.00010897008754051558
56290.221858631616	1.0000803053726732	0.0001089784836388198
56290.24229174279	0.9999086017534873	0.00010894743902480444
56290.26272465408	1.0000514916301586	0.0001089474446208419
56290.28315776554	0.9999922794218702	0.00010893476175681841