55324.34772020537	0.999939049613102	0.00010707996818741225
55324.368154524	1.0001626047082381	0.00010708947849982103
55324.40902316115	0.9998846310068874	0.00010708388958223236
55324.429457479666	1.000006079499637	0.00010707578660922718
55324.44989189818	0.9999364439550558	0.00010707701764660236
55324.47032611658	1.0000108648606325	0.00010710335128756015
55324.49076043498	1.0001512443681717	0.00010708702788699993
55324.511194853374	0.9996450467058828	0.00010705642078746638
55324.53162907166	1.0000706452017099	0.00010709639857581555
55324.55206338994	0.9999311117905514	0.00010708461180450108
55324.57249780822	1.0000271181074583	0.00010710006946830292
55324.59293202639	1.0000033296485107	0.00010708166293795842
55324.61336634456	0.9998489530184462	0.00010705429903606442
55324.63380076272	1.000205320631457	0.0001070801809343703
55324.65423508077	0.9999127891964106	0.00010707396449360463
55324.67466929882	0.9999850635954047	0.00010708737935104095
55324.69510371675	0.9999158126548304	0.000107080763625893
55324.715537934804	1.0000065373214804	0.00010706545117055691
55324.73597235274	1.0000923867575622	0.00010708515506546505
55324.75640667055	1.0000984863673998	0.00010704347584361025
55324.77684088837	0.99991660761747	0.00010704548455344408
55324.817709624	0.9999929489239513	0.00010707180284015195
55324.838143841705	1.000028298773664	0.0001070590516945363
55324.85857825941	1.000018694081821	0.00010707096257234883
55324.87901257699	1.000090324059279	0.00010708975508457885
55324.899446794574	0.9999846697374556	0.00010708166037976217
55324.91988121216	1.000168498619305	0.00010707751447073136
55324.940315529624	0.9998771128470143	0.00010705513376060597
55324.96074974709	0.9999945668677209	0.00010707841383545068
55324.981184164564	1.0000234606484064	0.00010710126902203822
55325.00161848191	1.0001330146462089	0.00010707917528741293
55325.022052799264	0.9999606918079756	0.0001070830417035749
55325.04248711662	0.9997856654922659	0.000107065461609394
55325.06292143385	0.9998551188114964	0.00010707168177831648
55325.083355751085	0.9999600321581885	0.00010707774120034721
55325.10379006832	1.000004202783916	0.00010707105491583488
55325.124224385436	0.9999630695603402	0.00010707718367319459
55325.14465870256	1.0000530507965095	0.00010706354351537995
55325.16509311956	1.0002130199450037	0.00010709014568306962
55325.18552733656	1.0000745613982127	0.00010707076210082883
55325.20596175356	0.9999596216726774	0.00010706000867103684
55325.22639607056	0.9999295008351496	0.00010707365343263124
55325.24683028745	1.0000842593593822	0.0001070779099322824
55325.26726470422	1.0000529317989726	0.00010709332433385961
55325.28769902111	0.9999338954581752	0.00010708509807643392
55325.30813323787	1.0002790991262538	0.00010709890783097458
55325.32856765453	1.0000329411863562	0.00010705181669539477
55325.349001971175	0.9999328571675926	0.00010707220478156521
55325.36943618783	1.0000867782893292	0.0001070694940732318
55325.389870604486	0.9999723956746102	0.00010705348297455136
55325.410304921024	1.0000873012810243	0.00010707364508119726
55325.43073913744	0.9997916326246704	0.0001070454282735691
55325.45117355398	0.9998633048942237	0.00010706621188621698
55325.4716077704	1.0000182203133043	0.00010704546578282571
55325.4920420867	0.9998975386218196	0.00010705091603602851
55325.51247650312	1.0000476150568878	0.00010707184336091469
55325.53291071943	1.0000747556868446	0.00010708070142725422
55325.55334503561	0.9999361433669216	0.0001070543558072577
55325.5737794518	1.0000389531534022	0.00010706620858286251
55325.59421376798	1.0000539831308137	0.0001070755353669596
55325.61464798405	0.9998528989725802	0.00010705934592508698
55325.63508240013	1.0000012108242198	0.00010704331070685667
55325.6555167162	0.9998692461492719	0.00010704167293699556
55325.67595113215	1.0000733724203126	0.00010706325587450259
55325.69638534811	1.0002355299496812	0.00010707199744296754
55325.716819664056	0.9999846387200435	0.00010707712103605767
55325.7372540799	1.0000886467513843	0.00010704156941684083
55325.77812261146	0.9999061753616231	0.00010704446174568588
55325.79855702718	1.0001076117631285	0.00010705603389612668
55325.8394255585	0.9999145391586581	0.00010705049855190286
55325.8802941896	1.0000131056178114	0.000107062113177008
55325.90072850508	1.000167664151323	0.00010706789275739855
55325.921162920575	1.0000364764917646	0.0001070665727477681
55325.94159713595	0.999940480522216	0.00010706167548408004
55325.962031451316	1.0000293089774963	0.00010702853799795495
55325.98246586669	1.0002377730074432	0.00010706398436065646
55326.00290018195	0.9998975932382618	0.00010705041922225148
55326.02333439708	0.999906466811256	0.00010706321789861234
55326.04376881234	1.0000109824545995	0.00010704922364795147
55326.064203127484	0.9999295511641547	0.00010706674703326667
55326.0846373425	1.000023227644832	0.00010706793047687685
55326.10507175764	1.0000113622477351	0.0001070873995763694
55326.12550597255	0.9999623557469948	0.00010709455523204592
55326.14594038757	0.9999736389907155	0.00010708424979682113
55326.16637470248	0.9998760692221644	0.00010707078649434554
55326.18680891727	0.999856467173811	0.00010709548537567779
55326.207243332174	1.000011152972361	0.00010708671271000765
55326.22767764685	0.9999750721927712	0.00010706217089000715
55326.24811186164	1.0001151065277458	0.00010706558915435335
55326.26854627631	1.0000499350485128	0.00010707914078225767
55326.28898059099	1.0000232773890794	0.00010707373157911274
55326.309414805546	1.00009804133134	0.00010708141740676609
55326.35028353454	1.000031735999387	0.00010706745935061833
55326.370717748985	0.9999512115193476	0.00010707916169335969
55326.39115216342	1.0000368696650812	0.00010707628136346282
55326.41158647775	1.000066883126397	0.00010709633130809796
55326.432020792075	0.9999499723752683	0.00010706318749973391
55326.45245510628	1.000073737844636	0.00010706935476387527
55326.4933237347	1.0000807479946026	0.00010709399054477035
55326.51375814879	1.0000116910482566	0.00010710918832870836
55326.53419236288	0.9999697768701644	0.00010705896799365369
55326.575061090945	0.9998791939320513	0.00010706110930061496
55326.595495304806	1.0000810158374365	0.00010706631590335006
55326.61592971867	0.9999407498845087	0.00010707459270864902
55326.63636403252	0.999979776614224	0.00010707711321337802
55326.677232660004	0.9998228471045015	0.00010709437709428377
55326.69766697375	1.0000057868424466	0.00010708108536051002
55326.718101187376	1.0001009468211526	0.00010706207930059394
55326.75896991451	1.000100767382115	0.00010706177250024499
55326.77940412802	1.0001185888801913	0.00010706142078162394
55326.79983854153	1.0000351488782706	0.00010706462048276066
55326.82027285492	1.0001834817243438	0.00010705451770145772
55326.8407070682	0.9999424339328399	0.00010705341087603824
55326.8611414816	1.000026003917677	0.00010704136503737853
55326.90201000803	1.0000560690636728	0.00010707036473684597
55326.92244442119	0.9998914020238348	0.00010704011948959211
55326.94287873435	0.9998413942694591	0.00010699805298838555
55326.963312947395	0.9998986389607952	0.00010703778616237259
55326.98374736044	1.0001602393112443	0.00010703629109266599
55327.004181673365	0.9998979372139979	0.00010704022859133917
55327.024615886294	0.9994186941885895	0.00010700441011332123
55327.0450502991	0.9993710941442477	0.0001070265229209052
55327.065484611914	0.9990522212296977	0.00010699681943258064
55327.08591902473	0.998944221855611	0.00010700294904416334
55327.106353237425	0.9989247682398223	0.00010700642576188981
55327.126787550114	0.9991116642431835	0.00010700470450453547
55327.147221962696	0.9989217424741974	0.00010700513488446874
55327.16765617527	0.9990089071772684	0.00010695404232709388
55327.208524900314	0.9990949463289873	0.00010699892473408745
55327.22895911278	0.9989361113483773	0.00010697410252321603
55327.24939342512	0.999163109257028	0.00010699716033036322
55327.26982783747	0.9989656060279165	0.00010700531174229895
55327.29026204969	0.9990305878854859	0.00010699894497314937
55327.31069636192	0.9988337256350913	0.00010697859339038338
55327.33113077404	0.9991632300597438	0.00010700605056325325
55327.351565086145	0.9988867363847577	0.00010697550487544653
55327.37199929826	0.9991043109936028	0.0001069997049297757
55327.39243371026	0.9992800617682324	0.00010701936771845414
55327.41286802225	0.9992694954989624	0.00010698521431903578
55327.43330223413	0.9991914820562797	0.00010700896882701917
55327.45373664601	0.9993993868347789	0.00010700606183267544
55327.47417095789	0.9997985867158704	0.00010701759299727801
55327.49460516965	0.9998038544040848	0.00010702691890645813
55327.5150395813	1.0001594164362857	0.00010702120482332928
55327.555908204595	1.0000734538210938	0.00010703171918885381
55327.576342516244	1.000068616298037	0.00010704651547254229
55327.59677672766	1.0002017688890417	0.00010702831743384258
55327.617211139186	1.0002124169390831	0.00010700487357789269
55327.6376454506	1.0000187500040465	0.0001070171883149682
55327.658079661895	0.9999268620827262	0.00010703673700681758
55327.678514073195	0.9999994406001804	0.0001069998365489923
55327.698948384495	0.9997576722791198	0.00010700442309501789
55327.71938269567	1.0000440977514484	0.00010699872308831402
55327.739817006855	0.9997761054837176	0.00010699931878432015
55327.76025131792	0.9996905992172027	0.0001070076637829337
55327.78068562898	0.999966210850697	0.00010701194605699804
55327.80111994005	0.9995762533331192	0.00010696844364336552
55327.821554250884	0.9999551537297938	0.00010701946453767304
55327.86242297266	0.9996431595281076	0.00010698664667345707
55327.8828571835	0.9999188674244069	0.00010701257886799275
55327.90329149421	0.9998826634588313	0.00010701781530545438
55327.923725904926	0.9996970472513254	0.00010701474109257537
55327.94416011553	1.0000862932604675	0.0001070320311538037
55327.96459442612	1.0001385974322874	0.00010698898553517338
55327.98502883661	1.000123236995853	0.00010703434847475669
55328.00546304709	1.0001659040541409	0.00010703746176354451
55328.02589745745	1.0002077018685145	0.00010705321600217098
55328.04633176782	1.0002276663349599	0.00010703642285989078
55328.06676597819	1.0002995454636832	0.00010707589177916192
55328.087200388436	1.000051405379622	0.00010704728847670381
55328.10763469869	1.0001908856518902	0.00010705658379673728
55328.12806890882	1.000084095776849	0.00010704528526714337
55328.14850331895	0.9997661174205293	0.0001070684935413484
55328.16893762897	0.9997651187733697	0.00010704096330467415
55328.18937193899	1.0000293657154498	0.0001070539950614305
55328.20980624889	0.9998087910883118	0.00010705581570585387
55328.25067476858	0.9999080383232843	0.00010708286097552493
55328.27110917836	1.0001554581937646	0.00010709759792400363
55328.29154348814	1.0002262478948445	0.00010707722727111697
55328.31197769781	0.9999266045079589	0.0001071113812124017
55328.33241210736	0.999950601291771	0.00010710345146765373
55328.352846416914	0.9998573343053532	0.00010708849328555753
55328.37328062647	0.9998813771628594	0.00010708692453942768
55328.3937150359	0.9998592346745511	0.0001070928394162624
55328.414149345335	0.9998850372609926	0.0001071009031330614
55328.434583554656	0.9999395861472739	0.00010708656813810289
55328.45501796397	0.9999298179321251	0.00010709831964640462
55328.49588668237	1.00031551989339	0.00010712379672819185
55328.53675520055	1.0000928609069348	0.00010711746436465023
55328.55718960963	1.0000130852360585	0.0001070946949814869
55328.5776238186	1.0001570131154736	0.00010707855061975976
55328.598058127456	0.9999948468418098	0.00010710980847373469
55328.618492536305	0.9999747321679042	0.00010709389034373189
55328.6593610539	1.0000213256428547	0.00010707177026590559
55328.679795462514	1.0001175046328155	0.00010712725639939026
55328.70022977125	0.9998928945232756	0.00010711935350922126
55328.72066397976	1.0000377993389267	0.000107110284070706
55328.761532696764	0.9997645790637435	0.00010709089388494976
55328.78196690515	1.0000018448899048	0.00010711744270912397
55328.80240131354	0.9999776215328924	0.00010709380733283269
55328.82283562181	0.999814232822548	0.00010708701229814502
55328.86370423823	1.0002932072874748	0.00010709349036711502
55328.88413854639	0.9999338698240368	0.0001070823031193089
55328.90457275443	1.0000055355620692	0.00010708730031227114
55328.92500716246	1.0000084614475615	0.00010710228029077635
55328.9454414705	1.000326090103631	0.00010711738639047529
55328.96587567831	1.0001584180679033	0.00010711606612705783
55328.98631008623	0.9999120974470121	0.00010707640765784951
55329.006744294034	1.0000024219213703	0.00010709040209466646
55329.02717870173	0.9999841453238391	0.00010708559116822552
55329.04761300941	0.9999503973276985	0.00010708684113890134
55329.068047216984	1.0000474886822914	0.0001070927301779899
55329.08848162456	0.9998353736544402	0.00010706664236928281
55329.10891593213	1.0000172034138444	0.00010710702968368263
55329.129350239586	0.9999561675845617	0.00010707649478529642
55329.14978454693	0.9999506217682357	0.00010707181420628806
55329.17021885426	0.9998180885943904	0.00010708365002134752
55329.190653161604	0.999891486536329	0.00010706372537384445
55329.21108746883	1.0000579868482027	0.00010708375701879958
55329.23152177593	0.9999860052556171	0.00010705669707167763
55329.25195608304	0.9999405899856069	0.0001070746212556386
55329.27239049015	1.0000207423876184	0.00010707455403609391
55329.292824697135	1.0001380556834287	0.0001070916220750667
55329.31325900401	1.0001551195039098	0.00010710425662742687
55329.33369341089	1.00012126562009	0.00010708928305094053
55329.35412761776	1.0000320376800858	0.00010708114040386723
55329.37456192452	0.9999784874807784	0.00010704903805456751
55329.39499633128	0.9999815295617539	0.00010707279491884266
55329.41543053791	1.0000259014922	0.00010706291360238668
55329.43586484444	1.0000687275641493	0.00010701812283886888
55329.45629925097	0.999719291044076	0.00010705894378552723
55329.476733457486	1.000104702263947	0.0001070599363376149
55329.4971677639	1.0000143172285032	0.000107067574200486
55329.51760217019	1.000112173487846	0.00010703130906362064
55329.53803647648	0.9999151974355308	0.00010704465966123659
55329.55847078277	1.0001053431432918	0.00010705130825373021
55329.57890508895	1.0001386123173068	0.00010702219028392994
55329.59933939512	0.9999685863903894	0.00010704231564357605
55329.61977370118	1.0000620696846412	0.00010703862264104152
55329.64020800713	0.9998199343410609	0.00010704443198642526
55329.660642213064	0.9997200929907297	0.00010705312007825586
55329.68107661901	0.9999655346963036	0.00010705326697969742
55329.70151092484	0.9998682196503376	0.00010705689192113545
55329.72194513054	1.0001097018841552	0.00010706492874672956
55329.742379536256	1.0000742131892313	0.00010706521060209317
55329.76281384197	1.0000890715984263	0.00010707594005559591
55329.78324804744	1.0000936942436591	0.00010706721676087841
55329.803682453035	1.0001601589696945	0.00010709992599408764
55329.824116758515	0.9999519638550433	0.00010709328193546242
55329.84455096387	0.9999237565222884	0.00010711284955552588
55329.86498536923	1.0001423847110538	0.00010710078279957547
55329.885419674596	0.9999152291291794	0.000107070963997738
55329.905853879834	1.0000655318073048	0.00010711095227888188
55329.926288284965	0.9998996794955708	0.00010706947638005769
55329.946722590095	0.9999788422220458	0.00010708834458761144
55329.9671568951	0.9998652908489922	0.00010707461614318316
55329.987591200115	1.0001221121572725	0.00010709878647854144
55330.00802550501	0.9998966647944543	0.00010710365218227472
55330.0284599099	1.000152942924478	0.00010708892437054658
55330.04889411468	0.999950898632617	0.00010709782112958926
55330.069328419464	1.000034595269937	0.00010709241158833016
55330.08976282412	1.0000255057081988	0.00010710140937954977
55330.110197128786	0.9999639442068481	0.00010710650499125565
55330.13063133333	1.0000066611722476	0.00010709548532231369