55204.31845925587	1.0000259799356674	0.00010352913255702579
55204.338892594744	0.9999011633159484	0.00010350628995689444
55204.35932603398	1.0001241769064464	0.00010352306585033378
55204.40019261313	0.9999998735300408	0.0001035208801951836
55204.42062585306	0.9999001599084809	0.00010349902307496383
55204.44105929334	1.0000425275131763	0.00010353102891575036
55204.46149263385	1.000079292706607	0.00010352806940703257
55204.48192597459	1.0000368753060196	0.0001035232086818409
55204.50235931569	0.9998882114924136	0.00010352351094960644
55204.52279265689	0.9999026830427504	0.00010352019876154224
55204.54322599845	1.0002192783322643	0.00010353521227219214
55204.56365934036	1.0000073250056274	0.00010349590781064287
55204.58409268238	1.0000059160999821	0.00010352769017160338
55204.62495946724	1.0000587287240406	0.00010351791436080104
55204.6453927102	1.000022586305227	0.0001035255229460626
55204.66582605327	0.9998394520270543	0.00010350562741552166
55204.70669274023	0.9999191678197423	0.00010353471886153482
55204.72712608423	0.9998935275105365	0.00010351811699322523
55204.74755932835	1.0000238566499	0.00010354068733169597
55204.7679927727	1.00007802661507	0.00010353289773820632
55204.788426117404	0.999859533013631	0.00010352655771897831
55204.80885946234	1.0000920762737713	0.00010352854949175746
55204.82929280762	1.0001203980541047	0.00010352263421364336
55204.84972615302	1.0000846687073122	0.00010352889746085111
55204.87015949877	1.000093190848629	0.00010353773595718217
55204.89059284475	0.9999877295684267	0.00010350080836886735
55204.91102619097	1.0000266636856863	0.00010353052391047988
55204.93145953753	1.0000050631872865	0.00010353837007471639
55204.951892784324	1.0000425526703973	0.00010353903762297322
55204.97232623136	1.0000593115534335	0.00010354543160900572
55204.99275957862	0.9999053222215215	0.00010352075004004872
55205.03362627396	1.0000247892039882	0.00010352077839369066
55205.05405962204	1.0000385571626758	0.00010351612223193013
55205.07449287046	0.9999256545706001	0.00010351264954618456
55205.094926319005	0.9999177236729129	0.00010350705451566832
55205.1153595679	1.0000783242873814	0.0001035264298239607
55205.13579291702	0.9999133927716398	0.00010350330451038537
55205.15622636638	1.0000304234430561	0.00010352013883831595
55205.17665971609	1.0000993969119276	0.00010350613369981846
55205.197092966024	0.9997737172915285	0.00010351618748933023
55205.2175263162	0.9998727672395206	0.00010350695361189916
55205.23795976661	1.0000366454604408	0.00010349812971774122
55205.25839301724	1.0000993427675462	0.00010351638517649351
55205.299259819454	1.0000592506761097	0.0001035194217969661
55205.31969307102	0.9999778258669016	0.00010351099852243867
55205.34012642271	0.9999976124745126	0.00010352294638102613
55205.360559874745	0.9999526582844642	0.0001035180060027815
55205.38099312701	0.9999233567244276	0.00010351576904124404
55205.40142647951	0.9999886223334719	0.0001035312563011739
55205.421859832364	1.0000556866473584	0.00010353349266957019
55205.44229328533	1.000082697606714	0.00010350987178315282
55205.46272653876	1.000011085188583	0.00010352011097172145
55205.48315989231	1.0000886404548779	0.00010351256184550435
55205.52402660022	1.0000553927979197	0.00010352351198026002
55205.54445995459	0.9999513700829353	0.0001035181168946283
55205.5648934093	0.9998740461022441	0.00010349722211779974
55205.58532666413	1.0000995952922334	0.00010353378883213432
55205.60576001931	1.0001940074283016	0.00010350288918290054
55205.626193474716	1.0001514946021828	0.00010351774881863589
55205.64662673036	1.0002106017320493	0.00010352217273970275
55205.66706008636	0.9999576402659488	0.00010350893263766546
55205.68749344258	0.9998335187750504	0.00010353182792801304
55205.70792679904	1.000013330140297	0.00010353311278635725
55205.728360155736	0.9999743346323235	0.00010352452249245086
55205.74879351277	0.9996632738267328	0.00010352229952711195
55205.76922697005	0.9997927888979978	0.00010352106861663246
55205.78966022756	1.0000060160760753	0.00010352122815613387
55205.81009358529	0.9999672524582343	0.00010353190779593266
55205.830526943384	1.0000062278113009	0.00010354043894837456
55205.85096030171	0.9999121653763009	0.00010353607369370434
55205.87139366026	0.9997322342112258	0.00010352359272955907
55205.89182701905	1.0001590646628802	0.00010355599476210783
55205.91226037819	1.0000170764814893	0.00010353796374036978
55205.93269373755	0.9999865066993517	0.0001035439435454354
55205.953126997156	1.000136681344622	0.00010353823588662817
55205.97356045711	1.0000221248568386	0.00010356257464840683
55206.01442707759	1.0000311846397025	0.00010353932554536013
55206.03486053836	0.9999442508777404	0.0001035352569347013
55206.05529389924	0.9998739101547218	0.00010355027527461647
55206.075727160474	0.9999680029712529	0.00010355820533243117
55206.09616062194	0.9999729488338391	0.00010354004145413346
55206.116593983636	1.0000027903693218	0.00010355388729285897
55206.137027245684	0.999880513593639	0.00010355704138015441
55206.15746070785	1.0000084191249023	0.00010355001051327887
55206.177894070475	1.0000014087850901	0.00010355130215793422
55206.19832733322	1.00007976357921	0.00010355946498659655
55206.2187606962	0.9999565294950489	0.00010355982267520537
55206.23919415953	1.000019574338558	0.000103556684983548
55206.280060787	1.0003066997158172	0.00010357976481398179
55206.3209276154	1.0001462165481156	0.00010356991733443592
55206.34136088001	1.000182246791546	0.00010358280494767172
55206.361794344964	1.0000695325555484	0.00010357341916954786
55206.38222771004	0.9999780393830308	0.00010357857280390164
55206.402660975466	1.0001870633475605	0.0001035989039690482
55206.423094441234	0.9999263696919365	0.00010358522129914086
55206.443527807125	0.9999672892966878	0.00010358467371333774
55206.463961073365	0.9998838236992936	0.00010358887073884032
55206.48439443983	1.000030110848429	0.00010358964493711673
55206.50482790654	0.9999720005352314	0.00010358708580028301
55206.52526117359	0.9998837950570065	0.00010358980881898396
55206.54569454087	0.9998340373211788	0.00010357331962204497
55206.566128008395	0.9998760917010261	0.00010358797063209142
55206.606994644244	0.9999689312446163	0.00010358391333375646
55206.62742811258	0.9999885139433118	0.00010357994499696933
55206.64786148115	0.9998996115018478	0.00010357718993302862
55206.66829474994	1.000034343076181	0.00010358434210244857
55206.70916148848	0.999917825844068	0.00010360026242718458
55206.72959485809	1.0000649955589163	0.00010357645501973711
55206.75002832794	0.999922795807107	0.00010359883198100505
55206.770461598135	1.0000544054415654	0.00010358747470487824
55206.79089496856	0.9997772018072218	0.0001035680089184032
55206.81132823922	1.0001760766192573	0.00010359812364280097
55206.83176171024	1.000154434956151	0.00010359400609397913
55206.852195081476	1.000039022136604	0.00010358904264005405
55206.872628452955	1.0001661989590798	0.00010356642627143684
55206.91349519672	0.9998011367348343	0.00010358236260179344
55206.933928569015	1.0000212424319395	0.00010359429532991972
55206.95436194154	1.0001424641981211	0.00010360120260614715
55206.974795314294	1.0001438877641402	0.00010360130022619513
55206.9952286874	0.9997750778949769	0.00010357170221170068
55207.015662160746	0.9992330137214402	0.00010353102436618211
55207.03609543443	0.9993582614535638	0.00010357380407166608
55207.056528808236	0.9992415968868719	0.00010356214385167749
55207.076962282394	0.9991465478491819	0.00010355100280210009
55207.097395556775	0.9992016858456912	0.00010355888507023401
55207.1178289314	0.9992872529537854	0.00010355057930640734
55207.13826220637	0.9993052704034674	0.00010356587306328423
55207.158695681566	0.9992948571907585	0.00010355717500909948
55207.179129057	0.9992495050763728	0.00010356737295482065
55207.19956243279	0.9990563862511623	0.00010353800707701821
55207.219995808686	0.9990901464246529	0.00010353272254480544
55207.24042918494	0.9990549448186461	0.00010353539277026095
55207.26086256154	0.9989812835329789	0.00010354263248912888
55207.28129593825	0.9989752900467787	0.00010354989841518346
55207.30172931532	0.9990155151885414	0.00010353015160858123
55207.32216269262	0.9992311635435749	0.00010355514824071038
55207.34259617014	0.9991117191934613	0.0001035482098391097
55207.363029448024	0.9992739063749108	0.00010353834753763151
55207.38346282614	0.9989620370765091	0.00010353030907851615
55207.42432958318	0.9992368888736197	0.00010354911551394653
55207.44476296199	0.9995815596417784	0.00010355008004058924
55207.48562972066	0.9998831228647543	0.00010357501130637654
55207.506063100285	0.999913612077446	0.00010358244249117013
55207.526496480255	0.9999682145402808	0.0001035663137974834
55207.546929860466	1.0001817364939354	0.00010357492406163287
55207.567363241025	0.9999103357537518	0.00010358527389213992
55207.628663384094	1.0001798531009343	0.00010356802778985445
55207.64909666558	0.9999128503484345	0.00010358666562678124
55207.66953014742	0.9998096000903847	0.00010356437995090697
55207.68996352949	1.000119874788797	0.00010357960986814128
55207.71039681179	0.9999936041633986	0.00010357099384087715
55207.730830294444	0.9998652714217348	0.00010355949957020385
55207.75126367733	0.9998655535305142	0.00010357195700411041
55207.771696960444	0.9999136750074881	0.00010358175856610367
55207.792130343914	1.0002326979549883	0.00010359166358424161
55207.81256382762	1.0000367716999246	0.00010357539435560282
55207.832997111545	1.0000454466671391	0.00010356396244033275
55207.853430495714	1.0000989231386646	0.00010358289957175086
55207.89429736486	1.0001811143812707	0.00010359575788364506
55207.91473064984	1.0002446144619426	0.00010357996305668269
55207.935164135175	0.9997374043697589	0.00010357935754809555
55207.95559752073	0.9998399106861418	0.00010357531227863319
55207.97603080653	1.0001123491718882	0.00010358594225702282
55207.99646429256	1.0001259279663306	0.00010356250382374547
55208.016897678935	1.000027352396622	0.0001035861933662259
55208.03733096555	1.0001578173880146	0.00010359126381426239
55208.057764452395	0.9998773888454554	0.00010357839130510817
55208.078197839466	0.999950296977591	0.00010357625390080671
55208.09863112689	1.000014512943485	0.00010359122662719049
55208.119064514554	0.9999240821826649	0.00010357944307148404
55208.13949800244	0.9999004735879384	0.00010358653558736083
55208.159931290684	0.9999616626337704	0.00010359215970034023
55208.18036467916	0.9998350000189488	0.00010356551108287746
55208.20079816786	0.9999578963495049	0.00010357205857613461
55208.2212315568	0.9998634410097987	0.00010356914398897169
55208.24166484609	1.0001763871323766	0.00010358582457724208
55208.26209833561	0.9998760956768465	0.00010356733317465829
55208.28253172537	0.9999786270938177	0.00010357235135020783
55208.302965015355	0.9999095881520468	0.00010356482818657424
55208.32339850569	0.9998542920925187	0.00010356702186351867
55208.34383179626	0.9998806450774689	0.0001035744201718957
55208.36426518718	1.0001338827535038	0.00010358102136563704
55208.384698678325	1.000135747782239	0.00010359255315094904
55208.40513196971	0.9999684464073209	0.0001035813049024274
55208.42556536133	1.0000295778369659	0.00010357856214753503
55208.44599875317	1.0002072765913304	0.00010358366912752784
55208.466432145375	1.0000933468306639	0.00010356925499073116
55208.507298930585	1.0001564996194643	0.00010357442511443498
55208.5277323236	0.999896481991053	0.00010357083229791827
55208.54816571685	1.000096940248471	0.00010356016242067486
55208.568599110324	1.0002078828925172	0.00010357013397683178
55208.58903260404	1.0000018066525478	0.00010357031517000306
55208.6094658981	0.9999190996382618	0.00010355693893897831
55208.62989929239	1.0000702798723875	0.00010355257888959143
55208.670766081916	0.9999589302782702	0.00010355991934197511
55208.69119947702	0.999869090185174	0.00010354492700437717
55208.711632972365	1.000062684951869	0.00010352467564595105
55208.73206626806	0.9998403475262393	0.00010352410141636734
55208.75249966398	0.9997999244064782	0.0001035364010615903
55208.772933060136	0.9998949049863177	0.00010350055230779896
55208.79336645653	1.0000448088903424	0.00010354429333182448
55208.81379985326	0.9999172715597106	0.00010352927134323914
55208.834233250236	0.9999792066727953	0.00010352724802438567
55208.85466664744	0.9999578813609981	0.00010352418385971495
55208.87510004499	1.0000407306749795	0.00010353469963530072
55208.89553344278	0.9999572674256579	0.0001035299349235114
55208.9159669408	0.9998010636967296	0.00010352431389700945
55208.93640023917	1.000176823490093	0.00010353182256348417
55208.956833637654	1.0001608547368774	0.00010355705252077955
55208.97726713649	0.9999891891680638	0.00010354517324709111
55208.99770043567	1.000216421401368	0.00010353525389899854
55209.01813383509	1.000215126758239	0.00010354863987283812
55209.038567334625	0.9999675345248307	0.0001035302884769598
55209.05900063462	0.9999174938487425	0.00010354025802909531
55209.0998675352	0.9998815117820019	0.00010351585168137804
55209.12030083589	0.9999087733737893	0.00010353439752515653
55209.14073423694	1.0003382459358428	0.00010355223551931057
55209.16116763811	0.9999102651658791	0.00010352180847687693
55209.18160103973	1.000137757250979	0.00010354319335631823
55209.20203444148	1.0000415421848856	0.000103536536118228
55209.22246774346	0.9998971220238029	0.00010353114196289581
55209.24290124578	1.0000385723919651	0.00010353283714425699
55209.26333464846	0.9999981280943483	0.00010352802445229693
55209.30420145439	0.9999032113491254	0.00010351562746032486
55209.32463485777	0.9999735781174399	0.0001035404375174655
55209.345068161376	0.9997731150287507	0.00010348528676137073
55209.36550166533	0.9999696287396754	0.00010351800702544913
55209.38593506952	1.0000745053451467	0.0001035333519833952
55209.406368373944	1.0002051383484563	0.00010354808224829217
55209.42680187871	0.9999653366672117	0.00010353140860123444
55209.44723528372	1.000133449429678	0.0001035358280150606
55209.46766868896	0.9999593866031781	0.00010352735894372834
55209.7333028816	1.0000497021178578	0.00010352390670316619
55209.753736390565	0.9999619130142227	0.00010353579160876789
55209.77416979988	0.9999153871626082	0.00010351553814770764
55209.8150365192	0.9999963122879756	0.00010352354181081631
55209.83547002933	0.9998670871763432	0.00010353218293854717
55209.85590343968	0.9999381114204025	0.00010353451762019607
55209.876336750276	1.0000276219071005	0.00010352037314590443
55209.896770261104	1.0000378795014506	0.00010353749237771181
55209.917203672274	0.9999899801999642	0.00010351703675480155
55209.93763698368	1.0000965010558822	0.00010354130143426851
55209.958070495326	1.0002113218510311	0.00010352461277598625
55209.97850390731	0.9999191462044448	0.0001035229475233286
55209.998937219534	0.9999548271533374	0.00010353120195342396
55210.03980414479	1.0000135026128258	0.00010355287690369082
55210.06023745783	0.99989418145755	0.00010353517459733446
55210.0806709711	0.9999315523261988	0.00010351310017666603
55210.121537698455	1.0000630597586426	0.00010356258437240634