54964.51242410645	0.9999966637112722	0.0001062200784226984
54964.53285849632	1.000022862620615	0.00010620992393313668
54964.5532927862	1.0000813714744508	0.00010618143406669558
54964.573726975956	0.999919693051962	0.00010617155839466336
54964.59416126572	0.9998558175346373	0.00010622453426189478
54964.61459565525	1.0000863561159494	0.00010622564588097278
54964.635029844896	1.0000348087974866	0.00010620157150015717
54964.6554641343	1.0000017787249142	0.00010624003080811487
54964.67589852372	1.0000267008452142	0.00010622092915937648
54964.69633281301	1.0000568515917996	0.00010619297338363983
54964.73720129137	0.999731658338608	0.00010617735185351072
54964.75763568043	1.0000161003071415	0.00010615442875666248
54964.77806986949	0.9999689518244522	0.0001061780948310676
54964.79850415832	1.0000842972375041	0.00010620567217773081
54964.81893854715	1.0001269628536953	0.0001061881235237861
54964.83937273598	1.0000618948367384	0.00010619914839174012
54964.85980702458	1.0000003985287775	0.0001062278683031801
54964.88024131317	1.0001676110646454	0.0001062084649723605
54964.90067560177	0.9998742634772355	0.00010615906816008727
54964.921109890136	0.9999905390872683	0.00010625602365118574
54964.941544178495	1.0000391114120608	0.00010622709363811562
54964.961978466745	1.0000425923688563	0.00010623575949413235
54964.982412754995	0.999887126702399	0.0001062586009109509
54965.00284704312	0.9999871361538806	0.00010624456060842518
54965.04371561904	0.999833440010736	0.00010625172151442611
54965.06414990693	1.0001304161458067	0.00010629318449627769
54965.084584094715	1.0000190246092573	0.00010615526435996823
54965.1050183825	0.9998386489380973	0.00010622944298913005
54965.125452770044	0.9999927174320681	0.00010625065869630932
54965.145886957594	0.9998297274026139	0.00010624441830220118
54965.166321245146	1.0002233848140962	0.00010621143024233998
54965.18675563246	1.0000155461201534	0.00010620857120623639
54965.207189919776	1.0000692900624313	0.00010622508561371145
54965.22762410698	1.0000103040292423	0.00010627561424897068
54965.24805839418	0.9998523281561486	0.00010616111548491294
54965.26849278126	0.9998505233471386	0.00010629566826848054
54965.28892696823	1.0001130162530163	0.00010624827920475518
54965.30936125507	1.0000077567804273	0.00010627596457290933
54965.32979564193	0.9999070509213923	0.00010624396128051304
54965.35022982866	1.0001056427220911	0.00010630306548376842
54965.37066411528	1.000202820421539	0.00010631380747631367
54965.391098401895	1.000070093205512	0.000106256584995913
54965.4115326884	1.000085244771275	0.00010629297738410784
54965.452401261166	1.0000001505433993	0.00010630085371447258
54965.47283564744	0.9999295870537321	0.00010627803141434733
54965.49326983359	0.9999986228617738	0.00010626913353984647
54965.51370411962	0.9999454186987622	0.00010629324691728391
54965.53413830566	1.000074677599867	0.00010621530182222582
54965.55457269157	0.9999150830978001	0.00010632362059556253
54965.57500697738	0.999904860178605	0.00010628768669070542
54965.59544116318	1.0000581559467996	0.00010625362554967098
54965.615875548756	0.9999720902492856	0.000106311568247673
54965.63630983444	0.9999761517834118	0.00010634481116731508
54965.65674411989	1.0000340273228296	0.00010633254721306082
54965.67717830535	1.0001402020647563	0.00010629342513574901
54965.69761269068	1.0000035961522535	0.00010626831519907723
54965.718046975904	0.9998081773281294	0.00010627276444021665
54965.73848116113	1.0001760690279986	0.00010633115340182672
54965.75891554623	1.000016889881179	0.00010631338779587287
54965.77934983122	0.9998394432435903	0.00010627154496963307
54965.79978401609	0.9998875202300548	0.00010622274669088378
54965.820218300956	1.0000060099957273	0.00010623565272206311
54965.840652685714	0.999998440554142	0.00010627211069717959
54965.861086870354	1.0000409351916926	0.00010624180096713599
54965.88152115499	0.9998010395649128	0.00010628491243702673
54965.90195553951	0.9999028613550532	0.00010625564739336733
54965.92238972392	0.9999593722830818	0.00010622620582231832
54965.942824008205	1.0001118078544575	0.00010628393712118496
54965.9632582925	1.0000432642785173	0.0001062764276269257
54965.98369267667	1.0000739278474273	0.0001062718801461108
54966.004126860724	0.9999063102455945	0.00010626970990596987
54966.02456114478	1.000031894043344	0.00010629324990341478
54966.044995428725	1.0000895156664464	0.00010629836763728835
54966.065429712544	1.0000154310722689	0.00010632636611234808
54966.08586399625	1.0000674589030518	0.00010632814097649087
54966.10629827996	0.9999579414631768	0.00010630561661709332
54966.12673256355	1.0001975525133322	0.00010634170178166702
54966.147166847026	1.0000294718066334	0.0001063341865182742
54966.1676011305	1.0000853610560103	0.00010630999390977145
54966.18803541374	1.0000901816523982	0.00010631550739094072
54966.2084697971	1.0000752461181268	0.00010632668936827024
54966.22890398023	0.9999929334959303	0.00010634726061601925
54966.24933826323	1.0000230497969096	0.00010632944657948867
54966.26977254624	0.9999565879946269	0.0001063051849572373
54966.310641112024	0.9999944891583116	0.0001062906847491654
54966.331075294685	0.9998537487014864	0.00010633742787248345
54966.37194396	1.00002389535952	0.00010634731857483756
54966.39237824243	0.9998627370463133	0.0001063204301188689
54966.41281252486	1.0000654142932484	0.0001063176515722525
54966.433246807166	1.000017775494636	0.00010635731107185675
54966.45368108936	0.999720049661068	0.00010633536296615938
54966.47411527156	0.9997830186257757	0.00010631072811933948
54966.51498393548	1.0001464784562208	0.00010635582689288407
54966.53541811744	1.0000167926291113	0.00010636126688678446
54966.555852499165	0.9999249623252349	0.00010627860296387463
54966.576286780895	0.9998306444275138	0.00010629351652909628
54966.59672096251	1.000107749199333	0.0001063006061365754
54966.617155244116	1.0001047498233184	0.0001063092100048824
54966.6375896255	0.9999368203563594	0.00010634610721035244
54966.65802390687	0.9998616940111371	0.00010631264970257494
54966.678458088136	1.000031453092075	0.00010633610335747348
54966.6988924694	1.0002105654454525	0.00010632119497472749
54966.73976093146	1.0001998386385056	0.00010634906169279811
54966.76019521249	0.9998823907028124	0.00010629023402102161
54966.80106377408	1.0000876481621452	0.00010635245146239479
54966.821498054764	1.00007041045033	0.00010637024678373669
54966.84193233533	1.0001203501326037	0.00010632793283541373
54966.88280089622	0.9999572531557791	0.00010636459250686264
54966.903235176556	0.9998954526253743	0.00010629264182266094
54966.923669456766	0.9999179939054023	0.00010635656486022611
54966.94410373698	0.9996412412496826	0.00010632495809775689
54966.96453801697	0.9993354235313623	0.00010630953914140113
54966.984972196944	0.9992103208809977	0.00010631271100910532
54967.00540657681	0.9992694149171388	0.00010631557148463137
54967.02584085668	0.9992509126695931	0.0001062561214371724
54967.046275036424	0.9991140291271158	0.00010631468659375554
54967.06670941594	0.9989197860024367	0.00010626503917891643
54967.08714369558	0.9990143806720095	0.00010631533254795943
54967.10757787497	0.9990371589193191	0.00010625726872023035
54967.128012154375	0.9989861729738666	0.000106295711538431
54967.14844653366	0.9990237301150423	0.00010629801603473573
54967.168880812824	0.9990378036092848	0.00010630482062092029
54967.189314991876	0.9989892570761533	0.00010629294387684359
54967.20974937093	0.9989488989829907	0.00010630536986207232
54967.23018364986	0.9990529911552272	0.00010631282964047051
54967.25061782868	0.9990533411343654	0.00010630609216447666
54967.27105210738	0.9990134186035761	0.00010627558474409136
54967.29148648608	0.9990084801415978	0.00010628539743226397
54967.311920664666	0.9990612264632183	0.00010632961361411501
54967.33235494314	0.9989040488949142	0.00010631101331894846
54967.352789321485	0.9988851680368128	0.00010631721520912875
54967.37322349984	0.9990985838377604	0.00010634451354926134
54967.414092056075	0.9997308728207682	0.000106368244414501
54967.4345263342	0.9999810939606112	0.0001063891173729995
54967.47539488997	0.999844630791868	0.00010634979330405482
54967.49582926774	1.000099937620469	0.00010640801580684628
54967.516263445395	1.0001515236097258	0.00010640672440193103
54967.536697723044	1.0000035143054289	0.00010637061423753011
54967.55713190047	0.9998708673920498	0.00010634411642277597
54967.57756627789	1.0000354721149993	0.00010633958951578935
54967.59800055519	0.9997439650213596	0.00010629189869007088
54967.618434732496	0.9998797700164123	0.00010637052764863246
54967.63886900957	1.0000465010147686	0.00010639387873999576
54967.65930338664	0.9999794333789002	0.00010644403696995489
54967.679737663595	1.0000152175965034	0.00010635720911359462
54967.700171940436	1.0000511077495446	0.0001064196552424423
54967.72060621727	1.000008910792913	0.00010628892320298938
54967.74104049388	1.0001383309720924	0.0001063715841513662
54967.78190894709	1.000159779136527	0.0001063947305803977
54967.80234332346	0.9997964033001435	0.00010635584774230913
54967.82277759984	1.0001187203801607	0.00010633138414153265
54967.84321177598	1.0000146122405595	0.00010633844424644791
54967.86364615212	1.000022678826382	0.00010637280369327405
54967.88408042826	1.0001269373982729	0.00010640095192550587
54967.90451470416	0.9998253653683787	0.00010636835767855227
54967.92494888007	0.9999440056319391	0.00010627050771337575
54967.945383255865	0.9998391209570289	0.00010626320419950347
54967.965817531534	0.999945659364342	0.00010639728124488093
54967.986251707094	1.000007816265416	0.00010634284055931283
54968.006686082656	1.0001356871587408	0.00010639836043072664
54968.02712035809	1.0000262181045472	0.00010641206313354937
54968.04755453342	1.000061214140015	0.00010639166633266644
54968.06798880863	1.0001654718273965	0.00010631153945856112
54968.088423183835	0.9999236159762813	0.00010639081591508172
54968.10885735881	1.0000203679472162	0.00010636025365672215
54968.12929163379	0.9999116090224556	0.00010637610187941064
54968.14972600865	1.0001091928066919	0.00010640160991466685
54968.17016028351	0.9999775990767984	0.00010631262067420471
54968.19059445814	1.0001210310512751	0.00010639614082915148
54968.21102873276	1.0000247961719302	0.00010633013158275704
54968.23146310727	1.000112824072763	0.00010637827699913395
54968.25189728167	1.0000807439510686	0.00010634618904928083
54968.27233155594	0.9999198351462973	0.00010633810852605309
54968.29276573022	0.9999813214374697	0.00010633934827403423
54968.31320010427	0.9999184505659782	0.00010634916734093093
54968.333634378425	1.000109509384322	0.00010632806794111803
54968.354068552355	0.9999809867951219	0.00010636609919215455
54968.39493719998	0.9997739331509837	0.00010632362352374146
54968.41537147356	1.0001264170982471	0.00010624011003478211
54968.43580564714	1.0000611143374913	0.00010623805776217369
54968.456240020714	0.9997492449127497	0.00010628548481513249
54968.47667429406	1.0000527240768278	0.00010626109674523539
54968.49710846741	0.9999538471996232	0.0001063491746101853
54968.51754284064	0.9999525185924029	0.00010630481233404888
54968.53797711375	0.9997198181878294	0.00010631602314088392
54968.55841128675	0.9999417106324566	0.0001063191052559454
54968.578845559634	0.9997413471039074	0.00010633392707789538
54968.59927993251	0.9999582631888226	0.0001063605058253468
54968.619714105276	1.0001526965988667	0.00010636267788736249
54968.64014837792	0.9999231229742844	0.00010629058958498112
54968.66058275045	1.0002423492136443	0.00010632363438078871
54968.68101702287	1.0001302410916415	0.00010633466653606899
54968.70145119529	1.0000531679431692	0.00010636318382441893
54968.72188546758	1.000149950010454	0.0001063577312250149
54968.74231983977	0.9999801602775273	0.00010635652208127175
54968.76275401183	1.0000956433448498	0.00010634959915041824
54968.78318828378	1.000005472044936	0.00010633943842371603
54968.824056827565	0.9998296611323184	0.00010635159932408543
54968.84449109928	1.0001823870875222	0.00010637422648303736
54968.86492537088	1.0000831968715567	0.00010632363873443139
54968.88535964236	1.0000132897879612	0.00010634821315862067
54968.905793913844	0.9999461132813103	0.00010634895942406823
54968.9262281851	1.0001197928889578	0.00010637626740685137
54968.94666235635	0.9999362772448939	0.00010631933424682504
54968.96709672748	0.9999598339136433	0.00010638479127482401
54968.98753099862	0.999917498163996	0.00010637475930320592
54969.00796516952	0.9999562363120542	0.00010637635921350334
54969.02839954042	0.9999681783705139	0.00010635801351333837
54969.048833811205	0.9999495536525751	0.00010640665686381044
54969.069267981875	1.000066372685976	0.00010640050025309485
54969.08970225242	1.0000313565551655	0.00010639082918359947
54969.11013662286	1.0000130017426523	0.00010640438273779346
54969.15100506361	0.9999321565081595	0.00010639852574298992
54969.19187370391	1.0000869654900244	0.00010643188936805709
54969.23274214373	1.0000055239160035	0.00010640778644355168
54969.25317651358	0.999900375315168	0.00010636292331264907
54969.27361068332	1.0000321846167193	0.00010639372688324403
54969.29404495294	1.0002308902997779	0.00010640819743576622
54969.31447932245	0.9999856524268511	0.0001064113198533468
54969.33491349195	0.999893070006584	0.00010642366538871556
54969.35534776122	1.0000399733241325	0.00010641829348094988
54969.375782030496	0.9998904878794173	0.00010638460651838886
54969.41665056869	0.9999820981418133	0.0001064194781912243
54969.43708483761	0.9998602996742798	0.0001064072271582816
54969.45751920653	1.0000124003648796	0.00010643771850729875
54969.47795337522	0.9998436743281772	0.00010643107028420314
54969.498387643915	1.0000724390272788	0.00010643848129569496
54969.51882191248	0.9999028941419249	0.00010643555958520263
54969.53925618094	1.000055899352462	0.0001064301742898926
54969.559690449285	1.0001148323346714	0.00010644458570886261
54969.58012471762	0.9998128721140812	0.00010642873203295473
54969.60055898573	1.000009232368234	0.00010642508292520338
54969.64142752183	1.0003108443991633	0.0001064189679488281
54969.661861789704	1.000066833060498	0.00010644893900910742
54969.68229605758	1.0000935195282763	0.0001064318971622954
54969.70273032522	1.0000375988226446	0.00010644564937839709
54969.72316459286	1.0001119616241914	0.00010645828375316832
54969.74359876027	0.9999177370567304	0.0001064220959592772
54969.764033127794	0.9999874379634135	0.00010643354227927243
54969.78446739509	0.9999297020850709	0.00010642636806045218
54969.80490156227	0.9998852644605338	0.00010643849127997114
54969.82533592932	0.9999793873455716	0.0001064407519922652
54969.845770196385	1.0000437360444596	0.0001064428395857584
54969.866204463324	0.9999851821068325	0.00010640706668938549
54969.88663863015	0.9999164101848662	0.00010643467187994308
54969.907072996866	0.9999338547270267	0.00010644113516204375
54969.92750726346	0.9999336759155566	0.0001064336266139378
54969.947941429935	0.9999340229274619	0.00010644198343579098
54969.968375796416	0.9999748205955805	0.00010642704312706804
54969.98881006277	1.0001236893506784	0.00010642816550215781
54970.0092442289	1.0002029567116515	0.00010645076094354227
54970.02967849515	1.0001082531560193	0.00010640639592166634
54970.050112861165	0.9998810441982452	0.00010644021540007944
54970.070547027055	0.9999318155123622	0.00010643804985241213