56284.48018768459	1.0001912707396676	0.00010888175834882565
56284.50062065016	1.0000335945848258	0.00010888490797491285
56284.521053615834	1.0000257624566293	0.00010886743641417074
56284.54148648169	0.9998912231879499	0.00010886185947262004
56284.5619195477	0.9999031795915062	0.00010886563452775278
56284.58235251381	0.9998699321724032	0.00010885291862633367
56284.60278548011	1.000011157535032	0.00010887454055105832
56284.62321844658	0.999980720357074	0.00010885619199503938
56284.64365141316	0.999805810903874	0.00010886951738176765
56284.66408447992	0.9998203965187444	0.00010887373866461538
56284.684517346825	0.9997928514377933	0.00010885233586216186
56284.7049503139	1.000022001321999	0.00010886411345755315
56284.7253833811	0.9999143293448275	0.00010888594608200671
56284.76624921595	0.999962763549905	0.00010888199860722723
56284.786682283615	0.999897675134015	0.00010888037485427447
56284.80711515142	0.9996499791625928	0.00010887239909005893
56284.8275482194	0.9998737535255189	0.00010887379343653273
56284.8479811875	0.9998581400828771	0.00010886641019096035
56284.868414055774	0.9997142185474159	0.00010888503713294623
56284.88884712419	0.9996343814889925	0.00010886758627323486
56284.909280092754	1.000020918588461	0.00010888684442627836
56284.92971296149	0.9996446354214913	0.00010885251356655752
56284.95014603037	0.999727422597598	0.0001088642992321255
56284.970578999404	0.9997282770267861	0.00010887204684705352
56284.991012068545	0.9996766226270953	0.00010885486866106887
56285.03187790739	0.9997695670573503	0.00010888674364770976
56285.05231097703	0.9999863146530329	0.00010888379795990762
56285.07274384682	0.9997732053452605	0.00010886691876546358
56285.09317681678	0.9996149475982706	0.00010884627155841907
56285.11360988685	0.9999064631182606	0.00010887331532997514
56285.134042857106	0.9997529601568504	0.00010887086580035385
56285.154475727504	0.9998411238952979	0.0001088861977874123
56285.17490879807	0.9998297820911118	0.00010889358865432178
56285.19534166879	0.9997710303572965	0.00010885684404851615
56285.21577473963	0.9999139098603961	0.0001088664952040008
56285.23620771066	0.9998510240414967	0.00010888053737817566
56285.256640581814	0.9998777218198956	0.00010888257682240075
56285.277073653146	0.9997621200044337	0.0001088750267373581
56285.297506624614	0.9997770347993541	0.00010888170531929738
56285.317939496264	0.9998470647646638	0.00010888280358311969
56285.33837256806	0.9998119100830697	0.00010887811202344131
56285.358805539996	0.9997180713522172	0.00010885391599066894
56285.37923841208	1.0000326815327352	0.00010889349008992683
56285.399671484345	0.9996955330189086	0.00010887656561792258
56285.420104456716	0.9999584618508733	0.0001088988460543497
56285.44053752927	1.000045117237938	0.00010889886279747631
56285.460970402	0.9998861737509819	0.00010888621234151896
56285.48140337486	1.0000002573196491	0.00010888398132365758
56285.50183644788	0.9998729313279797	0.0001088868925506677
56285.54270229438	1.0000220751846176	0.00010888742975124584
56285.56313536786	0.9999921370998861	0.00010888973620433815
56285.58356824152	1.0002042180794513	0.00010888018440809569
56285.60400131529	0.9999672153636494	0.00010888050224727342
56285.62443428924	1.0001895527821836	0.00010889577271283318
56285.644867263334	1.000232251682486	0.00010890348917790516
56285.68573321204	0.9999939028680107	0.0001089059449310899
56285.7061661866	1.000290891381463	0.00010889813581144529
56285.7265991613	1.0003574384641893	0.00010890284404913306
56285.74703213618	1.0005575945180507	0.00010892300950873702
56285.78789808643	1.0003343064195551	0.00010891432883952373
56285.80833106178	1.000323593463654	0.00010891199197883329
56285.82876403727	1.0003450778436187	0.0001089126529596122
56285.84919701293	1.0004356144152833	0.00010891831578877014
56285.869629988774	1.0001500246806827	0.00010890940778346803
56285.890063064726	1.0002030750899478	0.00010892007263392735
56285.91049594086	1.0000784684700423	0.00010888433694657983
56285.930928917165	1.0003652759877235	0.00010889754499832678
56285.95136199359	1.000063013086175	0.00010889816136769057
56285.97179487018	1.0000993922464	0.00010889755399190384
56285.99222784695	1.0002657442462022	0.00010889820652131574
56286.05352687814	1.0001455513377027	0.00010890591532252291
56286.07395985552	1.0001805604413279	0.00010890055649465491
56286.09439273307	0.9999532839764327	0.00010888476422793943
56286.11482581078	0.999987110967931	0.00010889744747886299
56286.13525878862	1.0001943558798914	0.00010891345400380587
56286.17612474479	0.9997067337316563	0.00010888503246414339
56286.19655772313	0.9999930158473633	0.00010890055171227063
56286.216990801615	0.9998392110886816	0.00010888415816891087
56286.23742368025	0.9997114576017336	0.00010887699661765111
56286.257856659024	0.999942683600084	0.00010889889806463144
56286.27828973798	0.9998444983724099	0.00010889328339448906
56286.29872271711	0.9999540939785441	0.00010887480247188709
56286.319155596386	0.9997378607423795	0.00010886501192853166
56286.3395886758	0.9999409097984331	0.00010887698642148683
56286.3600216554	0.9999234321858997	0.00010888358163904
56286.38045453516	0.9999456519926403	0.00010890253779403872
56286.40088761505	0.9999637391112413	0.00010888604680629402
56286.42132059511	0.999851439957543	0.00010889078480655274
56286.44175357534	0.9998076450372634	0.0001088770977339149
56286.46218655572	0.9997114761777565	0.00010889163193281826
56286.48261943625	0.9997149618830343	0.00010888548335268746
56286.50305251694	1.0000850836032367	0.00010891034587804482
56286.52348549782	1.0000481207592644	0.00010892037796590846
56286.54391837884	1.000044598396032	0.00010889827880958397
56286.56435146	0.9997413335080895	0.00010890422331673691
56286.584784441344	1.000256246828549	0.00010891441336538075
56286.60521732283	0.9998303423721788	0.00010888792079162324
56286.62565040449	1.0001270169702585	0.00010889348570791935
56286.646083386295	1.0001284554566274	0.00010889544794972692
56286.66651646825	1.0000891666779672	0.00010890009824034277
56286.6869493504	1.0000949521212907	0.0001089013856810795
56286.70738233267	1.0001890781844298	0.00010892235062441095
56286.72781541512	0.9999950782498889	0.0001089268143921397
56286.748248297736	1.0000906157890512	0.00010892702765108443
56286.768681280504	0.9999864889244416	0.00010889763843795909
56286.78911436342	1.000393043163103	0.00010891809608700591
56286.80954724653	1.0001113903574135	0.00010889419736383639
56286.82998032976	0.9999219514823624	0.00010890895343919886
56286.850413313165	1.000085649712171	0.00010891770575500935
56286.87084629675	1.000461136042484	0.00010893665275086634
56286.89127928048	1.0001963782768455	0.00010891829343690676
56286.91171226438	0.9999548481298995	0.00010890863461604076
56286.93214524842	1.0001826532301927	0.00010891325181243658
56286.952578232616	1.0004532603342728	0.00010892767505202964
56286.97301121698	1.0003473838913914	0.00010893199109889428
56286.99344420152	1.0004207948631274	0.000108919914543966
56287.01387728621	1.0003937534618823	0.00010893539747105326
56287.034310171075	1.0004665921560891	0.0001089200396678138
56287.05474325608	1.000328735713954	0.00010891983052690352
56287.07517624126	1.0004685702112828	0.00010894270957667978
56287.09560912661	1.0003616507523176	0.00010893037143336806
56287.11604221209	1.0002324872168529	0.00010891681236958643
56287.13647509774	1.000294784249012	0.00010890005301970326
56287.15690808359	1.000033715355173	0.00010890416138430836
56287.177341169554	0.9995772624913924	0.000108876073730116
56287.1977740557	0.9996838843334297	0.00010889563320080918
56287.21820704201	0.9994379859931805	0.00010886697692589251
56287.238640128475	0.9995223538742684	0.00010889637205417825
56287.25907301511	0.9996810211478345	0.00010889249314935245
56287.27950610189	0.9993889559357616	0.00010888413206921617
56287.29993908885	0.9993929740424452	0.00010888193280953934
56287.320371975955	0.9992960966525664	0.00010887558080860555
56287.34080506323	0.9992458816764951	0.00010887167999443674
56287.36123805068	0.9994137343458142	0.00010889548280979877
56287.38167103828	0.9992982591053801	0.0001088854240871668
56287.40210402602	0.999216420519529	0.00010886094203900771
56287.42253701397	0.9997075922581331	0.0001089055106091857
56287.442970102034	0.9994814414804563	0.00010889748488067206
56287.463402990295	0.9994146390132269	0.00010888728302212622
56287.48383597871	0.9995080127109338	0.00010889610376095768
56287.5042690673	0.9994799515673514	0.00010889276037277295
56287.52470205603	0.999216459271143	0.00010888530969604893
56287.545134944936	0.9994367429265362	0.00010889315996993619
56287.56556803402	0.9994241180785624	0.0001088894966854756
56287.58600102324	0.9994306022764934	0.00010889339590361881
56287.60643391262	0.9996300850670202	0.00010888542726068873
56287.62686700217	0.9999753146427125	0.00010891366779706554
56287.667733081784	0.9999849915525181	0.00010891403142343218
56287.68816597183	1.000048027233118	0.00010890467647283464
56287.70859896204	1.0001072628274494	0.00010892308934542591
56287.729032052404	0.9999474124735576	0.00010890727589789548
56287.74946494294	0.9999047754026157	0.0001088943300367884
56287.76989793365	0.9999301828687035	0.0001089167143172576
56287.79033092451	0.9999180318742463	0.00010892032460009154
56287.81076391554	1.000038906209299	0.00010890534413107814
56287.831196806714	1.0000821781068756	0.00010892396676944537
56287.8516298981	0.9999095876329096	0.00010891793893908278
56287.8720628896	0.9999953801119641	0.00010891625786492142
56287.892495981294	0.9998975933498045	0.00010890889799570152
56287.91292887314	1.0000165609707565	0.00010891728620244766
56287.933361865165	0.9999244897886143	0.00010892394908610692
56287.95379495733	1.0000458654757791	0.00010891820899620334
56287.9742278497	1.000095868722196	0.00010892031703843447
56287.99466084219	0.9999089717363144	0.00010890429310698046
56288.015093934875	1.0001622271182902	0.00010891677243788709
56288.03552682768	1.0003054851798583	0.00010892222206109355
56288.05595992069	1.0003303366750298	0.00010892918854654962
56288.07639291388	1.0003886901667631	0.0001089287889381403
56288.09682590721	1.0002009884149916	0.00010891378889502504
56288.11725890072	1.0004119503080682	0.00010893823621039557
56288.137691894364	1.0001317606174223	0.00010890906764144657
56288.15812488819	1.0003489359443012	0.00010892093730670065
56288.17855798219	1.0005342735649463	0.00010892894085410793
56288.198990876364	1.0003372207113217	0.00010893385298094664
56288.21942387069	1.0004375150867602	0.00010894266130649047
56288.23985696518	1.0001934641841224	0.00010893207049782475
56288.26028985982	1.0003308503519284	0.00010891943999737656
56288.28072295467	1.000309299798734	0.00010891822405640367
56288.30115594965	1.0004318776021042	0.00010890831024124817
56288.32158884482	1.0003281087355025	0.0001089342521018649
56288.34202194013	1.00020470068919	0.00010892030859119297
56288.36245493561	1.0002639510923281	0.00010891259373247158
56288.38288783127	1.0001452395968333	0.00010892679238379995
56288.40332092708	1.0002413069037455	0.0001088991534282308
56288.42375382308	1.0000041897260676	0.00010890899707588011
56288.44418691924	1.0000523635118221	0.00010891897503893347
56288.485052812044	0.999963796750862	0.00010889900076087033
56288.50548590872	0.9998898479589738	0.00010890003237566299
56288.525918905514	1.000001455512492	0.00010889719224730848
56288.546351902536	0.9999091961971307	0.00010889749437843199
56288.56678489968	1.0000026041688046	0.00010892112756878939
56288.587217897	0.9998614718435825	0.00010891007305138977
56288.60765089449	0.9997360597917616	0.00010890001576499897
56288.62808389216	0.9995523398872123	0.00010888624107007914
56288.648516889945	0.999515578566796	0.00010887895990014935
56288.66894998796	0.9995958619861969	0.00010888440474976709
56288.68938298609	0.9995702777379802	0.00010887620109080955
56288.70981588446	0.9996506550881883	0.00010889612617040336
56288.73024898294	0.9996021148477684	0.00010891540261568019
56288.77111488043	0.9998227002501114	0.00010890990117822338
56288.79154797943	0.9995796048312249	0.00010889329531443507
56288.811980978615	0.9998143280688558	0.00010892405506496209
56288.83241387791	0.9996900761509521	0.00010890725461141292
56288.85284697744	0.9998720119843342	0.00010890945980762567
56288.87327997709	1.0000720135148176	0.00010892779641561816
56288.89371307696	1.000047863440911	0.0001089239343447918
56288.91414597696	1.000047017012273	0.00010891725365683625
56288.93457897713	0.9998515192314784	0.00010892218266982547
56288.95501207748	1.000078151620662	0.00010892936769715845
56288.975444977994	1.0002582629221413	0.00010894958109927706
56288.99587797869	1.0000445150004673	0.00010893336297519537
56289.0163110795	0.9999360281709474	0.00010893682356508855
56289.03674398054	0.9999681642228223	0.0001089132627735775
56289.05717708176	1.000030152988153	0.0001089179611958142
56289.0776099831	0.999855302645458	0.00010891815220825302
56289.0980429846	0.999992092643367	0.00010891639311456157
56289.11847608635	1.0001528768668997	0.0001089304170263662
56289.159341990235	0.9999288067225249	0.00010892657390915518
56289.179775092445	1.0000281915568072	0.00010892339874489725
56289.20020799483	1.0000173752696788	0.00010892708975781869
56289.22064099738	1.0001681814133168	0.00010891594048901808
56289.24107410006	1.0001075395851542	0.000108926160599126
56289.26150710296	1.0003090919909803	0.00010893929720043697
56289.28194010598	1.000142499947167	0.00010892242157470791
56289.30237310924	1.0002123498153865	0.0001089309410641073
56289.32280611261	1.0001415843682524	0.00010893997133020593
56289.34323911621	0.9999025471404924	0.00010892529785467924
56289.36367211994	1.0000365218638934	0.00010891701362102976
56289.38410512383	1.0003800028543524	0.00010894361538038908
56289.4045382279	0.9998482392179158	0.00010889972182749741
56289.424971132146	1.0002671456647996	0.00010892388335909342
56289.44540423656	0.9999599751607741	0.00010891429330839476
56289.46583724116	1.0000768031157539	0.00010893009193252385
56289.48627014593	1.0000233172795996	0.00010892769841217119
56289.50670325087	1.000044285318434	0.00010892021825485772
56289.52713625599	0.9998774845072524	0.00010891659072725506
56289.54756916122	1.0000073795771403	0.00010892299920543017
56289.568002266686	1.000165957723267	0.00010893537803982086
56289.58843527227	1.000049220301681	0.00010891271431137358
56289.60886817809	0.9999116703319486	0.00010891299655538139
56289.62930128402	1.0001529885621494	0.0001089262832222507
56289.649734290186	0.9999367272833669	0.000108914588776545
56289.67016739647	1.0000270920689533	0.00010892033676508993
56289.69060030292	1.0000981615878939	0.00010893848679135662
56289.711033309555	0.9996933113187979	0.00010891485476955103
56289.73146631636	0.9999043858162545	0.00010891807211295339
56289.75189932334	0.9999005551157714	0.0001089326768421544
56289.772332330554	0.9999508309249671	0.0001089271807680481
56289.79276533789	0.9999357622644228	0.00010891407624185871
56289.81319834533	0.9999824659470272	0.00010893872972801535
56289.83363135301	0.9999334104207134	0.00010892045907995123
56289.854064360865	0.9999680765549799	0.00010892163859241363
56289.87449736889	0.9998619539932347	0.00010892364601020974
56289.894930477094	0.9998479634407619	0.00010893606485027016
56289.915363485474	0.9999235134789755	0.00010892582089855964
56289.93579639396	0.9997124871604631	0.00010892347079832514
56289.95622950269	0.9998144660456153	0.00010892987907121392
56289.97666251159	0.9999187126405318	0.00010894021881706651
56289.99709542061	0.9997932678839556	0.00010891054137230972
56290.01752852986	0.9996723785827872	0.00010892606377428042
56290.058394648826	0.9999075258624428	0.00010893035066536418
56290.078827558544	0.9999423154655345	0.00010893331203806285
56290.09926056849	0.9997469972294828	0.0001089251696047696
56290.140126588856	0.999730847996357	0.0001089358924254037
56290.16055959927	0.9998173657502571	0.00010893499735538506
56290.18099270986	0.9995753298273337	0.00010892189948301828
56290.20142562068	0.9996751788069548	0.00010893577096495209
56290.221858631616	0.9997824521906794	0.00010894602665716913
56290.24229174279	0.9996556986561888	0.00010891988336149301
56290.26272465408	0.99987130168251	0.00010892781439729143
56290.28315776554	0.9999020859845257	0.00010892493648035243