55324.34772020537	0.9999482363276637	0.00010708095196047663
55324.368154524	1.0002391108503164	0.00010709767017067397
55324.40902316115	1.0000127155224914	0.00010709760695291773
55324.429457479666	1.0001337580587046	0.00010708945780825842
55324.44989189818	1.0000546537173014	0.00010708967599991524
55324.47032611658	1.0001154055376884	0.00010711454782276991
55324.49076043498	1.0002415221521237	0.00010709669400462172
55324.511194853374	0.9997229238464516	0.00010706476099578123
55324.53162907166	1.0001396586246933	0.00010710378914276236
55324.55206338994	0.9999954234646049	0.00010709149906960297
55324.57249780822	1.0000910490410937	0.00010710691629006359
55324.59293202639	1.0000708016537663	0.00010708888792842626
55324.61336634456	0.9999231805269096	0.00010706224661040928
55324.63380076272	1.0002886645031455	0.00010708910357922741
55324.65423508077	1.0000065262404805	0.00010708400216592657
55324.67466929882	1.0000895681853106	0.00010709857064086175
55324.69510371675	1.0000304969103857	0.00010709304513750159
55324.715537934804	1.0001300530384711	0.00010707867535007244
55324.73597235274	1.0002227300768538	0.00010709911161062318
55324.75640667055	1.0002331777162217	0.00010705789225393431
55324.77684088837	1.0000528651494132	0.00010706007152341717
55324.817709624	1.0001238371345365	0.00010708581737564737
55324.838143841705	1.0001524548912157	0.00010707234335460578
55324.85857825941	1.000133782161168	0.00010708328493342987
55324.87901257699	1.0001944205630042	0.00010710090174685618
55324.899446794574	1.0000762890604757	0.0001070914712793977
55324.91988121216	1.0002467042177072	0.00010708588712104598
55324.940315529624	0.9999414303456732	0.00010706202012527379
55324.96074974709	1.0000451046541758	0.00010708382537086462
55324.981184164564	1.0000607863277124	0.0001071052665558743
55325.00161848191	1.000158158525797	0.00010708186731522364
55325.022052799264	0.9999750783126895	0.00010708458231481778
55325.04248711662	0.9997910680971908	0.00010706604016578877
55325.06292143385	0.9998535799107148	0.00010707151698174578
55325.083355751085	0.9999537883637737	0.00010707707260222232
55325.10379006832	0.9999956156499422	0.00010707013548620577
55325.124224385436	0.9999545532935455	0.00010707627174165278
55325.14465870256	1.0000470009842	0.00010706289583539644
55325.16509311956	1.0002117533570887	0.00010709001007287295
55325.18552733656	1.0000802571377112	0.00010707137190252999
55325.20596175356	0.9999742695452016	0.00010706157693572021
55325.22639607056	0.9999548635524409	0.00010707636930289916
55325.24683028745	1.0001218444497695	0.00010708193412612969
55325.26726470422	1.000103949423571	0.00010709878769169213
55325.28769902111	0.9999992522795054	0.00010709209728073521
55325.30813323787	1.0003594316366191	0.00010710750895453194
55325.32856765453	1.0001284949086175	0.000107062045558004
55325.349001971175	1.0000436263169967	0.00010708406587500109
55325.36943618783	1.0002124830606662	0.00010708295205164111
55325.389870604486	1.0001124166286082	0.0001070684731191591
55325.410304921024	1.0002408266793748	0.00010709008217023227
55325.43073913744	0.9999575199776061	0.00010706318945716049
55325.45117355398	1.0000403280795052	0.00010708516767924521
55325.4716077704	1.0002049320883026	0.00010706545206759116
55325.4920420867	1.0000922722703838	0.00010707176458766168
55325.51247650312	1.0002486846729803	0.00010709337123030287
55325.53291071943	1.0002803035455818	0.00010710270999087937
55325.55334503561	1.0001442328497605	0.00010707663411541103
55325.5737794518	1.0002476892634726	0.00010708855629624816
55325.59421376798	1.0002613831925276	0.00010709774164083857
55325.61464798405	1.000056956785145	0.00010708119543511641
55325.63508240013	1.0002000577319785	0.00010706459591241435
55325.6555167162	1.000060925624127	0.00010706219331176978
55325.67595113215	1.000256101397635	0.00010708281799843697
55325.69638534811	1.0004075174845102	0.00010709040815558276
55325.716819664056	1.0001441131499795	0.00010709419736120831
55325.7372540799	1.00023405193557	0.0001070571324363463
55325.77812261146	1.000018930060103	0.00010705653264424165
55325.79855702718	1.0002020511215572	0.00010706614311141327
55325.8394255585	0.99996879505757	0.0001070563071693401
55325.8802941896	1.0000233026192513	0.00010706320487522281
55325.90072850508	1.0001546637595	0.00010706650106617775
55325.921162920575	0.9999996695865391	0.00010706263210231309
55325.94159713595	0.9998793848929992	0.00010705513409431125
55325.962031451316	0.9999435549761005	0.00010701936014155167
55325.98246586669	1.0001271154673055	0.0001070521397398409
55326.00290018195	0.9997620028516913	0.00010703590272793942
55326.02333439708	0.9997459483375246	0.00010704603066670587
55326.04376881234	0.9998257014705814	0.00010702938968028127
55326.064203127484	0.9997198690848333	0.0001070442954734363
55326.0846373425	0.9997895814155128	0.0001070429150396896
55326.10507175764	0.9997543972245188	0.00010705988217291063
55326.12550597255	0.9996828571693512	0.00010706462132934579
55326.14594038757	0.9996725173958384	0.00010705200356669291
55326.16637470248	0.9995544393695545	0.00010703634506471337
55326.18680891727	0.999515539461271	0.00010705896831542843
55326.207243332174	0.9996522498479914	0.00010704827938288337
55326.22767764685	0.9995997933452588	0.00010702199172032479
55326.24811186164	0.9997250620427799	0.00010702383361810885
55326.26854627631	0.9996470198643895	0.00010703599912481438
55326.28898059099	0.9996094242083241	0.00010702941980618577
55326.309414805546	0.999675276398761	0.0001070361515764779
55326.35028353454	0.9995978736496639	0.00010702100828529655
55326.370717748985	0.9995153201887635	0.00010703248453778384
55326.39115216342	0.9996013042844694	0.00010702964436170688
55326.41158647775	0.9996341450582905	0.00010704998974805482
55326.432020792075	0.9995226324168569	0.00010701743283264305
55326.45245510628	0.9996542115403734	0.00010702443966511398
55326.4933237347	0.9996844435139268	0.00010705155214327982
55326.51375814879	0.9996306845233772	0.00010706837950617849
55326.53419236288	0.9996064004394343	0.00010702006411218945
55326.575061090945	0.9995576908019048	0.00010702668466015241
55326.595495304806	0.9997834179976167	0.00010703445578019434
55326.61592971867	0.9996689825397436	0.00010704549160665313
55326.63636403252	0.9997354301236385	0.00010705094876740863
55326.677232660004	0.9996375163413669	0.00010707452569491656
55326.69766697375	0.9998515424366526	0.00010706456879770558
55326.718101187376	0.9999785859496279	0.00010704898041355445
55326.75896991451	1.000043556623019	0.00010705564803211673
55326.77940412802	1.0000941341071161	0.00010705880292932178
55326.79983854153	1.0000432418390095	0.0001070654869220764
55326.82027285492	1.0002236743388222	0.00010705881971307533
55326.8407070682	1.0000140199645398	0.00010706107484608741
55326.8611414816	1.0001280889817328	0.00010705229207783915
55326.90201000803	1.0002155718967567	0.00010708744180586555
55326.92244442119	1.0000774204845975	0.00010706003309043617
55326.94287873435	1.000052286218515	0.00010702062159583594
55326.963312947395	1.000132634269055	0.00010706283504112148
55326.98374736044	1.0004154892578394	0.00010706360772305308
55327.004181673365	1.0001723191852991	0.0001070696014981493
55327.024615886294	0.9997100880033859	0.00010703560867248793
55327.0450502991	0.999677539259693	0.0001070593413157581
55327.065484611914	0.9993715481496549	0.00010703101881081993
55327.08591902473	0.9992744353357498	0.00010703832020445029
55327.106353237425	0.9992638888567822	0.00010704275290711317
55327.126787550114	0.9994578314664258	0.0001070417789605326
55327.147221962696	0.9992729935217365	0.00010704276112096164
55327.16765617527	0.9993636283482241	0.00010699201882846453
55327.208524900314	0.9994520308231073	0.00010703716700230275
55327.22895911278	0.9992923659974774	0.00010701225313257358
55327.24939342512	0.9995176225848277	0.00010703512402119848
55327.26982783747	0.9993173729428645	0.0001070429916465594
55327.29026204969	0.9993790461486131	0.00010703626581895118
55327.31069636192	0.999178330214375	0.00010701550174882332
55327.33113077404	0.9995039064348487	0.00010704253552619369
55327.351565086145	0.9992232150392152	0.00010701153996594206
55327.37199929826	0.9994368794194016	0.00010703532155462445
55327.39243371026	0.9996089960128943	0.00010705459541510445
55327.41286802225	0.9995951799003439	0.00010702008320639711
55327.43330223413	0.9995144767320291	0.00010704356012189031
55327.45373664601	0.999720479508291	0.00010704044134393838
55327.47417095789	1.0001186231077719	0.00010705184942130971
55327.49460516965	1.0001235565476632	0.00010706114235463177
55327.5150395813	1.000479780345037	0.0001070554850899878
55327.555908204595	1.0003975327751098	0.00010706640336876952
55327.576342516244	1.0003958106447313	0.00010708153808411626
55327.59677672766	1.0005328532679698	0.00010706374568952811
55327.617211139186	1.000547968152125	0.00010704077156768204
55327.6376454506	1.0003591754989605	0.00010705361901118897
55327.658079661895	1.0002725064702975	0.0001070737363602836
55327.678514073195	1.0003504834915082	0.00010703739810199798
55327.698948384495	1.0001139162235706	0.00010704255201246861
55327.71938269567	1.000405418876859	0.00010703738228257423
55327.739817006855	1.0001417517855442	0.00010703845145112112
55327.76025131792	1.0000598351061907	0.00010704718708133859
55327.78068562898	1.0003381150457065	0.00010705174559344521
55327.80111994005	0.9999492679969287	0.00010700836135640723
55327.821554250884	1.0003280038805533	0.00010705936855070625
55327.86242297266	1.0000096391622695	0.00010702586909673822
55327.8828571835	1.000279056176536	0.00010705112672272409
55327.90329149421	1.0002340106349634	0.00010705542012507726
55327.923725904926	1.000036902037156	0.00010705112158606064
55327.94416011553	1.0004121137484958	0.00010706690137336395
55327.96459442612	1.0004474317965817	0.00010702202283162321
55327.98502883661	1.0004121638839167	0.00010706526976533047
55328.00546304709	1.0004320148675911	0.0001070659408647657
55328.02589745745	1.0004480845884602	0.00010707894440157588
55328.04633176782	1.0004394620124661	0.00010705908755160093
55328.06676597819	1.0004800101072546	0.00010709520940529968
55328.087200388436	1.0001978768070958	0.0001070629670398917
55328.10763469869	1.0003009980920627	0.00010706836980863512
55328.12806890882	1.0001556184033797	0.00010705294078330684
55328.14850331895	0.9997971099309799	0.00010707181263903254
55328.16893762897	0.9997539582022607	0.00010703976838572758
55328.18937193899	0.9999747178153325	0.00010704814495719373
55328.20980624889	0.9997097131368046	0.00010704520680642068
55328.25067476858	0.9997186688168845	0.0001070625808820067
55328.27110917836	0.99992098672279	0.00010707249049583599
55328.29154348814	0.9999473061079063	0.00010704736571411597
55328.31197769781	0.999604314153507	0.00010707685771351572
55328.33241210736	0.9995862734847087	0.00010706442877438108
55328.352846416914	0.999452799937346	0.00010704516612830644
55328.37328062647	0.999438737489182	0.00010703951799459558
55328.3937150359	0.999380989478607	0.00010704161556975011
55328.414149345335	0.9993739454303754	0.00010704615844281882
55328.434583554656	0.9993986771712572	0.00010702864055255752
55328.45501796397	0.9993623947891416	0.00010703754531599444
55328.49588668237	0.9997052952748564	0.00010705844776909415
55328.53675520055	0.9994547775740622	0.00010704912084242103
55328.55718960963	0.9993665621748536	0.00010702545669744795
55328.5776238186	0.9995054960527557	0.0001070087980690452
55328.598058127456	0.9993420052697746	0.00010703988237765009
55328.618492536305	0.999323779025125	0.00010702417547769666
55328.6593610539	0.9993831564710075	0.0001070034418200948
55328.679795462514	0.9994897070847139	0.00010706001007224288
55328.70022977125	0.9992779730767163	0.00010705347646561472
55328.72066397976	0.9994375275873117	0.00010704599122309804
55328.761532696764	0.9991987147035076	0.00010703028069518058
55328.78196690515	0.9994547597583098	0.00010705884045699801
55328.80240131354	0.9994502829382209	0.00010703733137113034
55328.82283562181	0.9993072846687439	0.0001070327146482429
55328.86370423823	0.999827571520874	0.00010704363842458281
55328.88413854639	0.9994893493527476	0.00010703469969543678
55328.90457275443	0.9995819461408109	0.00010704193951580522
55328.92500716246	0.999605837873337	0.0001070591587527487
55328.9454414705	0.9999443639757457	0.00010707651021465568
55328.96587567831	0.9997979338983913	0.00010707745859704897
55328.98631008623	0.999573190153311	0.00010704011549213692
55329.006744294034	0.9996854976746051	0.00010705646263184552
55329.02717870173	0.9996900159756411	0.00010705409365371091
55329.04761300941	0.9996801279153061	0.00010705789740558526
55329.068047216984	0.9998024169795576	0.00010706648602655495
55329.08848162456	0.9996172651398901	0.00010704328637794628
55329.10891593213	0.9998279816967973	0.00010708676305627325
55329.129350239586	0.9997981916388861	0.00010705957853329288
55329.14978454693	0.9998264542659626	0.00010705851871004614
55329.17021885426	0.9997305256123536	0.00010707427175161004
55329.190653161604	0.9998434356534435	0.00010705858030900642
55329.21108746883	1.0000524382382716	0.00010708316288725375
55329.23152177593	1.0000259050869729	0.00010706096867561629
55329.25195608304	1.0000287160812105	0.00010708405788457838
55329.27239049015	1.0001596060617546	0.00010708942249366653
55329.292824697135	1.0003297531104212	0.00010711214842969101
55329.31325900401	1.0004011664531893	0.00010713060521584494
55329.33369341089	1.0004224867115243	0.00010712153669040445
55329.35412761776	1.0003884270493406	0.0001071193017613535
55329.37456192452	1.0003891307634343	0.00010709299796864788
55329.39499633128	1.0004444900861849	0.00010712236631173594
55329.41543053791	1.0005381285159158	0.00010711775269955715
55329.43586484444	1.0006259922562641	0.00010707775616169034
55329.45629925097	1.0003159598147242	0.00010712284045026867
55329.476733457486	1.000734671919078	0.00010712737378793412
55329.4971677639	1.0006696937845994	0.00010713774277391555
55329.51760217019	1.000784540098891	0.00010710326527059277
55329.53803647648	1.0005950574232192	0.00010711744121429836
55329.55847078277	1.0007831312229036	0.00010712385871167815
55329.57890508895	1.000804138848523	0.0001070934065195453
55329.59933939512	1.0006117009718234	0.00010711115828019262
55329.61977370118	1.0006733423193526	0.00010710404836096536
55329.64020800713	1.0003903563404806	0.00010710550348222482
55329.660642213064	1.0002421233171372	0.00010710902070044923
55329.68107661901	1.0004332471598736	0.00010710333885267202
55329.70151092484	1.000277219826539	0.00010710068397972757
55329.72194513054	1.000458037662181	0.00010710221920115073
55329.742379536256	1.000362020903115	0.00010709602250894315
55329.76281384197	1.000319007572935	0.00010710055847341717
55329.78324804744	1.0002707093951437	0.00010708616750489672
55329.803682453035	1.000291275271597	0.00010711396629163842
55329.824116758515	1.0000457797710633	0.00010710332947245173
55329.84455096387	0.9999898881443691	0.00010711993364212806
55329.86498536923	1.0001905453247009	0.0001071059401046758
55329.885419674596	0.999954176653887	0.0001070751345002909
55329.905853879834	1.0001019822362345	0.00010711485626320034
55329.926288284965	0.9999370441457048	0.00010707347739496652
55329.946722590095	1.000016177380941	0.00010709234283256642
55329.9671568951	0.9998964600948975	0.00010707795402786755
55329.987591200115	1.0001355918107744	0.00010710022995680738
55330.00802550501	0.9998762397628227	0.00010710146436071205
55330.0284599099	1.0000798877325774	0.00010708110216497727
55330.04889411468	0.9998083017176516	0.00010708254856079265
55330.069328419464	0.9998144371802118	0.0001070688351432043
55330.08976282412	0.9997399240813538	0.00010707082396492442
55330.110197128786	0.9996616070117876	0.00010707412154335299
55330.13063133333	0.999796008877322	0.00010707292556282882