56164.47700511138	1.0001852501756294	0.00010697046504175295
56164.497438616156	1.0001875447518052	0.00010696819938747456
56164.517872220924	1.000186201520517	0.00010696950782774094
56164.53830562523	1.000264856417976	0.0001069661958277788
56164.55873912931	1.0001879959935314	0.00010696478383984098
56164.57917273338	1.000124060509645	0.00010696785582966596
56164.59960613699	1.0001601213560862	0.00010695114312495926
56164.640473243504	1.0001332286672933	0.00010697375144622017
56164.660906646415	1.0000150782213513	0.00010696284057279836
56164.70177375177	1.0001004668730775	0.00010696671016661398
56164.72220715398	0.9999915415231818	0.00010695996832007838
56164.742640755954	1.0000720456617975	0.00010696102557655553
56164.7630742577	1.0000134905043179	0.00010695324997529958
56164.78350775922	1.0000281702884644	0.00010695777607220257
56164.80394126027	0.9997549696675411	0.00010693748897458662
56164.82437476131	0.9998704607824014	0.00010695179112654265
56164.844808262125	0.9998113515897633	0.0001069476162094492
56164.8652418627	0.9998768799211328	0.00010695398365137183
56164.90610886294	0.9998686161143939	0.00010695883949044278
56164.92654236282	0.9997825100569419	0.0001069496793893785
56164.94697576247	0.9997332442695223	0.00010694745931022637
56164.967409361656	0.9998080926863671	0.00010693816587259714
56164.987842860835	1.0000713212299184	0.00010696962388219055
56165.008276259556	0.9998624244160289	0.0001069473850054941
56165.02870985828	0.9999262406261231	0.00010694583279156534
56165.04914335676	0.999779892070412	0.00010693795359748042
56165.06957675478	0.9998770359416633	0.00010694987995754712
56165.09001035257	0.9995541757663818	0.00010693209289272445
56165.11044375035	0.9999558943368545	0.0001069491923796924
56165.13087724768	0.999654708570311	0.00010693700461376947
56165.15131084477	0.9998877208203228	0.00010694593892639788
56165.17174424186	0.9996193147137609	0.0001069341196029785
56165.19217783848	0.9997404113204654	0.00010693859139082971
56165.21261133487	0.999688482148609	0.00010693823575969876
56165.233044831024	0.9997873272344807	0.00010693851719495442
56165.25347832695	0.9996567301336357	0.00010693620458810657
56165.27391182288	0.9997196495000792	0.00010693703588584055
56165.29434531833	0.9997327554731249	0.00010694730010302315
56165.31477881356	0.9995893852865387	0.00010693974662293614
56165.33521230856	0.9995267243872589	0.00010694364910616444
56165.35564580331	0.9997734903779741	0.00010693754026475876
56165.37607939784	0.9997643606567661	0.0001069419115650963
56165.39651279191	0.9999164480411088	0.00010693821627918103
56165.416946285965	0.9997352662068129	0.00010692893513047984
56165.4373798798	0.999867522542613	0.0001069286786743848
56165.457813273395	0.9996679954577956	0.0001069307112816878
56165.478246866754	0.9996521691075316	0.00010693842340284866
56165.498680359655	0.9999166574310077	0.00010694082042675442
56165.519113752554	0.9996696027584513	0.00010692200149945383
56165.539547345215	0.999996279547851	0.00010693629903562739
56165.58041422962	0.9999291005561187	0.00010694151800915595
56165.60084782158	1.0000595469341518	0.00010696038614115748
56165.621281313084	0.999716551779761	0.00010694692583761654
56165.64171470459	0.9998925584288383	0.0001069492805650771
56165.66214829562	0.9998915897415231	0.00010695214463026843
56165.682581786656	1.0000231665999284	0.00010694559559337283
56165.70301527723	1.000012786159361	0.00010695525453534016
56165.72344876756	0.9999325997308476	0.00010694642592552359
56165.7438822579	1.0001709002672294	0.00010695554235778735
56165.784749237406	1.000209235797671	0.00010695952091341322
56165.80518272705	1.0001403517556593	0.00010696220827513894
56165.825616316215	0.9999800865504355	0.00010693839073970333
56165.84604970516	1.0003489280351898	0.00010696079534043619
56165.866483193866	1.0001442357589543	0.00010695418014971473
56165.88691668234	1.0002828190568003	0.00010695220818993015
56165.90735017058	1.0000406819668122	0.00010694355268746552
56165.92778365859	1.0001980545607563	0.00010694072503520332
56165.94821724636	1.0002652282659346	0.00010695635060084444
56165.968650633906	1.0001116759218924	0.00010696253033803694
56165.98908422122	1.0003137369824096	0.00010695645530366701
56166.0095177083	1.000045396738566	0.00010693845951331076
56166.02995109514	0.9998530626291539	0.0001069333758734757
56166.05038468175	1.0001095698094624	0.00010695371416683105
56166.070818168126	1.0001780870727024	0.00010696535980627365
56166.09125155404	1.0001003926427154	0.00010693087687047346
56166.11168513996	1.0000613237052849	0.00010694528526540995
56166.13211862563	1.0001585890298903	0.00010695372758590246
56166.172985596066	1.0002568111454546	0.0001069541818242057
56166.19341908104	1.0007067323412349	0.00010697285404790006
56166.23428605008	1.0002969514440212	0.00010695673796601757
56166.254719534125	1.0001448461028348	0.00010695117702179195
56166.27515311818	1.0003844060082445	0.00010695406308572251
56166.295586501765	1.000407533304969	0.00010695810996363262
56166.316019985345	1.0002402019090355	0.00010694805824359092
56166.356886951355	1.0003511732939374	0.00010695195999063241
56166.377320434236	1.0001967054833436	0.00010696296431083265
56166.39775401666	1.0001840940707625	0.0001069327004567822
56166.41818749885	1.0002701330959571	0.00010694699798782173
56166.4386208808	1.0001309613055236	0.00010694549988276978
56166.45905446276	1.000036735880702	0.0001069423812009347
56166.47948784425	1.0000658552775215	0.00010693139342646482
56166.4999213255	1.0001979119523041	0.00010696661300837898
56166.520354906526	1.0002601679119685	0.00010694733663770711
56166.56122186787	1.0000116117354214	0.00010693251400703972
56166.5816553482	0.9999299620888273	0.00010694008848252631
56166.602088728294	0.9999815916168469	0.00010694187032200068
56166.62252230815	0.9999521528425575	0.0001069384380856441
56166.64295578778	1.0001372624694602	0.00010694490654415233
56166.66338916717	0.9999952411037765	0.0001069509980834557
56166.68382274633	0.9999705852137414	0.00010694421995441336
56166.70425622503	0.9999026518919178	0.00010694140050565856
56166.724689603725	0.9999386165161966	0.00010694273760327216
56166.74512318218	0.9998491275105249	0.00010692079291866325
56166.765556660415	1.0000365456041675	0.000106942241811124
56166.78599013818	1.0000067148558622	0.00010693240846176066
56166.80642361594	0.9999527080576348	0.00010693886014237745
56166.82685709324	1.0002845104997502	0.00010693423145955571
56166.84729067054	1.0000013788186872	0.00010693507575060134
56166.8677240476	0.9999776321793997	0.000106925401760767
56166.888157524205	1.0002583560179747	0.00010695327386400232
56166.9085911008	1.0003778711015212	0.00010694388770668669
56166.94945795284	1.0005714161345336	0.00010696626919729021
56166.969891528744	1.000546671377227	0.00010697200872248457
56166.990325004175	1.0002699424528314	0.00010695843677889008
56167.01075837961	1.000290838935414	0.00010695954463582985
56167.03119195458	1.0004814530998973	0.00010696546853342724
56167.09249237833	1.0004611440709408	0.00010695894148804437
56167.112925852365	1.0003965596118767	0.00010694689682472312
56167.13335932617	1.0004405423265086	0.000106948645512203
56167.15379279974	0.9995282653082971	0.00010692119456165325
56167.174226273084	0.99971454646671	0.00010692695363507949
56167.194659746194	0.9993965531484753	0.00010691131001854537
56167.21509321907	0.9998774135158888	0.00010692939848755778
56167.23552669171	0.9994899625957736	0.00010691547179791641
56167.25596016412	0.9995133892458055	0.00010689989715390131
56167.27639363629	0.999568842373557	0.00010691174992782425
56167.296827108235	0.9993365604869451	0.00010691299669622154
56167.31726057995	0.9993589152625915	0.00010690917800185095
56167.33769405143	0.9993476128062033	0.0001069121526228536
56167.358127522435	0.9994087361163251	0.00010690053630771988
56167.37856099345	0.9992212882932445	0.00010689600049761681
56167.39899446422	0.9995035267866219	0.00010690351676055388
56167.41942803477	0.9993709248583826	0.00010691306492357498
56167.439861504856	0.9994417026398432	0.0001069055831179265
56167.46029487494	0.9994178120729521	0.00010691711740091091
56167.48072844455	0.9995997738830569	0.00010691492512895943
56167.501161914166	0.9995441587229803	0.00010691718046175447
56167.52159528354	0.9994700843348643	0.00010690624656410383
56167.54202885246	0.9996006524568121	0.00010691283774838406
56167.56246232138	0.9995298385896523	0.00010689922897282605
56167.58289568983	0.9996577580536189	0.00010692165869023864
56167.62376272627	1.000463157011724	0.00010694735327683532
56167.644196294015	1.0003184225359651	0.00010693175301398684
56167.66462966177	1.0002790910975785	0.00010694952119259731
56167.68506312906	0.9998969283432955	0.00010690798237739902
56167.70549669611	1.0001650020157202	0.00010694444982838892
56167.72593006293	1.0000678464561743	0.0001069310188560249
56167.74636352975	1.0000333586105923	0.00010692554899038143
56167.766797096105	1.00028558567691	0.00010694235285604035
56167.78723046223	1.0002434193874834	0.000106927682415592
56167.80766392812	1.0001477402415224	0.00010693685764251372
56167.82809749377	0.9998101594077543	0.00010692290764910112
56167.8485308592	1.000019478155558	0.00010693273044153027
56167.889397789346	0.9999929320441894	0.00010692782349449491
56167.909831254074	1.0000274070968873	0.00010693021499717712
56167.950698282824	1.0000771161147917	0.00010692828123420018
56167.97113164685	0.9999149275051221	0.0001069338288075578
56168.01199867421	0.9998673157676313	0.00010692178541309969
56168.03243203754	0.9998936757081838	0.000106910648559093
56168.0528656004	1.0000252981870568	0.000106927535638881
56168.07329906326	1.0000478257491194	0.00010692880703467954
56168.09373242589	1.0000875368512738	0.00010693306511705402
56168.11416598806	0.9999501911455067	0.0001069221596216281
56168.13459945022	0.9998990354378754	0.00010692865904621002
56168.15503281215	1.000042511836907	0.00010692290795163266
56168.17546637362	0.9998932615626417	0.00010693027597497763
56168.19589983508	0.9996987016801041	0.00010690050618999038
56168.216333396085	0.9998250236279188	0.00010691248716032278
56168.23676675709	0.9996170674033951	0.00010692467910624777
56168.25720021762	0.9997246335118501	0.00010692024685923066
56168.277633778154	1.0000129795266046	0.00010692751697383803
56168.298067138225	0.999941462469346	0.00010692286499132418
56168.31850059829	1.000110140033324	0.00010693313616223353
56168.338934157895	0.9999519877515701	0.00010692767081474264
56168.35936751727	0.9999015969364649	0.00010691494698526789
56168.37980097663	1.0001754105149767	0.00010694057825346212
56168.40023453554	0.9997374633806635	0.00010691558954590704
56168.420667994214	0.9998229052562749	0.00010692756395490696
56168.44110135265	0.9997043047310167	0.00010691264857494868
56168.46153491109	0.9997085520824761	0.00010691694331581849
56168.48196836906	1.0000163363390817	0.00010693458774985145
56168.5024018268	0.9998618367811268	0.00010691677788801768
56168.52283528431	0.9999215872571844	0.00010691724922239502
56168.54326874158	0.9997191454558112	0.00010691255611027177
56168.563702198626	0.999729606731472	0.0001069209254566669
56168.58413565544	0.9997338906379142	0.00010692232894557182
56168.60456911201	0.9995834614464928	0.00010691495420020487
56168.625002568355	0.9998087878475072	0.00010692468434213196
56168.66586938035	0.9996539380489086	0.00010691677659436915
56168.68630293599	0.9994520735016237	0.00010691357041561132
56168.7067363914	0.9997241257179692	0.00010691782730759227
56168.727169746344	0.9999210085305212	0.00010692311942913662
56168.74760330129	0.9997790139626883	0.00010692051130955545
56168.76803675601	0.9997759275816149	0.00010691942482335455
56168.78847031049	0.9998367259038512	0.00010692418134598195
56168.8089036645	0.9999310147678758	0.00010693476437028158
56168.82933711852	0.9995445838461166	0.0001069102079935282
56168.8497706723	0.9999520829991856	0.0001069251299296517
56168.87020402562	1.0000001357836434	0.0001069401499165353
56168.89063747894	1.0000786145772336	0.00010693281465698256
56168.91107103202	0.9999529422290946	0.000106936187832672
56168.95193783726	1.0000292933758905	0.00010692793105482733
56168.972371389405	1.000047881579809	0.00010693193770734273
56168.99280484156	1.0001130815261614	0.0001069341310744371
56169.01323819325	0.9999397382355032	0.00010693508412491287
56169.0336717447	1.0001169169708088	0.00010693127106209742
56169.054105196155	1.0002875178436137	0.00010694970825735439
56169.07453874714	1.0003528435393263	0.0001069584025366464
56169.0949720979	1.000213248883385	0.00010693908194455248
56169.115405548655	1.0002329640089949	0.00010693791555495369
56169.176705898826	1.0002068579413146	0.00010693300479077596
56169.197139448646	1.0000763499710734	0.00010692750206544941
56169.21757279801	1.0000456002544773	0.00010693958183245258
56169.25843979603	1.000373923307067	0.00010694973818716498
56169.278873144685	1.0000321018178908	0.00010693140882891981
56169.299306593115	1.0000721955106109	0.00010693592168985637
56170.19837828782	1.0000799144256989	0.0001061872602258214
56170.21881182554	1.0000472791603938	0.00010619851141197203
56170.23924516302	0.9997660853772272	0.00010617759841027921
56170.259678600276	0.9998484504481036	0.00010619597201782632