55444.35582199105	1.0001443261089717	0.00010506328002678352
55444.37625522108	1.000043774763944	0.00010504972799165841
55444.396688450885	1.0001481578546554	0.0001050812304313337
55444.417121680446	1.0002150501291986	0.00010503501192084987
55444.43755490978	0.9999989376766757	0.00010506980310589211
55444.45798813911	1.0001854896876559	0.00010506386494071007
55444.47842136798	1.0002149272979366	0.00010506864281124816
55444.49885459662	1.000075883730129	0.00010506016457646705
55444.51928772502	1.0001434700840908	0.00010505682035280415
55444.53972105342	1.0001094717731598	0.00010503954972525183
55444.56015428136	1.0002238365868346	0.00010505704133563523
55444.58058760929	1.0000093829336354	0.00010504958353514935
55444.601020737	1.0002936206186097	0.00010505865001093468
55444.62145396424	0.9998650410261138	0.00010501412721495387
55444.64188729147	0.9998768596843433	0.00010502408149141468
55444.66232041848	1.000170938237807	0.00010506927901526508
55444.682753645255	0.9999750857469033	0.00010505818132954708
55444.70318697179	0.9998000759019368	0.00010504159172251575
55444.7236200981	0.9998214735612615	0.0001050332651921661
55444.744053324175	0.999694667919944	0.00010503032071895641
55444.76448665001	0.9998799688517205	0.00010504710040214599
55444.78491987562	0.9998133292105301	0.00010502087449100738
55444.805353001	0.9997798980004493	0.00010503794253534777
55444.82578632637	0.9996972360026769	0.0001050411058100506
55444.846219551284	0.9996614902344723	0.00010504600717621193
55444.866652676195	0.9995880717309346	0.00010503127963755526
55444.887086000635	0.9996787460317295	0.00010504341994427517
55444.90751922508	0.9999011957691946	0.00010501760278805045
55444.927952549064	0.9998119167414001	0.00010502848578265638
55444.94838567304	0.9998992959543499	0.0001050497179441473
55444.968818896785	0.9996787792079201	0.00010504244628912072
55444.9892522203	0.9997662054779479	0.00010500900512808723
55445.009685343575	0.9998031987261966	0.00010503276426405163
55445.030118566625	0.9996879046942484	0.00010497957019644262
55445.05055178944	0.9997118480099246	0.00010500951588352261
55445.07098501202	0.9994024381724687	0.00010500983499605195
55445.09141823437	0.9997385845639459	0.00010503056824840774
55445.11185145672	0.9996127845536921	0.00010501263595038535
55445.1322846786	0.9996166833067308	0.00010504675459659656
55445.15271790025	0.9999271148337575	0.0001050439547590043
55445.173151121904	0.9997123150651426	0.00010501525116398463
55445.193584343084	0.9997335038872635	0.00010502925966476781
55445.21401756427	0.9995448355852709	0.00010502787915803281
55445.25488400594	0.9997933649676941	0.00010500746391159008
55445.275317226195	0.9997546196154851	0.00010501352584808592
55445.29575054645	0.99967203630646	0.00010502893684341696
55445.316183666466	0.9997062560865891	0.0001050197414350366
55445.357050205814	0.9999091721577075	0.00010502902873167875
55445.37748332536	0.9998802778487124	0.00010502525977708826
55445.397916644455	1.000040479333844	0.0001050447138706383
55445.418349863314	0.9997112620469721	0.00010498252868512864
55445.438782982164	0.9995536469680395	0.00010501080539065187
55445.45921630056	0.9998655181275165	0.00010501631446680372
55445.47964951895	0.999910113090606	0.00010501162631235558
55445.50008263687	0.9998536346937479	0.000105027037278015
55445.5205159548	0.9998272953016636	0.00010501843930404257
55445.54094917249	0.9999028484527981	0.00010496251274630665
55445.56138228995	0.9999867735195016	0.0001050395393524372
55445.62268204093	0.9998411487745222	0.00010502335000075319
55445.64311525746	1.0000833140923095	0.000105027489714447
55445.663548473756	0.9998910552731238	0.00010502410934201686
55445.683981689814	1.0000009679438369	0.00010498790064303014
55445.70441490588	1.0001284731858058	0.00010502776256186799
55445.72484812148	1.000003719502197	0.000105001130245244
55445.74528143707	1.0002198493566152	0.00010501878238322247
55445.7657145522	1.0000455503823689	0.00010503038194458558
55445.80658108223	1.0003024854720353	0.00010501442043700182
55445.8474474111	1.0001689975521424	0.00010502857682056981
55445.867880725295	1.0001721615548942	0.00010501697783310904
55445.88831383926	1.0001079199723613	0.0001050389086073591
55445.908747053	1.0001767500699692	0.00010502946540434946
55445.9291803665	1.0003116024536434	0.00010502477039344629
55445.94961348	1.000219958336702	0.00010500698893938452
55445.97004669304	1.0002728078432435	0.00010501710194444213
55445.990480005836	1.0001562676290758	0.0001050452078591239
55446.01091311864	1.0004317272544407	0.00010504378881724707
55446.03134633097	1.0002960694955116	0.00010502984372109234
55446.05177964331	1.000140909913648	0.00010503072856746386
55446.07221275542	1.00022215261623	0.0001050190228869206
55446.09264596706	1.0001832521234229	0.00010499740329333389
55446.11307927869	1.000086286515201	0.00010504466059674661
55446.1335124901	1.0002560910082399	0.00010501847743248148
55446.15394570127	1.0001227429073778	0.00010503731280307076
55446.194812123154	1.0001488489357417	0.00010502318131698232
55446.215245333624	1.0002713521241933	0.00010503428056951577
55446.23567854387	1.0003550052298462	0.00010503921482433041
55446.25611175411	1.0001484714863138	0.00010502841298525512
55446.27654506388	1.0000718543584928	0.00010504952354531657
55446.29697817366	1.0001412111828551	0.00010503290853064044
55446.317411382974	1.000033384711277	0.00010502589262346942
55446.33784469228	1.0001004216568101	0.00010504573690662937
55446.35827780136	1.0000865504328478	0.00010504802164010349
55446.37871100997	1.0001299696999113	0.00010501517392731051
55446.39914431858	1.0002170410160294	0.00010504456054050874
55446.41957742696	1.0001206123336632	0.0001050255577441247
55446.44001063534	1.0001269579753107	0.00010502424310329227
55446.46044384325	1.000148670409267	0.00010504766571657042
55446.48087705093	1.0001930726983754	0.00010504885654248119
55446.50131025838	1.000109602693499	0.00010501926817435951
55446.521743465826	1.0002161133247802	0.0001050395940409236
55446.54217667281	1.0001445635708925	0.00010503587261248417
55446.562609979796	0.9998250123379557	0.00010503496452244757
55446.583043086306	1.0002737209556025	0.00010501846090129364
55446.603476292825	1.0000905696270486	0.00010502904741205275
55446.62390959911	1.0002611305640288	0.00010505157106603401
55446.64434280516	1.0002543945592892	0.0001050441871576428
55446.66477591098	0.9999897640564802	0.00010503170058744533
55446.685209216565	1.0004243175174137	0.00010502584737201627
55446.70564242191	0.9997648567894389	0.0001049933514914179
55446.72607552703	1.0000475263243116	0.00010504427750615277
55446.746508832155	1.0001126917029906	0.0001050364847056135
55446.766942036804	1.000207329402342	0.00010504539375569226
55446.787375141226	1.0000798919011784	0.00010502737092997975
55446.80780844565	1.000182491655959	0.0001050405891428385
55446.82824164983	1.0000680938408695	0.00010502056240418527
55446.84867475356	1.0001195023955716	0.00010503610089325994
55446.86910805728	0.999896963391474	0.00010501397865755676
55446.88954126077	0.999954421877675	0.00010504328599907996
55446.909974364025	1.0000588456201656	0.00010501608627801864
55446.93040766705	0.9999723359722901	0.00010501957805570684
55446.95084086984	1.0001128000378336	0.00010504098368060523
55446.9712741724	1.000000166522324	0.00010502263568454055
55447.01214047705	1.0000612639993873	0.00010504242219457874
55447.03257377914	0.999545962940845	0.00010501663767394297
55447.05300688077	0.9992627665616454	0.00010501391209085947
55447.07344008239	0.9991580592432047	0.00010501510881046267
55447.09387338356	0.9992065786157477	0.00010500941169842065
55447.11430658471	0.999311492042971	0.0001050233509854588
55447.13473968564	0.9990115841340144	0.0001049712736590236
55447.15517288634	0.9988939808134835	0.00010497510678702431
55447.17560608681	0.999263267663593	0.00010500748837125688
55447.19603928703	0.9990683278505103	0.00010499349636569917
55447.216472587264	0.9990662549092918	0.00010500014445135941
55447.23690568703	0.999015030023974	0.00010498038737616553
55447.25733888656	0.9989112925797292	0.00010498098006239527
55447.27777218609	0.9990039159097499	0.00010501632158313238
55447.29820528516	0.9990154023647464	0.00010499020145638286
55447.31863848422	0.9990157099489109	0.00010499595427561497
55447.339071783055	0.9987883742216045	0.0001050042283803777
55447.35950488166	0.9991152733040085	0.00010499748000031707
55447.37993817979	0.9991464226068966	0.00010498666386565882
55447.400371377924	0.99920951371081	0.00010500019397740402
55447.42080447606	0.9990947050652638	0.00010501027442979288
55447.441237773724	0.9991794808776602	0.00010501580047028036
55447.46167097116	0.9991569065512343	0.00010499117832352268
55447.48210416836	0.9992772061341217	0.00010501140415437585
55447.502537365566	0.9996891453883068	0.000105039127066014
55447.522970562306	1.0000058278800605	0.00010504950572171597
55447.543403759046	0.9999475123163607	0.0001050543202159551
55447.563836955545	1.0000054871030135	0.00010506299229516024
55447.58427015159	0.999919201698244	0.00010503273421846166
55447.60470334762	0.9997623791492551	0.0001050425348097484
55447.62513654343	0.9996330543267875	0.00010504387741768674
55447.645569739005	0.9997356994361163	0.0001050346989967085
55447.66600293435	0.9999472151650748	0.00010504271313525373
55447.686436229684	0.9996553752866578	0.0001050298069474668
55447.70686932456	0.99988757428356	0.0001050149331909304
55447.7273026192	0.9997992244350289	0.0001049953286838383
55447.74773581384	0.999742413081657	0.00010502141013465814
55447.76816890802	0.9998899538384248	0.0001050208281634265
55447.78860220219	0.9998810723145446	0.000105027089048654
55447.80903539614	0.9997564869098079	0.00010501896276711923
55447.82946848985	0.9995984440456116	0.00010503089534560576
55447.849901783324	0.9996097422183827	0.00010501933669718888
55447.87033487657	0.9998431989474929	0.0001050319667484225
55447.890768069585	0.9997343593007924	0.00010502822946633147
55447.91120136236	0.9996834466207242	0.00010502277899687117
55447.93163445491	0.9995266864342665	0.00010500708783912177
55447.95206764746	0.9996633395880291	0.00010504744648565594
55447.97250093953	0.9996773444349307	0.000105016841611303
55447.992934031616	0.9996871828077855	0.0001050361030277162
55448.013367223466	0.9994706953830182	0.00010502842186766043
55448.033800514844	0.9997576575803662	0.00010504057751126396
55448.05423370623	0.999573352050553	0.000105039746034083
55448.07466679738	0.999698829675638	0.000105038424917258
55448.11553327898	0.9997663703309129	0.0001050502477468211
55448.135966569665	0.9996582587739795	0.00010503944557665482
55448.15639965988	0.9998618128795027	0.00010504893695206335
55448.176832849866	0.9996924245524311	0.00010503313326274834
55448.197266139854	0.9997969081331758	0.00010509664529835151
55448.23813241889	0.9998620075497433	0.00010508054513811602
55448.25856570818	0.999907912441883	0.00010510686650424565
55448.27899879723	0.9998866027613892	0.00010510005362285028
55448.31986527464	0.9999788806568249	0.00010509227910146338
55448.34029836299	1.0001430032314116	0.00010507720082477692
55448.36073155112	1.0001169272252857	0.0001051099982983098
55448.381164839244	1.000416832732569	0.00010511377200361889
55448.401597926895	1.000414846445543	0.000105100347905793
55448.422031114555	1.0003785669136644	0.00010507183323813425
55448.44246440198	1.0004699526280272	0.00010511636744396663
55448.462897488935	1.000535524728524	0.00010512077117105931
55448.483330675896	1.000712068378785	0.00010511551004229183
55448.503763962624	1.0008709287418434	0.00010509932850988094
55448.52419714911	1.0007723207938544	0.00010512223692861422
55448.544630335375	1.000804574266446	0.00010513702459659136
55448.5650635214	1.000844544107019	0.00010507178395338831
55448.585496607426	1.000766005797083	0.00010512171273356918
55448.60592989299	1.0006846170164434	0.00010511924066990109
55448.626363078554	1.0009683244064822	0.00010509974931073537
55448.646796163644	1.0009351317624413	0.00010511201194083414
55448.66722944874	1.0009859830773782	0.0001051271882247879
55448.6876626336	1.001066307291305	0.00010512658956516426
55448.70809571823	1.000837655506439	0.00010512350098757764
55448.728529002634	1.001198769966378	0.0001051263728751242
55448.7489621868	1.0008989480709662	0.00010510344759393708
55448.76939527073	1.00090487972708	0.0001051323159243481
55448.78982855443	1.0010366414201515	0.00010512964481084779
55448.81026173812	1.0008486798480913	0.00010513185726459854
55448.83069482136	1.001023087809479	0.00010511026532340642
55448.851128104594	1.0009482833295398	0.00010514720274389744
55448.8715612876	1.001139796896512	0.00010513441923288226
55448.89199447013	1.0008565205914672	0.0001051301616414438
55448.91242765266	1.0008409592401473	0.00010513184785090635
55448.93286083496	1.0008055995855354	0.00010511078821008967
55448.95329411703	1.0006872654752665	0.00010511342312989322
55448.973727299104	1.000713925319395	0.00010513376178806287
55448.99416038071	1.0004443712726196	0.00010510332314057487
55449.014593662076	1.00066066379865	0.00010513030816407803
55449.03502684345	1.0004180962828833	0.00010512849004492092
55449.05545992435	1.0003553352773782	0.00010508763938204689
55449.075893205256	1.0001466877655554	0.00010510616294947223
55449.09632638593	1.000097683976556	0.0001050820285357384
55449.11675946637	1.000046485027853	0.00010507522123925498
55449.15762592655	1.0000901186185787	0.00010508268134818372
55449.178059006284	0.9998573988631748	0.00010507917990362007
55449.198492285796	0.9996217286753138	0.00010505154940164624
55449.218925465306	0.9996420799489628	0.00010505384909727413
55449.23935854435	0.9995012152370966	0.00010505531046391531
55449.25979182339	0.9993262944941061	0.00010505730991714417
55449.2802249022	0.9992889177896519	0.00010503606851006408
55449.30065808054	0.9996691097694195	0.0001050670442533167
55449.321091358885	0.9994010252407162	0.00010504827405332601
55449.341524437	0.99932309638166	0.00010505095086584286
55449.36195771487	0.9995245792483569	0.0001050576551575941
55449.38239089275	0.9994224905748325	0.00010505445282510547
55449.40282407017	0.9993542261524978	0.00010504670586246468
55449.42325724734	0.9993923062345912	0.00010503900471713374
55449.44369042452	0.999104095097314	0.00010503618719886001
55449.46412360147	0.9993429140894423	0.00010503998465598226
55449.48455677795	0.9991641417762749	0.00010502520373582559
55449.50498995443	0.9991968449229602	0.00010503474247024308
55449.52542313068	0.9990919027108509	0.00010502953513997111
55449.545856406694	0.999265996960004	0.00010502155602660644
55449.56628948248	0.9992525748325302	0.00010503598647020258
55449.58672265826	0.9993409937769673	0.00010503700962298243
55449.607155933576	0.9992117311856754	0.00010502311990454597
55449.627589008895	0.9993527950410106	0.00010504300521536494
55449.64802218375	0.9992723727977182	0.00010503691464187378
55449.668455458595	0.9995275397962395	0.00010504153754066266
55449.688888533216	0.9995788030012239	0.00010504723310649797
55449.7093217076	0.9996537404740726	0.00010504766866618079
55449.72975498175	0.999428526640957	0.00010505184788265228
55449.750188055674	0.9996219898136616	0.00010503990568639847
55449.770621329364	0.9996841373799084	0.00010505296486513493
55449.79105450281	0.9998030948326913	0.00010505426468048973
55449.81148767627	0.9997124349784526	0.0001050618380399351
55449.83192084926	0.9997401511359282	0.00010506485580233302
55449.852354022245	0.9996616217812423	0.00010504665214532563
55449.872787195	0.9998334727740185	0.00010507302338423349
55449.89322036753	0.9997522342498326	0.00010505548119042555
55449.93408661187	0.9998375102608424	0.00010507084759230452
55449.9545198837	1.0000800014942308	0.00010507465487023415
55449.97495305529	1.0000287274216015	0.00010507275602083925
55449.99538612688	1.0001713771823406	0.00010507070680119734
55450.01581939801	0.9998768322927422	0.00010506094053875053
55450.03625256913	0.9998051129306077	0.00010503471033077496
55450.056685640026	0.9999212691812867	0.00010505782863352656
55450.07711891069	0.9999415332721568	0.00010507175805185809
55450.09755208111	1.000174945108701	0.00010508645402942937
55450.11798535131	1.0001555934000936	0.00010507796639047998
55450.13841842127	1.0001821674534905	0.00010507222815160717
55450.158851591	1.0002366548958148	0.00010509310216739258