55204.31845925587	1.0002123347982304	0.00010354842521307275
55204.338892594744	1.0000609153945905	0.0001035228269363278
55204.35932603398	1.0002543715404268	0.00010353654232453381
55204.40019261313	1.0000681921774235	0.00010352795260258882
55204.42062585306	0.9999383088532522	0.00010350297184772484
55204.44105929334	1.000051913139386	0.00010353200057796648
55204.46149263385	1.0000617042113868	0.00010352624864845158
55204.48192597459	0.999994359337714	0.0001035188074546783
55204.50235931569	0.9998229693089387	0.00010351675609459595
55204.52279265689	0.9998169768417073	0.00010351132557506367
55204.54322599845	1.0001153792461883	0.00010352445741656718
55204.56365934036	0.9998875961354745	0.00010348351645330201
55204.58409268238	0.9998726384238417	0.00010351389232327057
55204.62495946724	0.9999051985679864	0.00010350202217258274
55204.6453927102	0.9998623372617633	0.00010350893345473174
55204.66582605327	0.9996747556329562	0.0001034885776746161
55204.70669274023	0.9997521855263357	0.00010351742899915485
55204.72712608423	0.9997287153887611	0.00010350105413599649
55204.74755932835	0.9998633543045828	0.0001035240692049963
55204.7679927727	0.999923972611826	0.00010351694932524296
55204.788426117404	0.9997140409415873	0.00010351149330953204
55204.80885946234	0.9999570868564782	0.00010351457551985962
55204.82929280762	0.9999978649455408	0.0001035099507905259
55204.84972615302	0.9999764230038347	0.00010351769185127968
55204.87015949877	1.0000009333956013	0.00010352818471945845
55204.89059284475	0.999913040561986	0.00010349307790146831
55204.91102619097	0.9999709511695413	0.00010352475611828558
55204.93145953753	0.9999695839406453	0.00010353469662994702
55204.951892784324	1.0000283769447056	0.0001035375699444311
55204.97232623136	1.0000673199315708	0.00010354626079079635
55204.99275957862	0.9999361856953829	0.00010352394535253678
55205.03362627396	1.000102552235039	0.00010352882828364493
55205.05405962204	1.0001399237852178	0.00010352661490705163
55205.07449287046	1.000050421268894	0.00010352556543793761
55205.094926319005	1.0000654974998993	0.00010352235140780629
55205.1153595679	1.0002485203179543	0.00010354404823142689
55205.13579291702	1.0001051411930146	0.0001035231528246398
55205.15622636638	1.0002427719929654	0.00010354212052092618
55205.17665971609	1.000331155499818	0.00010353011975106329
55205.197092966024	1.000023442795742	0.00010354204397232023
55205.2175263162	1.0001390680484872	0.00010353452110486792
55205.23795976661	1.0003179202061965	0.00010352724006110183
55205.25839301724	1.0003938330253404	0.00010354686671532961
55205.299259819454	1.00037458472187	0.00010355206306103913
55205.31969307102	1.0003006734670512	0.0001035444175409385
55205.34012642271	1.0003260367032978	0.00010355694590602764
55205.360559874745	1.0002846615010927	0.00010355237594088523
55205.38099312701	1.0002569806259183	0.00010355030702308146
55205.40142647951	1.0003219676015649	0.00010356576834822818
55205.421859832364	1.0003868736144523	0.00010356777970367007
55205.44229328533	1.0004099006347578	0.00010354373772600025
55205.46272653876	1.0003325442995723	0.00010355338808568084
55205.48315989231	1.000402774017648	0.00010354507573330254
55205.52402660022	1.000350383714908	0.00010355404878446988
55205.54445995459	1.000234803907316	0.00010354745885728962
55205.5648934093	1.0001448082452866	0.00010352524877752633
55205.58532666413	1.0003567865514054	0.00010356041416589302
55205.60576001931	1.0004367588162189	0.00010352800977932082
55205.626193474716	1.0003790918837314	0.0001035413056081326
55205.64662673036	1.0004225384498577	0.00010354410826955303
55205.66706008636	1.0001534729674562	0.0001035292039302606
55205.68749344258	1.0000130442479214	0.00010355041762321423
55205.70792679904	1.0001765084317336	0.00010355000691760769
55205.728360155736	1.0001211687390643	0.00010353972381338428
55205.74879351277	0.9997938974883587	0.0001035358265438367
55205.76922697005	0.9999075487438784	0.00010353295114070321
55205.78966022756	1.0001053111095908	0.00010353150723811345
55205.81009358529	1.0000515472794762	0.000103540635285397
55205.830526943384	1.0000761077202664	0.00010354767429976213
55205.85096030171	0.9999682749301948	0.00010354188356691926
55205.87139366026	0.9997752873066704	0.00010352805093443236
55205.89182701905	1.000189848898347	0.00010355918214723426
55205.91226037819	1.0000363722079197	0.0001035399615464778
55205.93269373755	0.999995143578952	0.0001035448378540763
55205.953126997156	1.0001354972121608	0.0001035381133003973
55205.97356045711	1.0000119568528245	0.00010356152164702956
55206.01442707759	1.0000055029636619	0.00010353666656486336
55206.03486053836	0.9999119872876484	0.00010353191632937568
55206.05529389924	0.9998357936789444	0.00010354632780532142
55206.075727160474	0.9999247054686158	0.00010355372137728946
55206.09616062194	0.9999250941261131	0.00010353508644167286
55206.116593983636	0.9999509335892744	0.00010354851733668672
55206.137027245684	0.999825150070642	0.00010355130741238125
55206.15746070785	0.9999499485905567	0.00010354395593980688
55206.177894070475	0.9999401759299688	0.00010354496142498427
55206.19832733322	1.0000160218570575	0.00010355286445443519
55206.2187606962	0.9998904716771652	0.00010355298144190716
55206.23919415953	0.9999512894870083	0.00010354961376910129
55206.280060787	1.000233946196876	0.00010357223133211722
55206.3209276154	1.0000685452327573	0.00010356187409877914
55206.34136088001	1.0001017647506363	0.00010357446991116003
55206.361794344964	0.9999859476809028	0.00010356476260020335
55206.38222771004	0.9998909979457969	0.00010356955697806507
55206.402660975466	1.0000961450891142	0.0001035894866987485
55206.423094441234	0.9998311906617617	0.00010357536143225214
55206.443527807125	0.9998673699301373	0.00010357432325978534
55206.463961073365	0.9997787083655865	0.00010357798069495926
55206.48439443983	0.9999192988245955	0.00010357816630454441
55206.50482790654	0.9998550385938139	0.0001035749697143781
55206.52526117359	0.9997602218855249	0.00010357700641007183
55206.54569454087	0.9997034012914711	0.00010355978696887052
55206.566128008395	0.9997379593255699	0.00010357366000643403
55206.606994644244	0.9998146825852822	0.00010356793515757409
55206.62742811258	0.9998257402696313	0.0001035630847151444
55206.64786148115	0.9997280888369466	0.00010355942231372371
55206.66829474994	0.999853850923526	0.00010356564658362276
55206.70916148848	0.9997191843871931	0.00010357968142889726
55206.72959485809	0.9998572407661026	0.00010355493791330047
55206.75002832794	0.999706088595333	0.00010357637963356804
55206.770461598135	0.9998288640411058	0.00010356411271178276
55206.79089496856	0.999543173946078	0.00010354376571745173
55206.81132823922	0.9999337339578507	0.00010357302181764516
55206.83176171024	0.9999042822466637	0.00010356809577412719
55206.852195081476	0.9997815627356943	0.00010356237370787383
55206.872628452955	0.999901918761427	0.00010353906026403355
55206.91349519672	0.999525283457573	0.00010355378338424674
55206.933928569015	0.9997405587644028	0.00010356521872082856
55206.95436194154	0.9998577539730849	0.00010357171048601037
55206.974795314294	0.9998560036263492	0.00010357147934606526
55206.9952286874	0.9994849799532747	0.00010354164951455457
55207.015662160746	0.9989416317348541	0.00010350083413513604
55207.03609543443	0.9990662958228874	0.00010354354466200919
55207.056528808236	0.998950020547949	0.00010353192466259513
55207.076962282394	0.9988562554761798	0.00010352091705902778
55207.097395556775	0.9989135244384726	0.00010352901955411793
55207.1178289314	0.9990020851352719	0.00010352102895167268
55207.13826220637	0.9990239579289337	0.00010353671843667358
55207.158695681566	0.9990182123389408	0.00010352850623418396
55207.179129057	0.9989782946461464	0.0001035392633068961
55207.19956243279	0.9987913511450538	0.00010351053995196945
55207.219995808686	0.9988318644616004	0.00010350595755776726
55207.24042918494	0.9988040022443607	0.00010350938675515023
55207.26086256154	0.9987381803028899	0.00010351743527189873
55207.28129593825	0.9987404168273143	0.00010352555236953218
55207.30172931532	0.9987891805853157	0.00010350669606116482
55207.32216269262	0.9990135562763807	0.00010353259654933535
55207.34259617014	0.998903042940265	0.0001035265825755722
55207.363029448024	0.9990741335119385	0.00010351764835597265
55207.38346282614	0.9987711916117613	0.00010351053025888314
55207.42432958318	0.9990631148440002	0.00010353110762485962
55207.44476296199	0.9994157863520305	0.00010353290701728121
55207.48562972066	0.9997319398807184	0.0001035593506967285
55207.506063100285	0.9997688233884255	0.0001035674436293958
55207.526496480255	0.9998290931402748	0.00010355190504892572
55207.546929860466	1.00004746375492	0.00010356101929988844
55207.567363241025	0.9997801127653706	0.00010357178349861545
55207.628663384094	1.0000559314446544	0.00010355519577619055
55207.64909666558	0.9997890478840014	0.0001035738402245649
55207.66953014742	0.999684849455494	0.00010355145776837365
55207.68996352949	0.9999930736388943	0.00010356647742875195
55207.71039681179	0.9998637660315928	0.00010355754629051925
55207.730830294444	0.9997313772558384	0.00010354563168898835
55207.75126367733	0.9997266002228715	0.00010355756340293681
55207.771696960444	0.9997687151752914	0.00010356674207546487
55207.792130343914	1.0000808073591698	0.00010357593264529527
55207.81256382762	0.9998772149612953	0.00010355886881114957
55207.832997111545	0.999877461186838	0.00010354656598897108
55207.853430495714	0.9999218613149308	0.00010356456080877304
55207.89429736486	0.9999844006364716	0.00010357538286437551
55207.91473064984	1.0000375494041263	0.0001035585205108006
55207.935164135175	0.9995199311583798	0.00010355682589586356
55207.95559752073	0.9996118545328588	0.00010355168750926675
55207.97603080653	0.9998737588917778	0.00010356123043439703
55207.99646429256	0.9998770952514963	0.00010353673732948617
55208.016897678935	0.9997686828173518	0.00010355939950204606
55208.03733096555	0.9998897727351509	0.00010356350111135087
55208.057764452395	0.9996007454529384	0.0001035497335137812
55208.078197839466	0.9996657653869414	0.00010354678171967432
55208.09863112689	0.9997230388287525	0.00010356103290431508
55208.119064514554	0.9996267873434861	0.0001035486470996509
55208.13949800244	0.9995985409460751	0.00010355525631789602
55208.159931290684	0.9996563859468338	0.00010356053421659651
55208.18036467916	0.9995278636856293	0.0001035336971022389
55208.20079816786	0.9996503471551235	0.00010354020373175387
55208.2212315568	0.9995571530793201	0.00010353741767768483
55208.24166484609	0.9998729140997913	0.00010355439461676536
55208.26209833561	0.9995773570449681	0.00010353638977721767
55208.28253172537	0.9996862751447205	0.00010354207112424159
55208.302965015355	0.9996254702275356	0.00010353540090196231
55208.32339850569	0.9995802066959314	0.00010353863151856009
55208.34383179626	0.9996183616169527	0.00010354725107178621
55208.36426518718	0.9998851085518882	0.00010355525652921152
55208.384698678325	0.9999022651446913	0.00010356836937130352
55208.40513196971	0.9997519428176289	0.00010355887847045655
55208.42556536133	0.999831569848021	0.00010355805337135164
55208.44599875317	1.0000292131685082	0.00010356522848716761
55208.466432145375	0.9999366315967345	0.00010355302562566719
55208.507298930585	1.0000459385213898	0.00010356297560410593
55208.5277323236	0.9998104694786198	0.00010356192298814354
55208.54816571685	1.0000361713138042	0.00010355386978993984
55208.568599110324	1.0001729235664334	0.00010356651398727946
55208.58903260404	0.9999930263276304	0.00010356940579062705
55208.6094658981	0.9999366514183433	0.00010355875669465358
55208.62989929239	1.0001141286082167	0.00010355711922017374
55208.670766081916	1.0000544109068117	0.00010356980771427828
55208.69119947702	0.9999894962458503	0.00010355739607346431
55208.711632972365	1.0002071984361864	0.00010353963541978877
55208.73206626806	1.0000078609431748	0.00010354144586141433
55208.75249966398	0.9999892334567757	0.00010355600536168845
55208.772933060136	1.0001046368200495	0.00010352226195000187
55208.79336645653	1.0002734233531192	0.00010356796399416202
55208.81379985326	1.0001630085051145	0.00010355471441500458
55208.834233250236	1.0002402916934323	0.00010355427800011574
55208.85466664744	1.0002323708271816	0.00010355260135458593
55208.87510004499	1.000326650105345	0.00010356430101195944
55208.89553344278	1.0002525071409865	0.0001035605023782522
55208.9159669408	1.0001035037443131	0.0001035556300253453
55208.93640023917	1.0004845194842455	0.00010356367325860318
55208.956833637654	1.0004715966135265	0.0001035892268582255
55208.97726713649	1.0003008775250526	0.0001035774474209253
55208.99770043567	1.000527195324936	0.00010356742299399972
55209.01813383509	1.000523019689727	0.00010358051490994675
55209.038567334625	1.0002706897308784	0.00010356167524188146
55209.05900063462	1.0002143262746848	0.0001035709946710308
55209.0998675352	1.0001614182716578	0.00010354482987362026
55209.12030083589	1.0001784408285512	0.00010356231992988424
55209.14073423694	1.0005968485850627	0.0001035790053469631
55209.16116763811	1.0001568620372723	0.00010354733892193855
55209.18160103973	1.0003720084268855	0.00010356744513026135
55209.20203444148	1.00026308367797	0.00010355947280418835
55209.22246774346	1.0001058750768461	0.00010355275662853866
55209.24290124578	1.000234734683278	0.00010355314559947164
55209.26333464846	1.000181999973203	0.00010354706038030055
55209.30420145439	1.0000642367941548	0.00010353229772379647
55209.32463485777	1.0001243787685645	0.0001035560518954221
55209.345068161376	0.9999146059964826	0.00010349993231759721
55209.36550166533	1.000102913150317	0.00010353180478106152
55209.38593506952	1.000200677472884	0.00010354641403351415
55209.406368373944	1.0003253384922306	0.00010356052618993634
55209.42680187871	1.0000806557140474	0.00010354334815845674
55209.44723528372	1.0002450326904924	0.00010354737933884407
55209.46766868896	1.0000682237609966	0.00010353862702486727
55209.7333028816	1.0001486105731943	0.00010353414558397455
55209.753736390565	1.0000570945604257	0.00010354564668085055
55209.77416979988	1.0000063002601411	0.00010352494986227531
55209.8150365192	1.0000778135093784	0.00010353197913703227
55209.83547002933	0.9999439015047996	0.00010354013675081688
55209.85590343968	1.0000106245579852	0.00010354202569758107
55209.876336750276	1.000096440456772	0.0001035274970710694
55209.896770261104	1.00010376341862	0.0001035443135749
55209.917203672274	1.000053710648728	0.00010352363400811176
55209.93763698368	1.000158667116468	0.00010354773756799289
55209.958070495326	1.0002719661917583	0.00010353088963144038
55209.97850390731	0.9999772858267807	0.00010352896679508166
55209.998937219534	1.0000078934331662	0.00010353669621734938
55210.03980414479	1.0000377489795513	0.00010355538765081801
55210.06023745783	0.9998862614868862	0.00010353435451500907
55210.0806709711	0.9998714048619352	0.0001035068736999845
55210.121537698455	0.9998008108124858	0.00010353542690633665