55257.833646247265	1.0003013780918888	0.0001999562584663011
55257.854080166246	1.0000171923744416	0.00019993701977011197
55257.87451428569	1.000042522238254	0.00019993880192690407
55257.89494830525	0.9999303602162615	0.0001999302669428792
55257.91538222528	0.999971981414932	0.00019993524751422826
55257.93581634554	1.0000588160977029	0.00019993685369313482
55257.95625036603	1.0002650795611798	0.0001999976058533906
55257.97668428687	1.0001658297586336	0.00019994264730670923
55257.997118408064	1.0001365719689548	0.00019994214643883346
55258.01755242948	1.0000159080839228	0.00019993700638334223
55258.03798635114	1.000368272767149	0.000199952831399488
55258.05842037315	0.9998416325851447	0.00019992480289440787
55258.0788544955	1.0007187433848812	0.00019997472557607267
55258.09928851809	1.0003922578295665	0.0001999549152066972
55258.11972244103	1.000135604995128	0.00019994188526815463
55258.14015656419	1.0001833606962642	0.00019993804177449248
55258.160590587715	0.9997734628440513	0.0001999183750191696
55258.181024511585	1.0001465416447004	0.00019993455232949982
55258.20145863568	0.9999139755792259	0.0001998939563845791
55258.22189266002	0.999755471821278	0.0001999128536119213
55258.2423265847	1.0002364221106985	0.00019994298421195715
55258.26276070973	1.000758357069819	0.00019997215855070504
55258.28319473488	1.000252179710132	0.00019991990507772003
55258.3036286605	0.9997967228891098	0.0001998579331838136
55258.32406278634	0.9999049089553819	0.00019986479121342907
55258.34449681254	1.0004128660788625	0.00019992278324388303
55258.36493073897	0.9997073727228747	0.0001998506328273137
55258.385364865746	0.9997935542315438	0.00019988293958947995
55258.40579889276	1.0003354075707422	0.00019989129139975448
55258.426232920116	0.9995814954941863	0.00019984565107930804
55258.44666684771	1.000045436697029	0.00019989951627327507
55258.46710097566	0.9996653272555804	0.00019984446215363531
55258.487534903834	1.0000192363195148	0.00019986842059491072
55258.52840306123	1.0002235691933032	0.0001998751920824241
55258.54883699034	0.9997428577086622	0.00019984930678470795
55258.569271019674	0.9998330111435705	0.0001998509742216307
55258.58970514937	1.000237468573115	0.00019987490756114562
55258.61013907941	0.9996516391874644	0.0001998391110174002
55258.63057310967	1.000075900854392	0.00019986811443370203
55258.67144117115	0.9996952654802506	0.00019984475592367594
55258.71230933379	1.0004454407114054	0.00019988488462743202
55258.73274326546	0.9996479380425733	0.00019984714488912044
55258.77361142984	1.000067376222788	0.00019986971317416377
55258.79404546255	1.0001242854929646	0.000199873924860261
55258.81447939538	0.9997297250736978	0.0001998473903633674
55258.834913428684	1.0000956378005417	0.00019986772046145187
55258.85534756222	1.0000477469312827	0.00019986360466808632
55258.875781495975	1.0002547877238357	0.00019987482793455577
55258.89621553009	1.0000336204787696	0.00019986221176611021
55258.91664966443	1.0001577199831775	0.00019987016960706184
55258.93708359913	1.0000141715914672	0.00019986261126520396
55258.957517634175	1.0000946316907564	0.00019986327365383637
55258.99838570496	0.9998605123834995	0.00019985249605206087
55259.01881974082	0.999621305168445	0.00019983766845497696
55259.03925387691	1.0000397874723896	0.0001998558199447804
55259.05968781335	0.9997602118326965	0.00019984280208476464
55259.080121850144	0.999927649787198	0.00019985593228372218
55259.12099002454	0.9997476224662907	0.00019984399092201909
55259.141423962144	0.9996334566959362	0.0001998330960596098
55259.16185809998	1.0001008900396269	0.0001998603433918049
55259.18229213817	0.9996390787464059	0.00019983361792305155
55259.202726076706	0.9999238962721759	0.00019985028556981208
55259.22316011548	0.9995327987869906	0.0001998213595210888
55259.24359415459	0.9997189911813064	0.0001998412690445961
55259.264028193946	0.9998491675465612	0.00019984537877525263
55259.28446223353	0.9999282754483757	0.00019984857170114977
55259.30489627358	0.9996105338166398	0.00019982714269526714
55259.325330313746	0.9998691246842834	0.00019984040437493727
55259.366198395124	0.9999588611626778	0.00019984993250582404
55259.386632436224	1.000266662636881	0.0001998675698346863
55259.42750051935	1.0002140967547655	0.00019985939075494323
55259.44793456138	0.999656219094759	0.0001998256020676607
55259.468368603644	1.0002381156491134	0.00019986272606897743
55259.48880264625	0.9998044964013502	0.00019983332789061956
55259.5092366891	0.9998649741698903	0.0001998373514359053
55259.529670732176	0.9998229096841771	0.00019983809976562727
55259.550104875714	1.0001314186014392	0.0001998540869225249
55259.570538819375	1.0000348954721765	0.00019984810120343116
55259.5909728635	1.0001636165496672	0.0001998532324934023
55259.61140680774	0.9999992673161933	0.00019984453464373778
55259.63184095245	0.999708075193242	0.00019982824016397016
55259.65227499727	0.9995495565165177	0.0001998166984042042
55259.67270904244	0.9999392412193109	0.00019984188208657997
55259.69314308796	0.9998741756649387	0.00019983193333170818
55259.71357713372	0.9998850440926584	0.00019983181265539508
55259.73401117982	0.9993982278518008	0.00019980442795534576
55259.75444522616	0.9998494890637831	0.00019982954155994793
55259.774879272845	0.999709058204786	0.00019982096301473127
55259.79531331976	0.9997923548170594	0.00019982658563275955
55259.81574746703	0.999720437486837	0.00019982599595990154
55259.83618141453	0.9999653370688598	0.00019984218503306316
55259.85661546226	0.99986046417121	0.00019983653645574498
55259.91791760744	0.9996968382461281	0.00019982237718098339
55259.93835175646	0.9995474793712621	0.00019981864468374103
55259.958785705705	0.9998257431325143	0.00019982499139343778
55259.979219755296	0.9997268207807731	0.00019982215295294921
55259.99965380513	1.0000127070582412	0.0001998386029006879
55260.020087855184	0.999956719386508	0.00019983742852039153
55260.0405219056	1.0004083966147777	0.00019986401354806372
55260.12225801015	0.999730090016291	0.0001998185370465655
55260.14269216207	0.9995150947167424	0.00019980606650733584
55260.16312621423	0.9997489498692851	0.0001998239967573666
55260.183560166624	0.9998085151365204	0.00019982002101557588
55260.20399431937	0.999803479303932	0.00019982450822872305
55260.22442837245	0.9997743820683733	0.00019981919149235084
55260.24486232577	0.9999898400258302	0.00019982972742229994
55260.26529647932	0.9998333753066916	0.0001998277221133872
55260.28573053323	1.000390388106701	0.00019985667215811906
55260.30616448737	0.9999268788133718	0.000199828734375807
55260.326598641856	0.9999608202143384	0.00019983273348503608
55260.34703269657	0.9999990296151917	0.00019983136554172537
55260.36746675164	1.000066245880314	0.00019983911877503557
55260.38790070694	0.9998010803934008	0.00019981864131111138
55260.408334862586	0.9998327807199059	0.00019982167348716093
55260.42876891847	1.0001328573100685	0.0001998377411355473
55260.449202874704	0.9998675262419471	0.00019982266518384827
55260.469637031165	1.0001966473027233	0.00019984794131421604
55260.49007108798	0.9994497787804724	0.0001998037442758049
55260.51050504503	1.0000874947679876	0.00019983566712715155
55260.53093920242	1.0000110088728904	0.00019982911234378664
55260.55137326005	0.9999005241959094	0.00019982154754353182
55260.571807217915	1.0003239214670872	0.00019984855304406798
55260.59224137612	1.0000189506406982	0.00019982836628174597
55260.612675434684	0.999745499200344	0.00019981052916288191
55260.63310939348	0.9998832320306228	0.0001998206944931592
55260.67397761188	1.0001298400559535	0.00019983341412511867
55260.69441167149	1.0003379507502483	0.0001998455527920891
55260.71484573144	1.0001316385260495	0.00019982927278298175
55260.73527979163	1.0001629380548944	0.00019983481838845485
55260.755713852166	1.000083905777438	0.00019982362452317838
55260.77614781294	1.0005420681162012	0.00019985378021443432
55260.796581974064	1.0000502446310957	0.0001998243657943184
55260.81701603542	1.0000239519989458	0.00019982202403959174
55260.83744999712	1.0002379047292942	0.0001998363405781616
55260.85788415906	0.9998641394470154	0.00019981241444787346
55260.87831812123	1.000359273251927	0.00019984034002891752
55260.89875218374	0.9997638452905377	0.00019980352007559934
55260.91918634661	1.0002753314122117	0.0001998371939937094
55260.93962030971	0.9998523513067402	0.00019980696026240382
55260.96005437304	0.9998356083282954	0.00019980671998364805
55260.98048853673	1.0002877088468456	0.00019983451398592264
55261.00092250064	0.9999007078466782	0.00019981560995779513
55261.0213565649	0.9997163245652142	0.00019980077509212075
55261.0417907294	0.9999340688462987	0.00019982101319650653
55261.06222479425	1.000196259788802	0.0001998217384098599
55261.10309292476	1.0002480701242047	0.00019982641833639892
55261.123526990414	0.9996503606705787	0.0001997904870135449
55261.143960956426	1.0000171176578228	0.00019981072084795343
55261.16439502267	1.0003179124036155	0.00019983081814685643
55261.18482918915	0.9998270469877073	0.00019980178322704964
55261.20526315597	1.0000678602230406	0.00019981817186404333
55261.22569722303	1.0002402770196823	0.00019982452824648603
55261.246131390435	0.9999458755115588	0.00019980308797920595
55261.26656535808	0.9997361415192527	0.00019978917631929938
55261.28699942607	1.0000047087912454	0.00019980538580892496
55261.307433594295	0.9998505891617411	0.00019979674739048348
55261.32786756286	1.0001392182309672	0.0001998153132892169
55261.34830163167	1.0000779017109782	0.00019981535973703912
55261.3687358007	1.0000380878469788	0.00019980789171634845
55261.38916987009	1.000074881424502	0.00019981007908926357
55261.40960383983	1.0002868406430254	0.00019982224107760558
55261.4300380098	0.999977354808716	0.0001998085057035809
55261.450472079996	1.0000378366337825	0.00019981329995602656
55261.49134022133	1.0001562729558147	0.00019981862820274846
55261.51177429246	0.9998859128491844	0.00019979778264628327
55261.53220826383	0.9998968581657964	0.00019979607723869815
55261.55264233543	0.9998154655063864	0.00019979534455275604
55261.573076507375	0.9996738560770079	0.00019978018236987377
55261.59351047967	1.000139512848966	0.00019981492889730655
55261.6139445522	1.0001118152579886	0.00019980924570707842
55261.634378724964	1.000281190018094	0.00019982157347622968
55261.65481269808	0.9998988334511554	0.0001997985191481057
55261.675246771425	0.9998473411999645	0.0001997945411809324
55261.695680945	1.0001020139672379	0.00019981281580005452
55261.71611491893	1.0002224517054121	0.00019982185223255025
55261.7365489932	1.0000547517639573	0.0001998111362637674
55261.75698316771	1.0000047191816295	0.00019980768166670494
55261.77741714245	1.0001056723503112	0.00019981051882980908
55261.79785121755	1.0003577709657023	0.00019982912453174096
55261.81828539287	1.0000412596068335	0.00019980815047391598
55261.83871936854	1.000050785025642	0.0001998111728050407
55261.85915344444	0.9999365699257368	0.0001998023274584488