55448.66788268049	1.000056431627697	0.0001805139334044849
55448.68831585767	1.0001364579866794	0.000180520343150471
55448.708748934616	0.9998623297859583	0.00018050254145507945
55448.72918221133	0.9997835886687435	0.00018049692067519723
55448.74961538758	1.000517856408042	0.00018054776726333016
55448.77004846359	1.0001269126719596	0.00018051865454409103
55448.79048173938	1.000048630185358	0.0001805134572009442
55448.810914914924	1.000195169648072	0.00018051945640233376
55448.83134799001	1.0001716946057158	0.00018052123852986993
55448.851781264864	0.9999625363398958	0.00018050746579123086
55448.872214439485	1.0000654662787096	0.0001805128431867854
55448.892647613866	1.0000051984471845	0.00018050834328627594
55448.91308078802	0.9998114202759416	0.00018049762317195144
55448.9335139617	0.9998879847675735	0.00018050149206982267
55448.95394723516	1.000062594595632	0.0001805073822512892
55448.974380408385	1.0000425971566849	0.0001805074595124595
55448.994813481375	0.9999001153408705	0.00018049819550453427
55449.015246753894	0.9998951679653494	0.000180495994320314
55449.035679926186	1.0004214355603622	0.00018052876705372534
55449.05611299824	0.9996921083347841	0.00018048431297960826
55449.076546270066	0.9999834497361519	0.00018049638926622834
55449.09697944143	0.9996434231331005	0.00018048032482053227
55449.117412512554	0.9999623017423811	0.00018050214866862212
55449.158278954106	0.9994450847370662	0.0001804687812085938
55449.17871202453	0.999980152182602	0.00018050009943043009
55449.19914529449	1.000131700558152	0.00018050709776969406
55449.219578464224	0.9997894570743938	0.00018048166084376764
55449.24001153372	0.999967326035732	0.00018049381786338405
55449.26044480298	0.9999785344650283	0.0001804947364205972
55449.28087787178	0.9999421408929324	0.00018048843210981743
55449.30131104034	0.9997564759092847	0.00018048082019315748
55449.321744308676	1.000021558135295	0.0001804998780158351
55449.34217737678	0.9997317925185365	0.0001804764343903861
55449.36261064464	1.0000375324021022	0.00018049757864837317
55449.38304381204	1.0000004310351773	0.00018049160432701076
55449.40347697921	0.9997410876770996	0.00018047676422843786
55449.42391014614	1.0000842616280845	0.0001804990734838769
55449.444343312614	0.9998960546759648	0.00018048446224141576
55449.464776479086	0.9998566330650135	0.0001804775685341066
55449.50564281086	0.9998032884301895	0.00018047512460372088
55449.526075976166	1.0002629952319537	0.00018050505210335036
55449.56694230631	0.9998496203110616	0.0001804784220417543
55449.58737547092	0.9997070619465861	0.00018047046354443142
55449.60780873529	1.0003191132997087	0.00018050410703009722
55449.62824179943	0.9996753157395654	0.0001804687670576209
55449.64867496311	1.000068403873103	0.0001804881201246134
55449.669108226546	1.0001287915668324	0.00018049161584095794
55449.68954128976	1.0001621203431323	0.0001804929429625286
55449.70997445274	1.0002224144019682	0.00018049253338540844
55449.730407715244	1.0001529711505188	0.00018049120158324054
55449.750840777524	0.9999127994991315	0.00018047503391445258
55449.77127403957	1.0000200100746872	0.00018048179770459703
55449.79170720138	1.000083153655414	0.0001804819165552079
55449.83257352408	1.000232522362591	0.00018049051514958087
55449.853006684956	1.0000201780578348	0.00018047955586519542
55449.87343984561	1.0001792971236936	0.00018048566048195112
55449.893873006025	1.0002134471040376	0.0001804877529864763
55449.91430616597	1.0001567720820117	0.0001804847201069227
55449.93473922569	0.9998554618190137	0.0001804672186234756
55449.95517248518	1.0003040675308061	0.00018049160905159523
55449.975605644424	0.9997325594764873	0.00018045887900930335
55449.996038703444	0.9996908381207269	0.000180456298370196
55450.016471962	1.0001798433900175	0.00018048807107223688
55450.036905120316	0.9999953135692367	0.00018047541722575688
55450.057338178405	0.999969089585366	0.00018047136703667758
55450.07777143626	1.0001920327842815	0.0001804813153422532
55450.09820459365	0.9998250834581124	0.0001804555415379551
55450.11863785081	0.9999234823183498	0.00018046382828450596
55450.13907090773	0.999982860945835	0.00018046587892211327
55450.15950406442	0.9999862542160206	0.00018047162586213298
55450.17993732088	1.0000231222269969	0.00018046852392693852
55450.20037037687	1.0000371612825445	0.00018046805066265366
55450.220803532626	1.000317916453547	0.00018048524537370617
55450.241236788155	1.000111185649217	0.0001804716965635248
55450.26166984345	1.0001817776259052	0.00018047583686127058
55450.28210299827	0.9999519138403417	0.0001804651443285965
55450.302536253104	1.0002805832681052	0.00018047818173700845
55450.32296930747	0.9999409811232582	0.00018046208196089502
55450.34340246136	1.0002946994143365	0.00018048290335973886
55450.36383571526	0.9997356164041821	0.00018044851515756054
55450.384268868685	1.0000304183363498	0.00018046531413935587
55450.40470192212	0.9999805980252015	0.00018045792571431678
55450.425135175086	1.000219437008654	0.00018047547934697258
55450.44556832759	1.000079386150133	0.00018046383845636611
55450.46600138008	0.9999421976599242	0.00018045689732561706
55450.48643463212	0.9999113321511248	0.00018045680186223406
55450.506867783915	0.9999345680045716	0.00018045848112147817
55450.527300935486	0.9997063091907803	0.0001804430279015946
55450.547734086824	0.9995827276971357	0.0001804337822351286
55450.568167137695	1.0001053699865359	0.00018045966360865414
55450.58860038833	0.9997939629029454	0.00018044416880309727
55450.609033538734	0.999459798724779	0.00018042510243726804
55450.6294665889	0.9997449187889014	0.0001804440396783068
55450.64989983884	0.99981578839384	0.00018044257452353013
55450.67033298832	0.9997200331095796	0.00018044261346434197
55450.69076603756	0.999958551101121	0.00018045207185158572
55450.71119928656	0.9996225098088335	0.00018043399418640453
55450.73163243534	0.9998041533684063	0.00018043865636798156
55450.77249873195	0.9999070608364105	0.00018044836552828333
55450.7929318798	0.9997759772200034	0.00018043964836232096
55450.8133650274	1.0000133698502207	0.0001804522325114065
55450.83379817455	0.999911581755551	0.0001804867817128818
55450.8542313217	1.0000916781051035	0.00018045413156093164
55450.87466446837	0.9999404010527044	0.00018044148856683588
55450.89509771482	1.0000288748334125	0.00018045074160039326
55450.915530761034	1.0005895439149106	0.00018056677249980767
55450.93596400678	0.9996938082646563	0.0001804191418749237
55450.95639715253	1.0000218613068228	0.00018043998340573275
55450.97683019781	0.999586546807567	0.00018041520501331954
55450.997263442856	0.999786421174463	0.00018042349013628437
55451.01769658744	0.999961975169114	0.00018043589641359754
55451.03812963203	1.0002243387170089	0.00018044938706611492
55451.05856287614	0.9999844219151655	0.00018043239089788528
55451.07899602003	1.0000241520345654	0.00018043606508832483
55451.09942906368	1.0000250402425763	0.000180432925458374
55451.14029545005	0.99986645206559	0.00018042388141344178
55451.160728492774	1.0000021162773998	0.00018042700850647058
55451.18116173526	0.9998901865512204	0.00018046383257289687
55451.201594877515	0.9998870664713435	0.0001804199476617961
55451.22202801954	0.9998198797669916	0.00018041597209656114
55451.24246116109	0.9998687704419006	0.0001804188048245378
55451.26289430242	0.9997986903103159	0.0001804115839448505
55451.28332744351	1.0000050996227876	0.00018042528217421223
55451.303760584364	1.000131195320144	0.00018051827318251254
55451.32419372499	1.0000202255977684	0.0001804276426451175
55451.34462686515	0.9999531975482304	0.00018050659138636553
55451.38549314477	0.9998481717577609	0.00018049695175885764
55451.405926384235	0.9999370896364583	0.00018050238201464152
55451.426359423225	0.9999480601830638	0.0001805005665581062
55451.44679256222	0.9999867934757337	0.00018050791836925274
55451.46722580075	1.0000082843380893	0.00018050613681010113
55451.48765883905	0.999827738492727	0.0001804504240707497
55451.50809197688	0.9999975070019715	0.00018050192154958438
55451.528525214715	1.0003782186070185	0.0001805185645713467
55451.56939138921	1.0002066853674967	0.00018051296357250867
55451.61025766254	1.0000604696993325	0.00018049987710017256
55451.63069079898	0.9999325511667508	0.00018049142451191975
55451.65112403495	1.0000441492121648	0.00018049823070062954
55451.691990206185	1.0003798523777618	0.0001805161503557116
55451.73285657626	0.9999953176904558	0.000180492226827872
55451.75328971083	0.9997859095772113	0.00018043490600002285
55451.77372284517	0.9999107498680958	0.0001804896701207369
55451.794155979274	1.0000016115229102	0.00018048898510834963
55451.81458911292	1.0001923022578965	0.00018050073888673004
55451.83502224655	1.0005215377008134	0.00018052217575230685
55451.85545537973	1.0001149320416707	0.0001804945876837406
55451.875888612674	1.000079842791163	0.00018049193783073296
55451.896321645385	0.9997911090768046	0.00018047347293133253
55451.91675477762	0.9999583352192085	0.00018048717240395126
55451.93718790987	0.9999771483677801	0.00018048784708091936
55451.95762104164	1.0000857395536118	0.00018049340120592094
55451.97805407319	0.9999693281118146	0.00018048231845942407
55451.99848730427	1.0003430819894532	0.00018050309287588262
55452.01892043535	0.9998747669889876	0.00018047759442424066
55452.03935346596	0.9999068621803577	0.00018047646210008755
55452.05978669634	0.9999246558356342	0.00018047721397116586
55452.08021982649	0.9999356907506881	0.00018047812943527893
55452.100652956404	1.0002641092028053	0.0001804982461969523
55452.14151921531	0.9999652556361206	0.00018047970605008273
55452.16195244429	0.9997075818820533	0.00018046397933691306
55452.18238547304	1.0000794813324334	0.00018048454139311276
55452.20281860155	1.0000739649407293	0.000180484984620053
55452.22325182961	1.0000461603417556	0.00018048682745588812
55452.24368495743	0.9998113082502831	0.00018046989850958905
55452.26411798525	1.0001911622251325	0.0001804870764808099
55452.28455121237	0.9998093078387292	0.00018046404387797994
55452.30498433949	1.0001885071382022	0.00018048563213724335
55452.32541736637	0.9995383443489877	0.00018045037283454993
55452.3458505928	0.9999174050240955	0.00018046970070592725
55452.36628371899	1.000332314000581	0.0001805029055090383
55452.38671674495	1.0000483764106842	0.00018048190821972016
55452.40714997067	1.0000623895179683	0.00018047688895432343
55452.42758309593	1.0000028471545197	0.00018047685490229053
55452.44801612095	0.9999479410415747	0.0001804732941592138
55452.46844934598	0.9998693480381415	0.00018046291117891064
55452.48888247031	0.9998669486829542	0.00018046596295197848
55452.50931549464	1.000102637736336	0.00018048163443552736
55452.52974871873	0.9999068811803993	0.00018046849066056446
55452.55018184236	1.0001147203597482	0.00018047817865825093
55452.57061506575	1.000192726678344	0.00018048473394533223
55452.591048088914	0.9996529610868722	0.00018045404609044014
55452.61148121185	0.999872826275304	0.0001804656947204531
55452.631914334306	0.9998852211068829	0.00018046599687893047
55452.65234745677	0.9998012212347114	0.00018047295593553295
55452.672780578774	0.9999906940994001	0.0001804767625983966
55452.693213700535	1.000198386368496	0.0001804897940907853