55257.833646247265	1.00026277109879	0.0001999485410822609
55257.854080166246	0.9999627992812018	0.00019992614476412065
55257.87451428569	0.9999694095048467	0.00019992418447614777
55257.89494830525	0.9998363566227472	0.00019991147147042164
55257.91538222528	0.999855913155358	0.00019991204072780048
55257.93581634554	0.9999207723513733	0.00019990925528405246
55257.95625036603	1.0001065463183654	0.00019996590798683614
55257.97668428687	0.9999898131861609	0.00019990745992235469
55257.997118408064	0.9999473827963711	0.0001999043247149714
55258.01755242948	0.9998190238617433	0.00019989764256755842
55258.03798635114	1.00016985267437	0.00019991317134584801
55258.05842037315	0.9996484582996598	0.0001998861764462873
55258.0788544955	1.0005370241050484	0.00019993841241280213
55258.09928851809	1.000228064588392	0.00019992209683434417
55258.11972244103	0.999993680058668	0.00019991351237629812
55258.14015656419	1.0000669820282677	0.00019991477751725935
55258.160590587715	0.999684332601716	0.000199900552208428
55258.181024511585	1.0000845072752476	0.00019992215133287668
55258.20145863568	0.9998773438677403	0.0001998866332968767
55258.22189266002	0.9997410792559691	0.00019990997564937665
55258.2423265847	1.0002400574025068	0.00019994371089124673
55258.26276070973	1.0007752128082048	0.00019997552667485322
55258.28319473488	1.0002772789112315	0.0001999249216425455
55258.3036286605	0.9998254269453611	0.00019986367108355368
55258.32406278634	0.9999333258816211	0.00019987047129658384
55258.34449681254	1.0004381240560072	0.00019992783080500612
55258.36493073897	0.9997277606246185	0.0001998547085550483
55258.385364865746	0.9998086488663241	0.0001998859573724604
55258.40579889276	1.0003459178080778	0.00019989339160024524
55258.426232920116	0.9995890559477981	0.0001998471626356757
55258.44666684771	1.0000523598370055	0.00019990090014272897
55258.46710097566	0.9996742257487149	0.00019984624106356242
55258.487534903834	1.0000327048455382	0.0001998711124761529
55258.52840306123	1.0002522524290463	0.00019988092386822703
55258.54883699034	0.9997807259634426	0.00019985687667571408
55258.569271019674	0.9998799570665201	0.00019986035797705048
55258.58970514937	1.0002924597033525	0.00019988589629873867
55258.61013907941	0.9997127230575483	0.00019985132221759892
55258.63057310967	1.000140551347958	0.00019988103502526427
55258.67144117115	0.9997575598162326	0.00019985720891490204
55258.71230933379	1.0004926972725021	0.00019989432629399206
55258.73274326546	0.9996837087881781	0.00019985429608816518
55258.77361142984	1.0000759087487354	0.0001998714184527823
55258.79404546255	1.0001187636287572	0.00019987282132074324
55258.81447939538	0.9997110913069897	0.00019984366544696666
55258.834913428684	1.0000656834783435	0.00019986173413187556
55258.85534756222	1.0000090579381176	0.00019985587251563792
55258.875781495975	1.0002105662133562	0.00019986599141919332
55258.89621553009	0.9999875707698233	0.0001998530084788479
55258.91664966443	1.0001138083904806	0.00019986139437361148
55258.93708359913	0.9999765085555268	0.00019985508393916687
55258.957517634175	1.0000672527751706	0.00019985780213191764
55258.99838570496	0.9998648399715854	0.0001998533610519985
55259.01881974082	0.999646198157375	0.0001998426448963982
55259.03925387691	1.000087650435031	0.00019986538525584448
55259.05968781335	0.999832691960868	0.00019985729019075026
55259.080121850144	1.0000256529549147	0.000199875520215364
55259.12099002454	0.9998956270323394	0.0001998735762118354
55259.141423962144	0.9998039860049996	0.0001998671859548317
55259.16185809998	1.0002910444775202	0.00019989834388918804
55259.18229213817	0.9998446783232497	0.00019987471846439464
55259.202726076706	1.0001401754066461	0.00019989351230631448
55259.22316011548	0.9997539374069284	0.000199865568395207
55259.24359415459	0.9999389080538731	0.00019988522986487235
55259.264028193946	1.0000613996501888	0.00019988779877870352
55259.28446223353	1.0001264670171777	0.00019988818284418956
55259.30489627358	0.9997887609217371	0.00019986277118452133
55259.325330313746	1.0000225279505879	0.00019987106455836916
55259.366198395124	1.0000529838804948	0.0001998687436984976
55259.386632436224	1.0003297446377508	0.0001998801745197019
55259.42750051935	1.0002215804049652	0.0001998608861125615
55259.44793456138	0.9996427718406571	0.00019982291403792033
55259.468368603644	1.000210289065593	0.000199857165896102
55259.48880264625	0.9997699058288341	0.00019982641418974664
55259.5092366891	0.9998317441428682	0.00019983070993854338
55259.529670732176	0.999799217659127	0.0001998333643577668
55259.550104875714	1.0001249594045927	0.00019985279619526248
55259.570538819375	1.0000524316627077	0.00019985160565552166
55259.5909728635	1.0002105800097247	0.00019986261675728297
55259.61140680774	1.0000794606410155	0.00019986056085316057
55259.63184095245	0.9998235290341845	0.00019985131783877163
55259.65227499727	0.9997005432436816	0.0001998468816693841
55259.67270904244	1.0001244451663527	0.00019987889584083723
55259.69314308796	1.0000906478854827	0.00019987519683765397
55259.71357713372	1.0001287471096603	0.00019988051786998422
55259.73401117982	0.9996641456349181	0.00019985759149822408
55259.75444522616	1.000132517988758	0.00019988610761408358
55259.774879272845	1.0000035670247434	0.0001998798291773785
55259.79531331976	1.0000931334402483	0.00019988670168087056
55259.81574746703	1.000022609604213	0.00019988639468942814
55259.83618141453	1.0002647910382707	0.00019990203064305126
55259.85661546226	1.0001536104747082	0.00019989512597304773
55259.91791760744	0.9999574349710866	0.00019987446602939685
55259.93835175646	0.9997946771292239	0.0001998680617669554
55259.958785705705	1.0000591007265098	0.0001998716301997818
55259.979219755296	0.9999459438825073	0.00019986595056749762
55259.99965380513	1.0002175120820525	0.00019987953033044617
55260.020087855184	1.0001470358377873	0.00019987546251675498
55260.0405219056	1.0005842538491483	0.00019989914673246292
55260.12225801015	0.9998485780853569	0.00019984221955132817
55260.14269216207	0.9996203433051246	0.00019982710601595485
55260.16312621423	0.9998420060978973	0.00019984259629430727
55260.183560166624	0.9998906988835298	0.0001998364461187891
55260.20399431937	0.9998764455422021	0.00019983909153732467
55260.22442837245	0.9998400540868946	0.0001998323169833416
55260.24486232577	1.0000503266848704	0.0001998418145776938
55260.26529647932	0.9998907917017759	0.00019983919741289711
55260.28573053323	1.0004468132081876	0.00019986794469046583
55260.30616448737	0.9999840438496447	0.00019984015842799618
55260.326598641856	1.000020152558219	0.00019984459049405287
55260.34703269657	1.0000614219396466	0.0001998438334972192
55260.36746675164	1.0001320027991478	0.00019985225870928214
55260.38790070694	0.999869851671671	0.00019983238582855058
55260.408334862586	0.9999036336459192	0.00019983583380528655
55260.42876891847	1.0002042839687002	0.00019985201298154608
55260.449202874704	0.9999374737929536	0.0001998366441417586
55260.469637031165	1.0002627790150382	0.00019986115500234165
55260.49007108798	0.9995094247941141	0.00019981566833353126
55260.51050504503	1.0001380630533183	0.00019984577159009846
55260.53093920242	1.000049859670834	0.00019983687577878687
55260.55137326005	0.9999252785085115	0.00019982649448068492
55260.571807217915	1.0003325523527575	0.0001998502773555392
55260.59224137612	1.0000098679116176	0.0001998265513292269
55260.612675434684	0.9997176731413364	0.00019980496780793784
55260.63310939348	0.9998362235824868	0.0001998113001354456
55260.67397761188	1.0000458169087134	0.00019981662567255374
55260.69441167149	1.0002374570522468	0.00019982547635830568
55260.71484573144	1.0000169770174985	0.0001998063630729123
55260.73527979163	1.0000369580729696	0.00019980964730297406
55260.755713852166	0.9999500243694546	0.00019979687409949398
55260.77614781294	1.0004040244921304	0.00019982620662109505
55260.796581974064	0.9999122382589303	0.00019979679014405326
55260.81701603542	0.9998900581199354	0.00019979526973450042
55260.83744999712	1.0001120954839824	0.0001998112052987694
55260.85788415906	0.9997501337105876	0.0001997896315911254
55260.87831812123	1.0002600500334706	0.000199820518348602
55260.89875218374	0.9996818225958343	0.00019978712778135404
55260.91918634661	1.0002118126370492	0.00019982450407384853
55260.93962030971	0.9998077794208576	0.00019979805317425257
55260.96005437304	0.9998092988179603	0.0001998014623023646
55260.98048853673	1.0002780056970608	0.00019983257551941524
55261.00092250064	0.9999050983105859	0.0001998164873281348
55261.0213565649	0.999731598171646	0.00019980382763645614
55261.0417907294	0.9999565860115485	0.00019982551289595142
55261.06222479425	1.0002222071320868	0.00019982692223572562
55261.10309292476	1.0002701083215058	0.00019983082105824842
55261.123526990414	0.9996660172330607	0.0001997936161398538
55261.143960956426	1.0000244196434127	0.00019981217983798332
55261.16439502267	1.0003157153766877	0.00019983037925269787
55261.18482918915	0.9998150877585785	0.00019979939333840527
55261.20526315597	1.0000466843207547	0.00019981394082108049
55261.22569722303	1.000211136397287	0.0001998187066341627
55261.246131390435	0.9999105762880779	0.00019979603470359625
55261.26656535808	0.9996968173806632	0.00019978131770848
55261.28699942607	0.9999636111669924	0.00019979717432092145
55261.307433594295	0.9998099441159927	0.00019978862542903634
55261.32786756286	1.0001009832814853	0.00019980767442427688
55261.34830163167	1.00004369713048	0.00019980852566886778
55261.3687358007	1.0000090606938843	0.00019980209208298166
55261.38916987009	1.0000516793239043	0.0001998054434228334
55261.40960383983	1.000269619352289	0.00019981880086748853
55261.4300380098	0.9999658373055406	0.00019980620435636754
55261.450472079996	1.0000313668385499	0.00019981200725380254
55261.49134022133	1.000156989501483	0.00019981877135954944
55261.51177429246	0.9998885458853559	0.00019979830878109724
55261.53220826383	0.9999002947975156	0.00019979676393506166
55261.55264233543	0.9998186768987627	0.0001997959862924255
55261.573076507375	0.9996759298279009	0.00019978059679936903
55261.59351047967	1.0001396550228225	0.00019981495730180278
55261.6139445522	1.0001093228736058	0.0001998087477613128
55261.634378724964	1.0002754076751408	0.00019982041836416842
55261.65481269808	0.9998891030466216	0.00019979657483098928
55261.675246771425	0.9998329374568706	0.0001997916629523027
55261.695680945	1.0000821054152829	0.0001998088382219984
55261.71611491893	1.0001960951812372	0.00019981658679437694
55261.7365489932	1.00002091181902	0.0001998043750361075
55261.75698316771	0.9999623065318025	0.00019979920733346159
55261.77741714245	1.0000536431503255	0.00019980012394681741
55261.79785121755	1.0002952514605514	0.00019981663578187258
55261.81828539287	0.9999677435699297	0.00019979346197659367
55261.83871936854	0.9999661785456706	0.00019979426834354424
55261.85915344444	0.9998414148053267	0.0001997833140378986