56021.04950709078	0.9999885176060651	0.00019210338915434408
56021.069941256785	1.0001498773633573	0.00019211707812554765
56021.09037562315	1.0000765959514566	0.00019210976060568736
56021.11080988963	0.9997219622739602	0.00019209136611753096
56021.131244056334	1.0004486659171044	0.0001921340736523334
56021.15167842328	1.0002716712286035	0.00019212696558630108
56021.17211269046	1.0001981426263487	0.00019212557564197747
56021.192547057864	0.9999115134748753	0.00019210419165494117
56021.21298122551	0.9998710427872737	0.0001921084862033182
56021.233415393384	1.0001061735557089	0.00019211476322880555
56021.25384976149	0.9997180688564863	0.00019209262485119386
56021.274284029714	0.9999384134298979	0.0001921067169330136
56021.29471819829	0.9999326299455376	0.00019210922856117854
56021.35602120517	1.000064961333124	0.0001921089221183096
56021.39688964418	1.0003906842726344	0.00019212819512240122
56021.41732401403	1.0001538003445	0.00019211777316456916
56021.43775818412	1.0000934733197773	0.0001921122954771743
56021.45819245444	1.00006336299955	0.0001921154056147127
56021.47862682499	0.9999568784266861	0.0001921069773211697
56021.49906099566	1.000171624778365	0.00019211955187146425
56021.51949526668	0.9996863568686194	0.00019209495140577263
56021.53992963781	0.9999479091053441	0.00019210961077526474
56021.56036390918	1.0001323395750894	0.0001921205753756964
56021.5807981809	1.0001553199216808	0.000192130860641576
56021.601232452726	0.9999774132511787	0.00019211479719517845
56021.642100997095	1.0007312243160162	0.0001921605952359568
56021.662535269505	0.999661541210698	0.00019209967915303315
56021.68296954227	1.0004011237279076	0.0001921447671331858
56021.70340391527	1.000305793097993	0.00019213677230288113
56021.72383808838	0.9997530762007873	0.00019210328400080402
56021.744272461845	0.9999302766503377	0.00019211888663430405
56021.76470673543	1.0003028666548597	0.00019213269651525603
56021.78514090923	0.9995581117267424	0.0001920913518317101
56021.80557528328	1.000307672333631	0.00019213557308865657
56021.82600955756	0.999845551762244	0.0001921095393681465
56021.846443732065	0.9998651895840429	0.000192111527273134
56021.86687810681	1.0000446746572276	0.00019211982022021763
56021.88731228167	0.9996569354131487	0.00019209596958701756
56021.90774665688	1.00007249764413	0.00019212423203776496
56021.928180932206	1.0002024639937677	0.00019212998716627714
56021.948615107765	0.9999106335527972	0.00019211443374092277
56021.96904948367	1.0000091787803889	0.00019212025760533672
56021.989483759695	0.9999134162191035	0.00019211291021453743
56022.00991793595	0.9996925832202608	0.0001921036233691782
56022.03035231232	0.999947758553752	0.00019211727048488235
56022.05078658905	0.9998033254168409	0.0001921033695673436
56022.071220866004	1.000016374692699	0.0001921221824576425
56022.09165514307	1.000012090059872	0.0001921229340373735
56022.11208942038	0.9998435776993446	0.00019211225205121769
56022.132523798035	1.0000348745678882	0.00019212809903558183
56022.1529579758	0.9999967331571356	0.00019212696582334126
56022.173392253804	1.000052493411424	0.0001921272090984231
56022.19382663192	0.9999333503210902	0.00019211683234861583
56022.21426091039	1.0000158324009334	0.0001921239262371637
56022.23469508909	0.9999162704667884	0.00019212067132784585
56022.255129467914	0.9999303508369153	0.0001921263136904737
56022.27556374708	1.0000126724977056	0.00019212653293166634
56022.29599802636	1.0000562246260927	0.0001921260513469032
56022.31643230587	1.000045443596084	0.00019213155455909958
56022.336866585625	0.9998801325600746	0.0001921216863778431
56022.35730096561	0.9997651791798442	0.00019211146706958
56022.37773514571	1.0002060676199998	0.00019213979751725007
56022.39816942615	0.9998584024024537	0.00019211834596442458
56022.41860380672	1.0000914633612008	0.00019213378112148692
56022.43903798763	0.9999094822438597	0.0001921241923119123
56022.45947236866	0.9999607328789384	0.0001921324361392239
56022.479906649925	1.0001003629213505	0.000192139718680679
56022.50034083142	0.9997847115936975	0.00019212116281467498
56022.52077521303	1.0002311465967626	0.00019214604532521892
56022.54120939499	0.9999010943536777	0.00019211256912034572
56022.56164367718	0.9998486872744979	0.00019212499836202118
56022.582078059495	0.9999222867642957	0.00019213297515462875
56022.60251224204	1.0000089468573357	0.00019213613528441356
56022.62294652482	1.0002260792361652	0.0001921513425039794
56022.663815091066	1.000099545640663	0.00019214393515564474
56022.684249474536	0.9999909853352209	0.00019214007987899273
56022.70468375813	1.0003717810888184	0.00019216238020479585
56022.72511804207	0.9999782939925204	0.00019214216189225242
56022.74555232612	0.999989950465818	0.00019214724967961473
56022.765986610415	0.9996840167079702	0.0001921285961626704
56022.78642089494	1.000038487660406	0.0001921516139710449
56022.80685517969	0.9999263918429042	0.00019214790231191677
56022.82728946456	0.99990432585119	0.00019213154093795711
56022.84772384979	0.9996659084749532	0.0001921008088541554
56022.86815803512	1.0001784864871917	0.00019216200513452698
56022.88859232069	0.9996434885291208	0.00019213200275164027
56022.9090267065	0.9997996207215998	0.0001921423843609104
56022.92946099253	0.999828795127164	0.00019211283295218686
56022.9703295653	0.9997170458762322	0.00019214047486652565
56022.990763851914	0.9997997945552775	0.00019213109894283576
56023.01119823877	0.9998163114415938	0.00019214672796507304
56023.03163242585	0.9999107982889968	0.0001921231832925054
56023.052066713164	0.999790278848208	0.00019211763167272566
56023.072501100716	0.9995265123882069	0.00019211952318372224
56023.0929352885	0.9994723878597618	0.00019207659185786804
56023.11336957639	0.9996950319793402	0.0001920932411983072
56023.13380396464	0.9996823150904808	0.00019209373749000034
56023.15423815301	0.9995720501670611	0.00019208973420586385
56023.1746724416	1.0000013414819011	0.00019211585009200964
56023.21554101938	1.0000280798205974	0.00019211807592665835
56023.23597540867	1.00002276909876	0.00019215154516038618
56023.256409598085	0.9998459623932664	0.00019214314974889873
56023.29727827772	0.9997935774625213	0.00019212354260176695
56023.31771246772	0.9998418782880544	0.00019211418039026377
56023.33814675806	0.9999948298594594	0.00019212486261703187
56023.358581148634	0.999953716115774	0.00019212668906606046
56023.37901543933	0.999903885464931	0.0001921219447816683
56023.39944973025	0.9997869931800246	0.00019211960273504724
56023.41988402141	0.9998360253054133	0.0001921385769010758
56023.4403183128	1.0000755871233702	0.0001921705872110473
56023.46075260443	1.0000473790648607	0.00019216587579893882
56023.48118689616	1.0001440360646041	0.00019214255998969726
56023.501621188254	0.999792379940826	0.0001921202072875675
56023.522055580455	0.999992903622885	0.00019213888204711691
56023.542489772895	0.9999768203104852	0.00019213436029898607
56023.58335845835	0.9999293949065287	0.00019212600377359755
56023.62422704475	0.999830997548265	0.00019212338279963755
56023.64466133823	1.0000007263396191	0.00019216443320373733
56023.66509553195	1.000203163709951	0.00019214378819026447
56023.685529925904	0.9999869040925574	0.00019213119126778626
56023.705964220084	1.0001083115208573	0.00019213473087161727
56023.74683280892	1.0000666525758968	0.00019213909795252952
56023.767267103685	0.9999285088057838	0.00019212754813112775
56023.78770139869	0.999751721213505	0.0001921195329473557
56023.80813569392	1.0000140666642205	0.00019213060461706764
56023.828569989266	1.0000348973420445	0.00019213325514378645
56023.849004284966	1.0002049991559847	0.00019214419733592654
56023.86943858078	0.9997831437563885	0.00019212056308251982
56023.889872876825	0.9998238562756114	0.00019211863724410096
56023.91030717299	1.0000014866484517	0.00019212910294108947
56023.93074146951	0.9998878468685379	0.00019212711535691938
56023.95117586613	0.9999824070465481	0.0001921312983598314
56023.971610062996	1.0000106113914011	0.00019213317742087856
56023.99204436009	1.0001720585375686	0.00019214142362961468
56024.03291295498	0.9996836500318969	0.00019211974083962837
56024.05334725266	0.999980338006069	0.00019213510696006175
56024.073781650564	0.9997843907444705	0.00019212077319385
56024.09421594871	1.0000877923563898	0.00019214279925173884
56024.11465024708	1.0000077670964713	0.0001921316037307109
56024.15551884442	0.9999947442096407	0.00019213176836701043
56024.17595314338	0.9998828882347839	0.00019212679996234188
56024.196387442564	0.9999139606462005	0.00019212763836178544
56024.23725614164	1.00010467631032	0.00019213706426384272
56024.257690341416	1.0002166763180373	0.0001921525200065455
56024.27812464142	0.9996392502373544	0.00019210818701730661
56024.298559041774	1.0001001207049425	0.00019213484263113734
56024.31899324213	0.9998969196277954	0.00019212246015972088
56024.33942764284	0.9998358307582602	0.00019212187796839963
56024.35986194365	1.0000975123820899	0.00019213459994067196
56024.380296144824	0.9999206971233454	0.00019212416635837318
56024.40073054611	0.9997560219542366	0.00019211793982699114
56024.42116484751	1.0002964776346204	0.00019214471227605267
56024.44159904926	1.0000582566542944	0.00019212992004549577
56024.462033451135	1.0000598056251486	0.0001921314897195468
56024.48246775323	1.0004738616860074	0.00019215103961575525
56024.50290205557	0.9999405279504208	0.00019212560578064979
56024.523336358136	0.9999216407061005	0.00019216663287673237
56024.54377066093	1.0000996694021747	0.00019213658698537868
56024.56420496385	0.9997990644706546	0.00019211994223273843
56024.584639267	1.0002281264013808	0.00019214313464771903
56024.605073570376	1.000085538700312	0.0001921425486801271
56024.625507873876	0.9997528481803909	0.00019212355614170595
56024.645942177725	0.9999165153928131	0.0001921302099906775
56024.666376581685	1.0001820213167063	0.00019214450779363854
56024.68681078588	1.0000896478485413	0.00019214343153637717
56024.707245090314	1.0001604791160326	0.00019214752739007417
56024.727679494856	1.0003798011677079	0.00019215997816983567
56024.74811379975	0.9998588088811585	0.000192130435394531
56024.768548004766	0.9996457611987964	0.00019212069229557362
56024.788982410006	0.999673471943156	0.00019211850040546342
56024.80941671543	1.0000790447273207	0.00019214499986754398
56024.82985092108	0.9999305054007639	0.00019213036228892268
56024.8502853269	1.0006036049053624	0.00019217117919963022
56024.87071963296	0.9999039790471983	0.00019212916381332958
56024.89115403926	1.000246866984754	0.00019214658631097118
56024.91158824572	0.9999804017245365	0.00019212995449399437
56024.93202255242	1.0005356651404087	0.00019215997995958694
56024.95245695929	0.9999502260605918	0.00019212741888175873
56024.9728911664	1.0002168507206026	0.0001921443840305324
56024.99332547368	0.9999727751669109	0.0001921280299929187
56025.0137598812	1.0000385992772503	0.00019213056278640859
56025.03419408888	1.000026581252202	0.0001921312235765793
56025.05462849681	1.0000082395422907	0.0001921347886745934