56402.56554218017	0.9998045242388078	0.00019386984882995917
56402.585976636874	0.9999868395967093	0.00019388247407080492
56402.60641099374	1.0001804441552726	0.00019388879561846052
56402.62684545085	0.9998679775217879	0.0001938743052347116
56402.64727970814	0.9998644256422404	0.00019387400198644066
56402.688148523164	1.0002979097445948	0.00019389547718094317
56402.70858278097	0.9998270106525775	0.00019386983569023467
56402.72901713895	1.0003383776709938	0.00019390090793882227
56402.74945159716	1.0000873928829233	0.00019388801848107192
56402.769885855494	0.9997965911615722	0.0001938692865204447
56402.790320214	0.9999283159652145	0.0001938766649355054
56402.81075467273	0.9999439505347387	0.00019387561876855455
56402.83118893165	1.0002932545944954	0.00019389697589565957
56402.85162339067	1.0000135928916034	0.00019388442155285172
56402.87205764993	0.9998580280250874	0.00019387149562844174
56402.89249200937	1.000069603821002	0.00019388587803597558
56402.91292646898	0.9999754569190609	0.00019387998472650159
56402.93336072882	1.0000105312538443	0.00019388145589949475
56402.95379508878	0.9999526651646182	0.0001938811995524665
56402.97422954891	1.000011398794117	0.0001938849717383022
56402.99466390928	0.99995566010415	0.00019387805044748934
56403.01509826977	0.9999064488801149	0.00019387927999963154
56403.03553263048	1.0000653024897324	0.0001938852522524247
56403.05596699137	0.9999676904236229	0.00019388106469653174
56403.07640135238	1.0000429798043056	0.00019388363594673833
56403.096835713615	1.0000640257418496	0.00019388639837130176
56403.11727007503	0.9998601239003678	0.00019387549154299772
56403.13770453668	1.0000468603458954	0.000193885698157161
56403.15813879838	0.9998696462748399	0.00019387757199571223
56403.17857326038	1.0000247534433686	0.00019388581665180228
56403.1990076225	0.9998030307654239	0.00019387438666219458
56403.21944188478	0.9996920693414555	0.00019386584557531917
56403.26031070994	1.000049680410458	0.00019389181006136837
56403.280744972806	0.9996343776480193	0.00019386724036355842
56403.30117943585	1.0002360102746484	0.0001939002098369877
56403.32161379902	1.0001364098466574	0.00019389310059138507
56403.342048062405	1.0001760324276694	0.0001938929885437952
56403.362482525976	1.0004920123127166	0.00019391511274020095
56403.38291688972	0.9998762330791929	0.00019387688703282694
56403.40335125363	0.9997945556667972	0.00019387809864537838
56403.42378561773	0.999951329499433	0.00019387958078543615
56403.444219982	1.0000527746246264	0.00019388486822989056
56403.46465434643	1.0005625968636274	0.00019391556651869653
56403.48508871111	1.0000365817753838	0.00019388295601905926
56403.5055230759	1.0002071017695275	0.000193896853351431
56403.52595744086	1.000223208711011	0.0001938948909432636
56403.54639180606	1.0002078989270646	0.00019389907482540697
56403.56682627137	1.0001537055465535	0.00019389010040102742
56403.58726053692	0.9999802636601103	0.00019388143970386451
56403.60769490259	0.9994350795160161	0.00019385309896593383
56403.648563734496	0.9998856349502849	0.0001938767316514253
56403.66899800074	1.0002037616779127	0.0001938951382696913
56403.6894324671	0.9997840601171178	0.00019386966836369517
56403.7098668337	1.0001764594837586	0.00019389924632711589
56403.73030110047	1.0002119372126974	0.00019389786098316752
56403.75073556742	1.000138696108191	0.00019389229496138312
56403.77116993453	0.9997287986581626	0.0001938724589865373
56403.79160440183	1.0000176425773275	0.0001938817868140054
56403.81203866923	0.999796865842038	0.0001938740888006235
56403.83247303688	1.0000243539876268	0.00019388597782136872
56403.8529075047	1.0001211185973427	0.0001938948729577327
56403.89377614085	1.0002490344054238	0.00019389726050580747
56403.9142106092	0.9997806156178095	0.0001938764680487175
56403.93464487771	1.0003010553081164	0.00019390377482160414
56403.9550793464	1.000100582358938	0.00019389259925439533
56403.97551371527	0.9998672090743097	0.0001938804099363639
56403.99594798431	0.9999259546683008	0.00019388322696762503
56404.01638245352	1.000258461544922	0.00019390453162885195
56404.03681682291	0.9998964839046982	0.00019388430142122667
56404.05725109247	0.9999597756456692	0.00019388899072785704
56404.098119932125	0.9996356526189141	0.0001938721148369986
56404.11855420221	1.0001406355952416	0.00019390012967814406
56404.13898867247	0.999737308758335	0.00019387749648467327
56404.15942304291	1.0000894851694069	0.00019389890996854994
56404.179857413576	0.999797769443484	0.00019388914798438266
56404.200291784364	0.9998822385201805	0.00019388751716172144
56404.22072615533	1.0001379557571173	0.00019390643096890622
56404.24116052646	0.9998724631044564	0.00019389025114556572
56404.26159489777	0.9998802377244884	0.00019389030862573676
56404.282029269256	0.9998284520342781	0.00019388698945523188
56404.30246364091	0.9998916745565438	0.00019388842861342483
56404.322898012746	1.0001441864783838	0.00019390792003257877
56404.34333248476	1.000002969386271	0.00019389972705942312
56404.363766856935	0.9999031662662314	0.00019390355090920938
56404.384201129295	1.0003946855112162	0.00019392495827448645
56404.40463560182	1.0001009373341658	0.0001939090521689719
56404.42506997453	0.9997785059329025	0.00019389584804782454
56404.445504247415	0.9994105431982552	0.0001938741008854223
56404.465938720416	1.0000014239083672	0.00019390958562298362
56404.50680736705	0.9997125211862413	0.00019389617187378556
56404.527241840624	0.9995544489093425	0.0001938908178139655
56404.54767621438	0.9997518088952511	0.0001938999307046536
56404.568110688255	0.9998218892932661	0.00019390723980317986
56404.58854496236	0.999818407995745	0.0001939020083784945
56404.608979336634	0.9996509532692318	0.0001938940782974192
56404.62941381103	0.9996971505505927	0.0001939010735859295
56404.64984808565	0.9998285645660754	0.00019391006765008794
56404.6702824604	0.9996780284545074	0.00019390559379614625
56404.69071693538	0.9997871110273233	0.00019390720272133982
56404.711151210475	0.9995888415757455	0.00019389810715566048
56404.7315856858	0.9998665924756672	0.00019391592620967017
56404.75202006124	0.9998100393255889	0.00019390820160357464
56404.77245433685	0.9997224216834395	0.00019390855140294228
56404.79288881265	0.9996177739989167	0.0001938949205522069
56404.813323188675	0.9996097817977113	0.00019390251862960302
56404.83375746482	1.000181658088753	0.00019393549864513322
56404.85419194113	0.9995413735644588	0.00019390072149388644
56404.87462631762	1.0003333046844372	0.0001939449406198949
56404.89506059428	1.0003172334441777	0.00019394200370560538
56404.91549507112	1.0000451381780886	0.00019392124323711912
56404.95636392527	0.999858280439491	0.0001939167402004374
56404.97679820263	0.9999509535322035	0.00019392210163135702
56404.99723258011	1.0003026142757607	0.00019394270718280917
56405.03810133565	1.0001101990768066	0.0001939292164839524
56405.05853571372	1.0000058720175427	0.00019392536294952228
56405.07897019189	0.9999306616700177	0.00019392130011551057
56405.099404470246	1.0001617095794988	0.00019393018324604983
56405.119838948776	0.9999589870489488	0.0001939173814462788
56405.14027332747	1.0000711839080656	0.00019392346469894133
56405.16070760641	0.9996949776885449	0.00019390203919188463
56405.181142085465	1.0002871372681668	0.00019392742270123267
56405.20157646463	1.0000683552757001	0.00019391696240301997
56405.22201074403	0.9999621121515199	0.00019391422362750486
56405.24244522361	0.9999101001170334	0.00019391051061052396
56405.262879603295	0.9998156183877408	0.00019389973258249034
56405.28331398322	1.000313145809377	0.00019393101253618547
56405.303748363265	0.9995927346039981	0.00019390223995271593
56405.324182743476	1.0002008959646398	0.0001939291541287281
56405.34461712393	1.0000011591139781	0.00019391927086202318
56405.365051504494	1.0000771697210233	0.00019392383529485917
56405.40592026609	0.9998366024535569	0.0001939112707696048
56405.446789028436	1.0000031666874554	0.00019392187555687679
56405.467223409876	1.0001611620502127	0.00019392982118016425
56405.48765779143	1.0000095916747098	0.00019392045002274226
56405.50809227316	1.000125080949968	0.00019392790857112853
56405.52852665506	1.0000021603108822	0.00019392634964007124
56405.54896093714	0.9999512998408766	0.00019392226115181775
56405.56939541945	0.9996520305997232	0.00019390932823062506
56405.58982980188	0.9995835587506108	0.00019389804789168293
56405.610264084426	1.0000237071119884	0.0001939283989420404
56405.6306985672	1.0004869899230098	0.0001939500609045056
56405.67156723322	0.9998806488034163	0.00019392990709906664
56405.69200171646	0.9998650782825313	0.00019393086691748895
56405.71243609988	0.9999512699965379	0.00019393139370864294
56405.732870583466	1.0004202999361396	0.0001939616735012316
56405.753304867234	0.9997687472729692	0.00019392541048456703
56405.77373925118	0.9996774306309146	0.00019391397100686366
56405.79417373523	0.9998411369575422	0.0001939317687674941
56405.81460801952	1.0005574404289383	0.00019397469745559132
56405.83504240393	1.0001563563210556	0.0001939612443941164
56405.85547688851	0.9999544691821102	0.00019395211444793017
56405.875911173265	1.0000505881250799	0.00019397850140628108
56405.8963456582	1.0002117011781044	0.0001939830665932978
56405.9167800433	1.0000400530054598	0.00019397094496868665
56405.93721432858	0.9999336497890854	0.0001939731319802268
56405.95764881398	1.000056006115414	0.0001939663439889591
56405.978083199545	1.0001295003998858	0.00019394941883849168
56406.01895197127	1.0000492071597962	0.00019393518206307542
56406.039386357304	1.0000655383493637	0.000193930494138106
56406.059820643575	1.0001103074195605	0.00019393373482034
56406.08025513002	1.0000402788039482	0.0001939317968117329
56406.10068951658	1.0002396166495908	0.0001939386355877789
56406.121123903315	0.9998897539593988	0.00019392318947160028
56406.14155829023	0.9998848644099279	0.0001939204935185156
56406.161992677306	0.9999153423250252	0.000193920139737828
56406.18242716457	1.0000085800586218	0.0001939275127079558
56406.202861452	1.0000577531406136	0.0001939275342817644
56406.22329583955	1.0000099535085416	0.00019392608700714351
56406.243730327275	0.999899320982663	0.00019391348794587819
56406.264164615175	0.9999939315996946	0.00019391936326732055
56406.284599103245	1.0001109550693537	0.00019392961638771387
56406.305033491495	0.9998736444122129	0.0001939127693439727
56406.32546777986	1.0000339769263098	0.00019392103392820787
56406.345902268455	1.000254870953158	0.00019393406977488814
56406.36633665717	1.000121643801182	0.0001939233399296618
56406.38677094606	0.9999218998679573	0.00019390794342906127
56406.40720543506	0.9999769575499995	0.0001939119529981732
56406.4276398243	0.9998186080296452	0.0001939056332772818
56406.44807411366	1.000178782530988	0.00019392235425930005
56406.46850860324	1.0001055364657856	0.00019391463057115866
56406.488942992946	0.9999297531889507	0.00019389973178028308
56406.50937748283	0.9998935357211435	0.000193900821567179
56406.550246163046	0.9999573838637504	0.00019390233345149835
56406.570680653385	1.0000514593560117	0.00019391259432355293
56406.591114943905	0.9996527288966391	0.00019388908354183053