55067.02974182821	1.0000805884776367	0.0001829305644130641
55067.05017525953	1.0000460416964607	0.00018293359893070183
55067.070608590606	1.0001250975388507	0.00018293907375237838
55067.091041821455	1.0002560910814127	0.00018295013286718468
55067.11147525184	1.000195109132667	0.0001829534778733572
55067.131908581985	0.9996343288710855	0.00018291593915798878
55067.17277514136	1.0001318862235467	0.0001829514276009651
55067.19320857057	0.9997803778414399	0.0001829313734555646
55067.213641899325	0.9999283139784957	0.00018294468890816477
55067.23407512808	0.9998785925470672	0.00018293652097521522
55067.25450855636	0.99996654849045	0.0001829474264027719
55067.274941884185	0.9998915592272116	0.00018294311194167712
55067.29537511201	0.9998473211431189	0.00018293738336444564
55067.31580843936	1.000131175319554	0.00018295996967629456
55067.33624176648	0.999856347935046	0.00018294637174771493
55067.35667509314	0.9999322032981862	0.00018294967847403275
55067.377108419794	1.000020531477441	0.0001829603714257851
55067.417975071716	0.9999728192133132	0.00018295248031558289
55067.43840829721	1.0000935744999315	0.00018296505990137847
55067.458841722466	0.9999989232126741	0.00018296116437734175
55067.479275047495	1.0001423251174648	0.0001829712375547375
55067.49970837205	0.9999309964809328	0.00018296092710529222
55067.52014159638	0.9996103015868129	0.00018294201473647412
55067.54057502048	1.0002319245110691	0.00018298185230378847
55067.561008344106	0.9998260450129665	0.0001829567281174958
55067.60187489067	0.9997767024197661	0.00018297823551443264
55067.6223083136	1.0003180822681277	0.0001829922264015585
55067.64274153607	0.9999968289312862	0.00018297129936278985
55067.6836082803	0.9998092030371317	0.0001829657806496517
55067.704041501835	1.0000839476954264	0.00018298260478676
55067.72447482314	0.9998504948778825	0.0001829680701861056
55067.74490824397	0.9999689598419546	0.00018297697552400438
55067.76534146481	0.9999754979775248	0.00018297973486708052
55067.78577478518	1.0002883442550645	0.00018300037504745008
55067.80620810532	0.9995723644439065	0.00018295493902164612
55067.82664152499	1.0001220770749306	0.00018299450892400167
55067.84707474443	1.000055825309308	0.00018299402211125547
55067.86750806363	0.9998197468893946	0.00018298123064589353
55067.887941482375	1.0002282303360832	0.00018300752497587598
55067.90837470112	1.0002213407520963	0.0001830080867781316
55067.92880801916	0.999999868379294	0.0001829957166198985
55067.9492413372	1.0002025233074203	0.0001830100418748653
55067.96967465478	1.0001686000669239	0.0001830130309485583
55067.99010797212	1.000146606203323	0.00018301177117796717
55068.01054128923	0.9999162144812894	0.00018299422839435157
55068.03097460588	1.0001801805840225	0.00018301935465815894
55068.05140792229	0.9995826921204716	0.00018297504388590125
55068.07184123847	1.0000778666081631	0.00018301033941974058
55068.09227445418	1.0003169429602214	0.00018303010768804887
55068.11270786989	1.0000109673953754	0.0001830139432871762
55068.13314118491	0.9999616865819615	0.00018300888641624633
55068.15357439993	0.9999410442122384	0.00018300960807159604
55068.17400781447	0.9999509671376037	0.00018301435712454294
55068.19444112879	1.0002177632503755	0.00018303579203972307
55068.21487434288	1.000046476540008	0.00018302616823217556
55068.23530765649	1.0000047812791903	0.00018302705985753537
55068.25574106988	0.9999979738301957	0.00018302644157809143
55068.276174383034	1.0002030160049058	0.00018304461146781385
55068.29660759572	0.9999869069685874	0.00018303139487106976
55068.31704100817	0.9999856880170106	0.0001830364021272458
55068.3374743204	0.9998037588357326	0.00018302410919664934
55068.35790753215	1.0002996519824006	0.00018305745691601637
55068.37834084367	0.9999478687677086	0.00018303576747189876
55068.398774254965	0.9996473051423094	0.00018302479368539844
55068.419207466024	0.9997840759545925	0.00018303166087300707
55068.43964077661	0.9997221244797151	0.00018303527048409024
55068.46007418697	1.0000636941599454	0.00018305843050991035
55068.48050739709	1.0003206549589942	0.00018307893253947344
55068.500940706756	0.9999239612612536	0.00018305525033657282
55068.521374016185	1.0000716249228596	0.00018306234198236417
55068.54180732538	1.0001369636389397	0.00018307156999236573
55068.562240634106	0.9998141312674209	0.00018305450305457343
55068.582673942605	1.0002505374867687	0.00018308802216708341
55068.603107350864	1.000146308883145	0.00018308044802522184
55068.623540558896	1.0002256007256616	0.0001830909285826177
55068.64397386646	1.0003522808310854	0.00018310473257354944
55068.6644070738	0.9996042007580588	0.00018305507524772914
55068.68484048066	1.0001072507118955	0.0001830893050961757
55068.70527378753	0.999809790664598	0.00018307697226324155
55068.72570709392	0.999897409254523	0.0001830812820644744
55068.74614039986	1.000048271542483	0.00018309557850041755
55068.78700701127	0.9993913579740186	0.00018305964224302394
55068.8074402165	0.9996863360791672	0.00018308072091854946
55068.827873621274	1.0000233003109884	0.00018310607923847482
55068.848306825814	1.0007490084751687	0.0001831551915265549
55068.868740130114	1.0001252074613063	0.00018311593717453188
55068.88917353419	0.9997560905887624	0.0001830962978916668
55068.9096067378	0.9995702377667828	0.00018308734140534938
55068.93004004117	0.9999330228526216	0.00018311405936473652
55068.95047344431	0.999536290160655	0.00018308830983531046
55068.97090664699	0.9998275876366878	0.00018310989574270886
55068.991339949425	0.9996685023259719	0.0001831054726701228
55069.01177325164	0.9997158000119115	0.00018311359511914555
55069.05263985489	0.9994045039963841	0.00018309749630206445
55069.07307315617	0.9998838343155635	0.00018312753318187495
55069.09350645722	0.9995730331365982	0.0001831073758137463
55069.11393975779	0.9996091183658129	0.0001831123402403038
55069.13437305814	0.9997509125752395	0.00018312830188068493
55069.15480625826	0.9993525037248459	0.0001831090184106658
55069.1752396579	0.9995174365734519	0.00018311960797044111
55069.19567295732	0.9996106973857435	0.00018312902995375318
55069.216106156506	0.9999346775905933	0.00018315506627612917
55069.23653955522	0.9998707982939223	0.00018314904634729248
55069.256972853706	1.0000982950936803	0.00018316802028617033
55069.27740605196	0.999971704675227	0.0001831604247420757
55069.29783934997	1.000112069010324	0.00018317038071181553
55069.31827274753	1.0001698631551306	0.00018318196700129897
55069.33870604485	0.9998623678332713	0.00018316001071689948
55069.35913924193	1.0001952379083632	0.00018318383529346223
55069.37957263856	1.0003261500116358	0.00018319390278600414
55069.40000593495	0.9996101335865756	0.00018315243137800746
55069.4204391311	0.9997112307171984	0.00018316291895304404
55069.44087242679	0.999908093604803	0.00018317584274959257
55069.46130582225	0.9995615653766241	0.00018315497245513637
55069.48173901747	0.9993244476365344	0.000183139245032422
55069.50217231247	0.9995567895377927	0.00018315961684745374
55069.522605706996	1.0001622403534767	0.0001832009776081087
55069.56347219535	0.9999604127745576	0.00018319602134999667
55069.583905488944	1.0001122282165764	0.00018320084256290867
55069.6043388823	1.000059863598315	0.00018320164639600752
55069.62477207543	1.000112828911487	0.00018320818614258794
55069.6452053681	0.9998740269771477	0.00018319427510469463
55069.66563876076	1.000133547105752	0.0001832153824702523
55069.68607195296	1.0001765136042615	0.0001832165003236485
55069.70650524469	1.000292988187706	0.00018322665889298928
55069.726938436186	1.000097275639178	0.00018321353585170055
55069.747371827456	1.0001613582466362	0.000183219127706051
55069.76780511849	1.0000603571713413	0.0001832150904406435
55069.788238409055	0.999896045061542	0.000183206665582509
55069.80867169939	0.999765815487476	0.00018320043065129707
55069.8291049895	1.0001129604307077	0.00018322072894825988
55069.84953827936	1.0001944115570531	0.00018323077158100855
55069.86997146877	1.0004778814074509	0.0001832519412459433
55069.89040485794	1.0001229195783288	0.00018322765450020162
55069.91083814664	1.0000962261866995	0.00018322914012171054
55069.93127133535	1.0001971015378914	0.00018323372945169952
55069.95170472359	1.0002725539137662	0.0001832427957056591
55069.972138011595	1.0001238425704293	0.00018324044859037753
55069.99257119914	0.9997899152835047	0.00018312739134178146
55070.01300448645	0.9999053299553251	0.00018313235901432757
55070.03343787352	0.9998962611795684	0.00018313607287574228
55070.05387106013	1.0002890912678168	0.00018316480328761352
55070.074304346745	0.9998540158413344	0.00018314097827403455
55070.094737732885	1.0001049154875248	0.00018323587117530303
55070.115171018566	0.9999509057862089	0.00018314338061704334
55070.135604204246	0.9995728077609419	0.00018311744575085317
55070.156037589455	0.9997301033974866	0.00018312908957757222
55070.176470874205	0.9998580406554448	0.00018314001210497253
55070.196904058954	1.0001638070378542	0.00018316105184134794
55070.21733734323	0.9996985951312346	0.00018312763872735133
55070.23777072728	1.00010233104673	0.00018316063087559008
55070.25820391087	1.000138404543675	0.00018316134698841472
55070.278637194446	0.9998289221038992	0.0001831450158722199
55070.299070477566	1.0000207488229944	0.0001831561827198331
55070.31950376022	1.0000907375019499	0.00018316253861229106
55070.33993704287	0.9998665395579073	0.00018314176097334822
55070.360370225055	1.0000759743767635	0.00018319738664580466
55070.38080360701	0.9999416230973267	0.00018323297040299716
55070.401236888494	1.0002206447929933	0.0001831719145713416
55070.42167006998	1.0000580805253731	0.0001831624038487013
55070.442103450776	0.9999846021774795	0.00018315809143317982
55070.46253673156	0.9998322526460068	0.0001831453428601629
55070.482969911885	0.9997943242384184	0.00018314480589137842
55070.50340319221	0.9998755204914594	0.00018314904308466194
55070.52383657183	0.9999520675242278	0.00018315654814031425
55070.54426975146	0.9999772460866068	0.00018315915157658916
55070.56470303062	1.0000890300009075	0.0001831671693726965
55070.58513640954	0.9999683310705224	0.00018316135893955523
55070.605569588006	1.000037448897973	0.00018316577005155057
55070.64643614447	1.000096587583556	0.00018317084452492362
55070.66686952199	1.0001225900491706	0.0001831682245605141
55070.68730269952	1.0000422706541492	0.0001831702537195586
55070.70773597658	0.9997712119110805	0.00018314882942784908
55070.72816935342	1.000344111804251	0.0001831915467689013
55070.748602529784	1.0001454694266159	0.0001831767617829052
55070.76903580615	0.9997784862257258	0.00018315461053979685
55070.789469081814	1.0000989005255612	0.00018317758529316186
55070.80990235748	0.9999207057478384	0.00018316173734699617
55070.83033563291	1.0001321271074144	0.00018318230051849054
55070.85076890788	0.999769625773935	0.00018315956605724365
55070.87120218239	0.9998164622254486	0.00018316106740356557
55070.891635456894	1.0000366849655136	0.00018318647478616446
55070.912068730926	0.9997780418101095	0.00018316731276348363
55070.93250190473	0.9997288876811137	0.00018316478786642166
55070.9529352783	1.0002383132847426	0.0001831945044588029
55070.97336855141	1.0002697826337186	0.00018320586650856795
55070.99380172428	1.0002511292363876	0.00018320657704130997
55071.014235096925	1.0001359343107297	0.00018320354710439643
55071.034668369095	0.9999431404224158	0.00018319125944622918
55071.05510154104	0.9998521723693541	0.0001831906533007967