55448.66788268049	1.0000652526548122	0.00018051552563293409
55448.68831585767	1.0001451261742635	0.00018052190772117
55448.708748934616	0.9998708239005699	0.00018050407487546055
55448.72918221133	0.9997918934979577	0.00018049841999576708
55448.74961538758	1.0005259621782854	0.00018054922998457
55448.77004846359	1.0001347944282961	0.00018052007716759137
55448.79048173938	1.000056274058813	0.00018051483695587025
55448.810914914924	1.0002025610190783	0.0001805207904282485
55448.83134799001	1.0001788174555255	0.00018052252413480803
55448.851781264864	0.9999693758451141	0.00018050870041923874
55448.872214439485	1.0000720098218407	0.00018051402430303718
55448.892647613866	1.0000114307331327	0.00018050946826003925
55448.91308078802	0.9998173279575248	0.0001804986896955604
55448.9335139617	0.9998935562524646	0.00018050249784382059
55448.95394723516	1.0000678197179695	0.0001805083253654105
55448.974380408385	1.0000474615686692	0.00018050833753770743
55448.994813481375	0.9999046108246318	0.00018049900701229825
55449.015246753894	0.9998992823272744	0.0001804967370240198
55449.035679926186	1.0004251635436099	0.0001805294397784345
55449.05611299824	0.9996954360904156	0.00018048491377227629
55449.076546270066	0.9999863739153233	0.00018049691707874578
55449.09697944143	0.9996459336403856	0.00018048077807932412
55449.117412512554	0.9999643948254241	0.0001805025264888519
55449.158278954106	0.9994463247984129	0.00018046900512520844
55449.17871202453	0.9999809617112144	0.00018050024555332534
55449.19914529449	1.000132075228234	0.00018050716539139738
55449.219578464224	0.9997893949438946	0.00018048164962799056
55449.24001153372	0.999966825052507	0.00018049372743605445
55449.26044480298	0.9999775959518034	0.0001804945670202638
55449.28087787178	0.9999407646161999	0.00018048818369341467
55449.30131104034	0.9997546644691132	0.0001804804931833148
55449.321744308676	1.0000193118645768	0.00018049947257298512
55449.34217737678	0.9997291157723669	0.00018047595117117864
55449.36261064464	1.0000344292750494	0.00018049701856247526
55449.38304381204	0.9999969062347739	0.00018049096813040524
55449.40347697921	0.9997371481917233	0.0001804760530587338
55449.42391014614	1.0000799124028357	0.00018049828851889155
55449.444343312614	0.9998913047692097	0.00018048360486792942
55449.464776479086	0.999851490029587	0.00018047664019848531
55449.50564281086	0.9997973892665141	0.00018047405974195088
55449.526075976166	1.0002567309472894	0.00018050392166562033
55449.56694230631	0.999842669262847	0.00018047716733885917
55449.58737547092	0.9996997872978195	0.00018046915030049728
55449.60780873529	1.0003115231848518	0.00018050273742025347
55449.62824179943	0.9996674337826555	0.0001804673441485792
55449.64867496311	1.000060237027363	0.0001804866462068002
55449.669108226546	1.0001203584480391	0.0001804900939297297
55449.68954128976	1.0001534382672868	0.0001804913761631183
55449.70997445274	1.0002134999252479	0.00018049092474670575
55449.730407715244	1.000143843672167	0.00018048955440567606
55449.750840777524	0.9999034782891596	0.0001804733515220613
55449.77127403957	1.0000105114181028	0.00018048008340428425
55449.79170720138	1.0000734960845212	0.0001804801736832301
55449.83257352408	1.0002226070852114	0.0001804887259520872
55449.853006684956	1.0000101676716562	0.00018047774923159822
55449.87343984561	1.0001692074331718	0.00018048383976394276
55449.893873006025	1.0002033017550211	0.000180485922265991
55449.91430616597	1.0001465927893038	0.00018048288318810507
55449.93473922569	0.9998452717914724	0.0001804653793917083
55449.95517248518	1.000293881541461	0.0001804897711248424
55449.975605644424	0.9997224086917181	0.00018045704672003444
55449.996038703444	0.9996807393885252	0.00018045447542678003
55450.016471962	1.0001698121511824	0.0001804862608788404
55450.036905120316	0.9999853791064606	0.00018047362429104
55450.057338178405	0.9999592721448552	0.00018046959521500006
55450.07777143626	1.000182350876047	0.00018047956827421435
55450.09820459365	0.999815564368242	0.0001804538234649182
55450.11863785081	0.9999141427982501	0.0001804621427099782
55450.13907090773	0.9999737216856106	0.00018046422956921585
55450.15950406442	0.9999773374413182	0.00018047001661518464
55450.17993732088	1.00001444625693	0.00018046695822362946
55450.20037037687	1.0000287475183272	0.00018046653230345078
55450.220803532626	1.0003097824421636	0.00018048377777124075
55450.241236788155	1.000103353544944	0.0001804702832475194
55450.26166984345	1.0001742644726457	0.00018047448116508387
55450.28210299827	0.9999447386207748	0.00018046384938929312
55450.302536253104	1.0002737597146456	0.00018047695057992917
55450.32296930747	0.9999345303414016	0.0001804609177706617
55450.34340246136	1.0002886336265733	0.00018048180891128555
55450.36383571526	0.999729956090685	0.00018044749349228315
55450.384268868685	1.0000251728983385	0.00018046436754853113
55450.40470192212	0.9999757840417846	0.0001804570569759997
55450.425135175086	1.0002150652024446	0.00018047469051625002
55450.44556832759	1.0000754713414026	0.0001804631320310362
55450.46600138008	0.9999387507626731	0.00018045627527327768
55450.48643463212	0.9999083630473103	0.00018045626601974332
55450.506867783915	0.9999320863082568	0.0001804580332490254
55450.527300935486	0.9997043240886039	0.0001804426695985169
55450.547734086824	0.9995812463209511	0.0001804335148332413
55450.568167137695	1.0001043981521107	0.00018045948825021825
55450.58860038833	0.9997935067719658	0.00018044408647996014
55450.609033538734	0.99945986298361	0.00018042511403744063
55450.6294665889	0.999745507307817	0.00018044414590013253
55450.64989983884	0.9998169036208017	0.00018044277579503081
55450.67033298832	0.9997216755749906	0.00018044290991809045
55450.69076603756	0.9999607221349185	0.00018045246363537152
55450.71119928656	0.9996252081150094	0.000180434481236422
55450.73163243534	0.9998073783801044	0.0001804392383987479
55450.77249873195	0.9999113277066743	0.0001804491355496135
55450.7929318798	0.9997807579192979	0.00018044051118331215
55450.8133650274	1.0000186598405	0.0001804531870891998
55450.83379817455	0.9999173714865855	0.00018048782677520584
55450.8542313217	1.0000979616947205	0.00018045526535669483
55450.87466446837	0.999947166343832	0.00018044270937879662
55450.89509771482	1.0000361137453937	0.00018045204782971146
55450.915530761034	1.000597249430617	0.0001805681630401246
55450.93596400678	0.9997019557837774	0.00018042061229356197
55450.95639715253	1.0000304470169434	0.00018044153257725757
55450.97683019781	0.9995955502333544	0.00018041683004010132
55450.997263442856	0.999795833411015	0.00018042518868762765
55451.01769658744	0.9999717792743945	0.00018043766549339133
55451.03812963203	1.000234518435292	0.0001804512235780389
55451.05856287614	0.999994953619969	0.0001804342911881661
55451.07899602003	1.000035020801574	0.00018043802615851236
55451.09942906368	1.000036225974941	0.0001804349436822511
55451.14029545005	0.9998782089021974	0.00018042600291085723
55451.160728492774	1.000014127713387	0.00018042917568934726
55451.18116173526	0.9999024297176807	0.00018046604226429295
55451.201594877515	0.9998995187113868	0.00018042219454804178
55451.22202801954	0.999832516451951	0.00018041825236708503
55451.24246116109	0.9998815703314937	0.00018042111446841364
55451.26289430242	0.9998116269819837	0.00018041391834021345
55451.28332744351	1.0000181523841971	0.00018042763721036288
55451.303760584364	1.000144337861774	0.00018052064534021682
55451.32419372499	1.0000334300763882	0.00018043002504988166
55451.34462686515	0.9999664378221741	0.00018050898145494521
55451.38549314477	0.999861409227373	0.00018049934144459345
55451.405926384235	0.9999502873397208	0.00018050476438139307
55451.426359423225	0.9999611932726903	0.0001805029372113557
55451.44679256222	0.9999998356105225	0.00018051027260894588
55451.46722580075	1.0000212091510687	0.0001805084697988338
55451.48765883905	0.9998405181286135	0.00018045273055878399
55451.50809197688	1.000010121131785	0.00018050419842993061
55451.528525214715	1.0003906435823198	0.00018052080666205252
55451.56939138921	1.0002186473956607	0.00018051512242745916
55451.61025766254	1.0000718730861835	0.00018050193528563986
55451.63069079898	0.9999436397930277	0.00018049342604887367
55451.65112403495	1.0000549028246999	0.0001805001716229756
55451.691990206185	1.00038987422969	0.00018051795877490877
55451.73285657626	1.0000045190064968	0.00018049388760167022
55451.75328971083	0.9997946719345684	0.00018043648737370592
55451.77372284517	0.99991905913067	0.00018049116999066146
55451.794155979274	1.0000094496766225	0.00018049039980647848
55451.81458911292	1.0001996543611698	0.00018050206569165567
55451.83502224655	1.0005283891538206	0.00018052341194678875
55451.85545537973	1.0001212648819886	0.00018049573059578545
55451.875888612674	1.0000856459512981	0.00018049298517072877
55451.896321645385	0.9997963694258936	0.00018047442248315422
55451.91675477762	0.999963045723165	0.00018048802262491523
55451.93718790987	0.999981297464587	0.00018048859595958243
55451.95762104164	1.000089321041622	0.000180494047585453
55451.97805407319	0.9999723323380154	0.0001804828606857651
55451.99848730427	1.000345505466121	0.00018050353017088863
55452.01892043535	0.9998766032111858	0.00018047792586271285
55452.03935346596	0.9999081093529363	0.00018047668720634806
55452.05978669634	0.9999253109813322	0.00018047733221894543
55452.08021982649	0.999935754062486	0.00018047814086240865
55452.100652956404	1.0002635811636786	0.00018049815091198166
55452.14151921531	0.9999635535739474	0.00018047939885172863
55452.16195244429	0.9997052981484074	0.00018046356708470155
55452.18238547304	1.0000766216489827	0.000180484025305476
55452.20281860155	1.0000705365236184	0.00018048436588800795
55452.22325182961	1.0000421723123154	0.00018048610770233074
55452.24368495743	0.9998067713435953	0.0001804690795799743
55452.26411798525	1.0001860843643737	0.00018048616016773123
55452.28455121237	0.999803705018116	0.0001804630325774679
55452.30498433949	1.0001823890628796	0.00018048452812066627
55452.32541736637	0.9995317320717112	0.00018044917909555374
55452.3458505928	0.9999103086117511	0.00018046841991272827
55452.36628371899	1.000324748314831	0.00018050154033444484
55452.38671674495	1.0000403645893825	0.0001804804623008717
55452.40714997067	1.0000539492487293	0.0001804753657758196
55452.42758309593	0.9999939986297436	0.00018047525795291517
55452.44801612095	0.9999387067873684	0.0001804716275361754
55452.46844934598	0.999859748984221	0.0001804611786793411
55452.48888247031	0.9998570072199304	0.00018046416861754216
55452.50931549464	1.0000923760586926	0.00018047978258124437
55452.52974871873	0.999896327863737	0.00018046658594206977
55452.55018184236	1.0001038968062388	0.00018047622546709774
55452.57061506575	1.0001816593476354	0.00018048273684598813
55452.591048088914	0.9996416854586625	0.00018045201065133092
55452.61148121185	0.999861360231881	0.00018046362522977625
55452.631914334306	0.9998735941230463	0.00018046389836283636
55452.65234745677	0.9997894630205983	0.00018047083347397515
55452.672780578774	0.9999788286893859	0.00018047462114768222
55452.693213700535	1.0001864431190948	0.00018048763888372382