55257.833646247265	1.000304725279637	0.00019995692755579074
55257.854080166246	1.0000205651408447	0.00019993769409938162
55257.87451428569	1.0000459173373213	0.00019993948071008063
55257.89494830525	0.99993377292162	0.00019993094929349125
55257.91538222528	0.9999754080194546	0.00019993593263244766
55257.93581634554	1.000062252556109	0.00019993754072740772
55257.95625036603	1.0002685221144385	0.00019999829417334083
55257.97668428687	1.0001692732167298	0.000199943335686683
55257.997118408064	1.0001400124681106	0.00019994283424568438
55258.01755242948	1.0000193412423068	0.0001999376927878326
55258.03798635114	1.0003716961759543	0.0001999535156677743
55258.05842037315	0.9998450392489009	0.00019992548407886528
55258.0788544955	1.000722134129985	0.00019997540315239078
55258.09928851809	1.0003956246610903	0.00019995558815723896
55258.11972244103	1.0001389443012187	0.00019994255284478318
55258.14015656419	1.000186669684921	0.00019993870324591697
55258.160590587715	0.9997767362488259	0.00019991902958121552
55258.181024511585	1.0001497783159514	0.00019993519935710094
55258.20145863568	0.9999171698893713	0.0001998945949628053
55258.22189266002	0.9997586204156812	0.0001999134832103679
55258.2423265847	1.0002395234347077	0.0001999436041533667
55258.26276070973	1.0007614077019793	0.00019997276812992436
55258.28319473488	1.000255173076985	0.00019992050336046239
55258.3036286605	0.9997996558190253	0.00019985851947230374
55258.32406278634	0.9999077798057213	0.00019986536504989946
55258.34449681254	1.0004156727047133	0.0001999233441207676
55258.36493073897	0.9997101085456439	0.00019985117974326795
55258.385364865746	0.9997962183379395	0.0001998834722088547
55258.40579889276	1.0003379980743052	0.00019989180904523486
55258.426232920116	0.9995840060707671	0.0001998461530171827
55258.44666684771	1.0000478675130298	0.0001999000021701402
55258.46710097566	0.9996676734092794	0.0001998449311764286
55258.487534903834	1.000021496766351	0.00019986887237815904
55258.52840306123	1.0002256489773353	0.0001998756076867407
55258.54883699034	0.9997448421233016	0.00019984970347060275
55258.569271019674	0.9998348988943313	0.00019985135155346952
55258.58970514937	1.0002392578195891	0.0001998752651017146
55258.61013907941	0.9996533258738669	0.00019983944820077293
55258.63057310967	1.000077484478526	0.00019986843092564965
55258.67144117115	0.9996966346926904	0.00019984502963701174
55258.71230933379	1.0004465890987848	0.00019988511407050756
55258.73274326546	0.9996489719397982	0.00019984735158329805
55258.77361142984	1.0000681782700944	0.00019986987346832881
55258.79404546255	1.0001249690978038	0.0001998740614780636
55258.81447939538	0.9997302885293956	0.0001998475029989608
55258.834913428684	1.0000960801908578	0.00019986780887254046
55258.85534756222	1.0000480667786604	0.00019986366859088404
55258.875781495975	1.0002549839289405	0.000199874867141028
55258.89621553009	1.000033691890141	0.00019986222603806498
55258.91664966443	1.000157665662584	0.00019987015875170768
55258.93708359913	1.0000139906778598	0.00019986257510785032
55258.957517634175	1.0000943233671813	0.00019986321203710822
55258.99838570496	0.9998599474348733	0.00019985238312991653
55259.01881974082	0.9996206112478061	0.0001998375297309603
55259.03925387691	1.0000389637027913	0.00019985565531618202
55259.05968781335	0.9997592584737389	0.00019984261151714328
55259.080121850144	0.9999265662259379	0.00019985571571190733
55259.12099002454	0.9997462788533524	0.00019984372234126352
55259.141423962144	0.9996319832225696	0.00019983280150289722
55259.16185809998	1.0000992859959017	0.00019986002283941572
55259.18229213817	0.9996373459162752	0.0001998332715203132
55259.202726076706	0.9999220337779946	0.00019984991332148858
55259.22316011548	0.9995308083930076	0.0001998209616119535
55259.24359415459	0.9997168723559018	0.0001998408454968177
55259.264028193946	0.9998469210588762	0.0001998449297573438
55259.28446223353	0.9999259021767052	0.0001998480973721751
55259.30489627358	0.9996080356221112	0.00019982664329369255
55259.325330313746	0.9998665011221405	0.00019983988001259163
55259.366198395124	0.9999559912593274	0.00019984935893223703
55259.386632436224	1.0002636706362549	0.00019986697199021503
55259.42750051935	1.0002108667390708	0.00019985874534415466
55259.44793456138	0.9996528741754918	0.0001998249334372919
55259.468368603644	1.0002346536825943	0.00019986203431562866
55259.48880264625	0.999800922653541	0.00019983261359705486
55259.5092366891	0.9998612887807395	0.00019983661485804133
55259.529670732176	0.9998191149881672	0.00019983734130647174
55259.550104875714	1.0001275152918125	0.00019985330693264868
55259.570538819375	1.0000308872548358	0.0001998473001967579
55259.5909728635	1.0001595047579495	0.00019985241087296687
55259.61140680774	0.9999950554908984	0.00019984369293285503
55259.63184095245	0.9997037663359244	0.00019982737888116548
55259.65227499727	0.9995451526124796	0.0001998158180340822
55259.67270904244	0.9999347424341117	0.00019984098298625043
55259.69314308796	0.9998695867057898	0.00019983101619573145
55259.71357713372	0.9998803673952141	0.0001998308779950228
55259.73401117982	0.9993934686501176	0.0001998034764732005
55259.75444522616	0.9998446458451742	0.0001998285735961045
55259.774879272845	0.9997041368455445	0.0001998199793377956
55259.79531331976	0.9997873573396477	0.00019982558679650808
55259.81574746703	0.9997153678672631	0.00019982498263483334
55259.83618141453	0.9999601969719352	0.00019984115778925513
55259.85661546226	0.9998552587475955	0.00019983549607674892
55259.91791760744	0.9996914570619153	0.00019982130157387902
55259.93835175646	0.9995420473648754	0.00019981755877619136
55259.958785705705	0.9998202617160078	0.00019982389587853053
55259.979219755296	0.9997212958266304	0.00019982104864304295
55259.99965380513	1.0000071403163324	0.00019983749046489788
55260.020087855184	0.9999511167038898	0.00019983630884624413
55260.0405219056	1.00040275915487	0.00019986288728266334
55260.12225801015	0.9997243689605696	0.00019981739356494374
55260.14269216207	0.9995093637163713	0.00019980492086316568
55260.16312621423	0.999743210738365	0.00019982284965330762
55260.183560166624	0.9998027733170761	0.00019981887346535535
55260.20399431937	0.9997977396638792	0.00019982336108253414
55260.22442837245	0.999768649294445	0.00019981804571559168
55260.24486232577	0.9999841173164921	0.00019982858384323405
55260.26529647932	0.9998276694380464	0.00019982658173263755
55260.28573053323	1.0003846997090124	0.00019985553573753225
55260.30616448737	0.9999212184289533	0.00019982760318563859
55260.326598641856	0.999955189796651	0.0001998316082991944
55260.34703269657	0.9999934339627785	0.00019983024735377748
55260.36746675164	1.0000606896936783	0.0001998380085051453
55260.38790070694	0.9997955704051953	0.0001998175400937008
55260.408334862586	0.999827320212568	0.00019982058217695846
55260.42876891847	1.0001274497962678	0.00019983666065375414
55260.449202874704	0.9998621797712243	0.00019982159669627256
55260.469637031165	1.0001913637213722	0.00019984688560896187
55260.49007108798	0.9994445687878029	0.00019980270272667945
55260.51050504503	1.0000823562079706	0.0001998346403494202
55260.53093920242	1.0000059505487042	0.0001998281015544822
55260.55137326005	0.9998955513739252	0.0001998205537676906
55260.571807217915	1.000319036647381	0.00019984757713603537
55260.59224137612	1.0000141625342716	0.0001998274095003927
55260.612675434684	0.999740812754836	0.00019980959252334957
55260.63310939348	0.9998786504698473	0.00019981977889559072
55260.67397761188	1.0001254840113007	0.00019983254375485247
55260.69441167149	1.000333714923185	0.00019984470656687052
55260.71484573144	1.0001275298586758	0.0001998284518590336
55260.73527979163	1.0001589607356507	0.00019983402371106932
55260.755713852166	1.000080065422273	0.0001998228571938732
55260.77614781294	1.0005383678941484	0.00019985304111171342
55260.796581974064	1.0000466932229404	0.0001998236561720908
55260.81701603542	1.0000205528357782	0.000199821344828196
55260.83744999712	1.0002346621726443	0.00019983569275162756
55260.85788415906	0.9998610605128693	0.00019981179915501377
55260.87831812123	1.000356360403139	0.0001998397581332848
55260.89875218374	0.9997611067853027	0.00019980297278336797
55260.91918634661	1.0002727692852051	0.00019983668212637088
55260.93962030971	0.9998499730204181	0.00019980648499407042
55260.96005437304	0.9998334178662138	0.00019980628224264334
55260.98048853673	1.0002857102684302	0.00019983411471584985
55261.00092250064	0.9998989078110039	0.00019981525024685243
55261.0213565649	0.9997147275342125	0.00019980045591354566
55261.0417907294	0.9999326790906918	0.00019982073547582263
55261.06222479425	1.0001950822153596	0.00019982150315125936
55261.10309292476	1.0002473320573566	0.0001998262708877218
55261.123526990414	0.999649849834664	0.00019979038491769202
55261.143960956426	1.000016838206533	0.00019981066501154559
55261.16439502267	1.000317869164875	0.00019983080950916957
55261.18482918915	0.9998272445536919	0.00019980182270791402
55261.20526315597	1.0000683032265305	0.0001998182603781842
55261.22569722303	1.0002409700304586	0.00019982466669377175
55261.246131390435	0.9999468226168977	0.00019980327722402008
55261.26656535808	0.9997373470494245	0.00019978941723474702
55261.28699942607	1.000006177661068	0.00019980567929564458
55261.307433594295	0.999852325040338	0.00019979709426520787
55261.32786756286	1.0001412261157057	0.0001998157144394875
55261.34830163167	1.000080185091046	0.0001998158159559085
55261.3687358007	1.0000406508051676	0.00019980840379611666
55261.38916987009	1.0000777281449487	0.00019981064785011158
55261.40960383983	1.000289975612069	0.0001998228673345096
55261.4300380098	0.9999807802101376	0.00019980919014341966
55261.450472079996	1.0000415574283774	0.00019981404339214392
55261.49134022133	1.0001605956234485	0.00019981949181730564
55261.51177429246	0.9998905403158856	0.00019979870730936166
55261.53220826383	0.9999017950973691	0.00019979706372000742
55261.55264233543	0.9998207147862768	0.00019979639352801255
55261.573076507375	0.9996794205934585	0.00019978129441267109
55261.59351047967	1.0001453992674212	0.0001998161049275203
55261.6139445522	1.0001180239120633	0.00019981048611486936
55261.634378724964	1.0002877251834381	0.0001998228789761582
55261.65481269808	0.9999056943614654	0.00019979989008651875
55261.675246771425	0.9998545328008877	0.00019979597824291935
55261.695680945	1.0001095412507721	0.00019981431969435463
55261.71611491893	1.0002303164070152	0.00019982342342227805
55261.7365489932	1.0000629541283463	0.00019981277509778693
55261.75698316771	1.0000132625260931	0.00019980938868450018
55261.77741714245	1.0001145603018904	0.0001998122945483811
55261.79785121755	1.0003670072115463	0.00019983096954257057
55261.81828539287	1.0000508409926376	0.00019981006483390674
55261.83871936854	1.0000607165759898	0.00019981315713898904
55261.85915344444	0.9999468522813768	0.0001998043820273589