56021.04950709078	1.0000045742240378	0.0001921064737204932
56021.069941256785	1.000165494998645	0.0001921200780903795
56021.09037562315	1.0000917717441915	0.00019211267580030453
56021.11080988963	0.9997366931132783	0.00019209419657155262
56021.131244056334	1.0004629686627053	0.000192136820464709
56021.15167842328	1.0002855339206722	0.00019212962825989127
56021.17211269046	1.0002115681314796	0.0001921281545138946
56021.192547057864	0.9999245005224383	0.00019210668674199684
56021.21298122551	0.9998835962681981	0.00019211089814457236
56021.233415393384	1.0001182985046972	0.00019211709236321712
56021.25384976149	0.999729759547004	0.00019209487117993174
56021.274284029714	0.9999496789271234	0.00019210888124399268
56021.29471819829	0.9999434695941366	0.0001921113110980094
56021.35602120517	1.0000745378188232	0.00019211076172715154
56021.39688964418	1.0003994323349688	0.00019212987521544244
56021.41732401403	1.0001621344916922	0.0001921193740561513
56021.43775818412	1.0001013978317426	0.00019211381773106835
56021.45819245444	1.0000708809267806	0.00019211684983284203
56021.47862682499	0.9999639921166263	0.00019210834396957374
56021.49906099566	1.0001783394360213	0.00019212084166712328
56021.51949526668	0.9996926709482479	0.00019209616468913003
56021.53992963781	0.9999538305467891	0.00019211074840033587
56021.56036390918	1.0001378709706894	0.0001921216379299837
56021.5807981809	1.0001604636053198	0.00019213184874846776
56021.601232452726	0.9999821716405654	0.00019211571137283873
56021.642100997095	1.0007352274606405	0.00019216136392052977
56021.662535269505	0.9996651664732565	0.00019210037580059397
56021.68296954227	1.0004043815045938	0.0001921453928469399
56021.70340391527	1.0003086842171587	0.0001921373276233728
56021.72383808838	0.9997556034414684	0.0001921037696119473
56021.744272461845	0.9999324459244997	0.00019211930342190068
56021.76470673543	1.0003046821987451	0.0001921330452349828
56021.78514090923	0.9995595757213799	0.00019209163317674216
56021.80557528328	1.0003087911102708	0.00019213578797933149
56021.82600955756	0.9998463280815661	0.00019210968852953158
56021.846443732065	0.9998656282532943	0.00019211161155791633
56021.86687810681	1.000044780022281	0.00019211984046202846
56021.88731228167	0.9996567118952462	0.00019209592663539416
56021.90774665688	1.0000719495239334	0.0001921241267382271
56021.928180932206	1.000201595786908	0.00019212982039147023
56021.948615107765	0.9999094502716481	0.00019211420639521782
56021.96904948367	1.0000076846729118	0.00019211997055965801
56021.989483759695	0.9999116162850097	0.00019211256439401802
56022.00991793595	0.9996904825467193	0.0001921032196980841
56022.03035231232	0.9999453609468146	0.0001921168098391171
56022.05078658905	0.9998006366755255	0.0001921028529494714
56022.071220866004	1.0000133987610527	0.00019212161072452167
56022.09165514307	1.0000088325010135	0.00019212230819317435
56022.11208942038	0.9998400441220718	0.00019211157310152714
56022.132523798035	1.0000310687672382	0.00019212736785983707
56022.1529579758	0.9999926610887153	0.00019212618346663523
56022.173392253804	1.0000481598543012	0.00019212637654789097
56022.19382663192	0.9999287612601911	0.00019211595065400774
56022.21426091039	1.0000109921771168	0.00019212299632908288
56022.23469508909	0.9999111852638806	0.00019211969427344105
56022.255129467914	0.9999250254341966	0.00019212529046921394
56022.27556374708	1.000007111888622	0.0001921254646046605
56022.29599802636	1.0000504344144876	0.00019212493895895462
56022.31643230587	1.0000394295445008	0.00019213039912252693
56022.336866585625	0.9998739011281368	0.00019212048904110896
56022.35730096561	0.9997587356395022	0.000192110228900844
56022.37773514571	1.0001994138836443	0.0001921385193330864
56022.39816942615	0.9998515492887184	0.00019211702916909396
56022.41860380672	1.0000844125383703	0.00019213242654413074
56022.43903798763	0.9999022422860837	0.00019212280121495322
56022.45947236866	0.9999533078068376	0.00019213100948601208
56022.479906649925	1.000092757759801	0.00019213825757371933
56022.50034083142	0.9997769355784238	0.00019211966855588191
56022.52077521303	1.000223199546401	0.00019214451868379792
56022.54120939499	0.999892988213274	0.00019211101167484695
56022.56164367718	0.9998404256719621	0.0001921234108614385
56022.582078059495	0.9999138744956872	0.00019213135875481755
56022.60251224204	1.0000003896541425	0.000192134491151173
56022.62294652482	1.0002173818237825	0.00019214967166225638
56022.663815091066	1.0000905903975212	0.00019214221463125793
56022.684249474536	0.9999819105165242	0.000192138336226885
56022.70468375813	1.00036258818312	0.00019216061433067444
56022.72511804207	0.9999689960919479	0.00019214037533475632
56022.74555232612	0.9999805498352043	0.00019214544335614437
56022.765986610415	0.9996745223660627	0.00019212677145151002
56022.78642089494	1.0000288993484212	0.0001921497716323291
56022.80685517969	0.9999167200418703	0.00019214604375883187
56022.82728946456	0.9998945757423283	0.00019212966745527337
56022.84772384979	0.9996560882376134	0.0001920989217481532
56022.86815803512	1.0001685947867105	0.0001921601046647365
56022.88859232069	0.9996335417942445	0.0001921300909839806
56022.9090267065	0.9997896181736763	0.00019214046206231388
56022.92946099253	0.9998187441089393	0.00019211090169196052
56022.9703295653	0.9997069179022614	0.0001921385283220147
56022.990763851914	0.9997896358430862	0.00019212914674745848
56023.01119823877	0.9998061287608083	0.00019214477103681287
56023.03163242585	0.9999005969454396	0.00019212122320306398
56023.052066713164	0.9997800671389213	0.00019211566941179455
56023.072501100716	0.999516297882479	0.00019211755984813715
56023.0929352885	0.9994621745180893	0.00019207462907842185
56023.11336957639	0.999684823074771	0.00019209127953849592
56023.13380396464	0.9996721191271214	0.00019209177828688205
56023.15423815301	0.9995618742334845	0.0001920877786766194
56023.1746724416	0.9999911861858777	0.0001921138991012984
56023.21554101938	1.000017992534873	0.00019211613803114938
56023.23597540867	1.0000127251286166	0.00019214961523994614
56023.256409598085	0.9998359695234367	0.00019214122939160733
56023.29727827772	0.9997837019406899	0.00019212164488979712
56023.31771246772	0.999832069776427	0.0001921122957380872
56023.33814675806	0.9999850933817493	0.00019212299198791808
56023.358581148634	0.9999440595956367	0.00019212483370494528
56023.37901543933	0.9998943149928651	0.00019212010590721995
56023.39944973025	0.9997775153846067	0.0001921177814768163
56023.41988402141	0.9998266445960595	0.00019213677420933442
56023.4403183128	1.000066307717048	0.0001921688041168644
56023.46075260443	1.00003820943013	0.00019216411379153236
56023.48118689616	1.0001349810116074	0.00019214082037920027
56023.501621188254	0.9997834494290317	0.00019211849119949608
56023.522055580455	0.9999840986171806	0.00019213719025115887
56023.542489772895	0.9999681486382153	0.00019213269413416057
56023.58335845835	0.9999210076399669	0.00019212439224780854
56023.62422704475	0.9998229184410918	0.00019212183035186993
56023.64466133823	0.9999928082693985	0.00019216291163336654
56023.66509553195	1.0001954122611463	0.00019214229910005618
56023.685529925904	0.999979328270499	0.00019212973569700733
56023.705964220084	1.0001009144899964	0.00019213330979900214
56023.74683280892	1.0000596323879833	0.00019213774918985487
56023.767267103685	0.9999216863447987	0.00019212623725471035
56023.78770139869	0.9997451023251059	0.00019211826101381372
56023.80813569392	1.0000076540787737	0.0001921293725804792
56023.828569989266	1.0000286982623838	0.00019213206413599534
56023.849004284966	1.0001990182675513	0.00019214304837845452
56023.86943858078	0.9997773900847775	0.0001921194574441255
56023.889872876825	0.9998183325873359	0.00019211757585367963
56023.91030717299	0.9999961977249258	0.00019212808678646757
56023.93074146951	0.9998827997241458	0.00019212614555486017
56023.95117586613	0.9999776060574866	0.00019213037592334125
56023.971610062996	1.0000060623057323	0.00019213230339986924
56023.99204436009	1.0001677661708832	0.00019214059903004834
56024.03291295498	0.999679890405961	0.00019211901831269658
56024.05334725266	0.9999768506006461	0.00019213443689387297
56024.073781650564	0.9997811825536844	0.00019212015670083403
56024.09421594871	1.0000848670230555	0.00019214223721934545
56024.11465024708	1.0000051309892533	0.00019213109725513735
56024.15551884442	0.999992701532021	0.00019213137590168446
56024.17595314338	0.9998811500912913	0.0001921264659792814
56024.196387442564	0.9999125318126048	0.00019212736381973963
56024.23725614164	1.0001038810616216	0.00019213691148308498
56024.257690341416	1.0002162053773302	0.00019215242953370522
56024.27812464142	0.9996391086862474	0.0001921081598143666
56024.298559041774	1.0001003132318704	0.00019213487961856513
56024.31899324213	0.9998974510222798	0.00019212256226306142
56024.33942764284	0.9998367058069573	0.00019212204611200265
56024.35986194365	1.0000987361958273	0.0001921348350547083
56024.380296144824	0.999922273915926	0.00019212446932235917
56024.40073054611	0.9997579563112704	0.00019211831154236978
56024.42116484751	1.0002987757008062	0.0001921451537064445
56024.44159904926	1.0000609213562581	0.00019213043198464718
56024.462033451135	1.000062842087153	0.00019213207308462662
56024.48246775323	1.000477275844213	0.0001921516953390817
56024.50290205557	0.999944321015758	0.00019212633456896797
56024.523336358136	0.9999258188684358	0.00019216743584303986
56024.54377066093	1.0001042379546636	0.00019213746468398166
56024.56420496385	0.9998040255460487	0.00019212089554581103
56024.584639267	1.0002334879988253	0.00019214416460689782
56024.605073570376	1.0000913021556819	0.0001921436559904132
56024.625507873876	0.9997590164497765	0.00019212474150452012
56024.645942177725	0.9999230956716982	0.00019213147436659742
56024.666376581685	1.00018901861459	0.00019214585204131455
56024.68681078588	1.0000970638476463	0.0001921448563441625
56024.707245090314	1.0001683190953647	0.00019214903358100543
56024.727679494856	1.0003880704500694	0.0001921615665916693
56024.74811379975	0.9998675052045634	0.00019213210645887256
56024.768548004766	0.999654890867281	0.00019212244691535772
56024.788982410006	0.9996830409802092	0.00019212033939499407
56024.80941671543	1.0000890607969677	0.00019214692425313244
56024.82985092108	0.9999409668792963	0.0001921323723962748
56024.8502853269	1.0006145244005278	0.00019217327634604456
56024.87071963296	0.999915345289983	0.0001921313478097609
56024.89115403926	1.0002586953482444	0.0001921488585297017
56024.91158824572	0.9999926886698562	0.0001921323152305059
56024.93202255242	1.0005484244935623	0.00019216243048397275
56024.95245695929	0.9999634468092692	0.00019212995907651328
56024.9728911664	1.0002305474782196	0.0001921470152150137
56024.99332547368	0.9999869444085911	0.00019213075237552564
56025.0137598812	1.0000532487221083	0.00019213337728385605
56025.03419408888	1.000041713145365	0.00019213413080844987
56025.05462849681	1.000023857096696	0.0001921377893253847