55084.29515409318	0.9998783980925233	0.00010941367638786137
55084.31558711053	1.0001122276709897	0.0001090366894198143
55084.35645344475	1.0001286403179948	0.00010854116374641805
55084.37688646162	0.9999713228638561	0.00010815393150304169
55084.397319678035	0.9999354575982564	0.00011061448857361834
55084.43818581062	0.9999843003198688	0.00012104670236459005
55084.4586189268	0.9999718646726137	0.00011530402879900809
55084.47905214252	0.9999912714382788	0.000112120959596554
55084.51991827347	1.0001439308011182	0.00010672703935973117
55084.56078460373	0.9999563562820053	0.00010643265123354397
55084.58121761851	1.0000727455638254	0.00011502489319092781
55084.6016507333	0.9997623939369431	0.00010637270336538494
55084.62208394761	0.999912741421147	0.00010808468512816423
55084.66295007601	1.0000206742033473	0.00010686947278622365
55084.683383289856	0.999820431917092	0.00010985871592474115
55084.703816303474	0.999956321824331	0.00010649374052665752
55084.72424941686	1.0000109840194558	0.00010748215853609285
55084.74468253024	1.0001951028740776	0.00010664843187432207
55084.76511564316	0.9999494924735797	0.00010796551620250639
55084.78554875608	1.0001123491416857	0.00010737410816528924
55084.80598186876	1.000032511211391	0.00010648494102630086
55084.82641508122	0.9999717432475465	0.00010708996143216014
55084.84684809344	1.0000428794583116	0.00010735289589128082
55084.88771421741	1.0001962074982764	0.00010872539102809662
55084.92858054068	1.0001139862206776	0.00012024030887741169
55084.94901355197	1.0000168931116926	0.00011282312343649646
55084.96944676303	0.9999765375087308	0.00010937524721271891
55084.98987987385	0.9998849370322	0.00010676097053470214
55085.010312884675	1.000074963436306	0.00010652473401883356
55085.030745995035	0.9998975670227309	0.00010683456644380172
55085.05117910539	0.9999565798187637	0.00011391774609706537
55085.071612315514	1.0000583083567207	0.00011926967870581553
55085.09204532541	0.9999438325541105	0.00010739501141917787
55085.112478535295	0.9999786599197246	0.00010647699752989217
55085.13291154472	0.9999410044796994	0.00010907518414936821
55085.15334465415	0.9997859690586871	0.00010813479344248885
55085.17377766334	0.9998300142579096	0.00010658243038908147
55085.19421087207	0.9998972769719414	0.00011073736486139211
55085.21464398103	0.9999414282021175	0.00011034641212680172
55085.23507708952	0.9999626146507992	0.00010666876317793556
55085.255510197785	1.0000629613648695	0.00010787400678048311
55085.27594330605	0.999990767490531	0.00010663556613111373
55085.29637641407	0.9999495294231269	0.00010646429086127669
55085.31680942187	1.0002709531734972	0.0001064754788870948
55085.33724262944	1.0000512344365629	0.00010656482260424902
55085.35767573676	1.0000490782200255	0.00011144506508199035
55085.37810874386	1.0001002096165676	0.00011678524011087572
55085.39854195096	0.9999893395493276	0.0001073699807779813
55085.41897505782	1.0000488757549908	0.00011557771105439761
55085.45984117086	0.9999741496593766	0.00011284578413160857
55085.48027437702	0.9999966423816258	0.00011802393663224838
55085.50070738319	1.0000984410382618	0.00010680943105443855
55085.52114048889	0.9999297611662903	0.00010889780214395065
55085.54157369459	1.000160628919492	0.00010733196568981169
55085.56200680006	1.000045814176806	0.00010685165485696099
55085.582439805294	1.0000086288672143	0.00011042424795689582
55085.60287291029	1.0001154778181847	0.00010647243444122705
55085.623306115296	1.0000920557191106	0.00010729506191988419
55085.643739119834	0.9997751278090604	0.00012106984178992836
55085.664172224366	0.9998924052994643	0.00010921368473336632
55085.68460542867	1.0000297970453302	0.00010680958826655693
55085.705038432745	0.9999663900026248	0.00010710331022275868
55085.72547153658	0.999918428521555	0.00010662425937602497
55085.74590464042	1.0000782562995145	0.00010644134027804811
55085.76633774379	1.0000016535192595	0.0001073035527147244
55085.78677084716	0.9999249414283211	0.00010644593737264767
55085.8072039503	0.9998943831333211	0.0001096905032417119
55085.82763705321	1.0000482922662133	0.00010661557240893553
55085.84807015588	1.000044059422609	0.00010850653376012234
55085.868503258556	1.0000720286669504	0.00010642840913573423
55085.888936261	1.000017830411271	0.00010681603951883165
55085.90936946297	0.9999061498016127	0.00010711679074855725
55085.92980256495	1.0000319318840611	0.00010890674763996504
55085.95023556669	1.0000042061043715	0.00010824196981578224
55085.97066876843	0.9999963792038112	0.00010761155323484105
55085.99110186971	0.9999220492958962	0.000110215868181197
55086.01153487099	1.000016813860792	0.00010677755212875832
55086.05240117284	0.9999042472038498	0.00010812598820532753
55086.07283427342	1.0000367352422912	0.00010974875919446707
55086.09326727377	0.9999551417895978	0.0001076533423835944
55086.11370047411	1.0001021238536723	0.00010654789342240117
55086.13413357399	0.9999750911837821	0.00010664030999025515
55086.15456657387	0.9998833547088886	0.00010803585059070982
55086.174999673516	0.9998758277912478	0.00010663934363818837
55086.19543287293	0.9999298948936567	0.00010642667139638543
55086.23629897129	1.0001951566264253	0.00010674894300272158
55086.256732170245	1.0001747806162469	0.00010706711575258954
55086.277165168955	1.0001381550130348	0.00010686617256551288
55086.29759826744	0.9998654211179581	0.00010753937088333376
55086.33846456394	0.9999793858608593	0.00010672761011118606
55086.358897561724	0.9999152142637046	0.00010839689137338314
55086.37933065951	0.9999072004600195	0.00010669471644132598
55086.42019685438	1.0003359268947638	0.00012354250343932474
55086.44062995147	1.0001087823003372	0.00011265210145123532
55086.48149614517	1.0001171147337318	0.00010847841858406011
55086.50192924179	1.0001018857875699	0.00010650969444223681
55086.52236223818	0.999957540747192	0.0001075732225170152
55086.54279543433	1.000138298093238	0.00011204315117545617
55086.56322853049	1.0000699173852214	0.0001071331332916801
55086.58366152618	1.0000418227318821	0.00010677413466728706
55086.62452781732	0.9998929238078833	0.00010648295681341001
55086.64496081255	0.9998733328012048	0.00010791260529427998
55086.68582710253	1.0002410147395633	0.00011207939826085353
55086.70626009705	0.9998740878792924	0.00011025255781858325
55086.72669319157	0.9997725529797132	0.00010647144955423586
55086.74712618587	0.999769115023223	0.00011334680174433673
55086.76755937993	0.999950888958753	0.000123211242381733
55086.78799247375	0.9997703697317675	0.00013122453295678655
55086.80842556758	1.0001172904671287	0.00011543441024029499
55086.828858661174	0.9998757153604761	0.00011977366241305284
55086.84929175453	1.0001291019818381	0.0001142197703583568
55086.86972484766	0.999739476876606	0.00010663573314887662
55086.89015784056	1.0001850773855692	0.00011009760108143509
55086.910591033215	0.9999905424112873	0.00010969192613317932
55086.93102412588	1.0001564951806865	0.00013283917913098074
55086.95145711831	1.0000302279925792	0.00010747632438827568
55086.97189031027	0.9997761836654435	0.00010783600596130848
55086.99232340247	0.9994519484104671	0.00010647282770353667
55087.0127563942	0.9993956519914389	0.00010644001140591937
55087.03318948569	0.9993569510510794	0.000107505268025965
55087.053622677195	0.9995069436296778	0.00011665612503414442
55087.07405576846	0.9995099835587538	0.00013123848092387648
55087.09448875949	0.9995075877206572	0.0001081718537994841
55087.11492195029	0.9995681998066731	0.0001089539110024886
55087.135355041086	0.9992759562262491	0.00011207970294743694
55087.15578803142	0.9993864467134427	0.00012433838205089468
55087.17622112176	0.9994098590012049	0.00011435946236743084
55087.19665431186	0.9995160566744811	0.00010740604411290815
55087.217087301724	0.999474826570194	0.00011006350624111254
55087.237520391594	0.9993882632748747	0.00010640974991380552
55087.25795358099	0.9993507776643998	0.00011548000641175966
55087.2783865704	0.9994399292919277	0.00011251855345277059
55087.29881965957	0.999375727848058	0.00011577313731433699
55087.31925274851	0.9995725425977632	0.0001141177706060956
55087.33968583721	0.9994082848414738	0.00011704505298789089
55087.36011892568	0.9991819065429197	0.00011936223328559595
55087.380552014154	0.999384294256826	0.00010663470277315134
55087.85051289497	0.9999163661726008	0.00010859959561812953
55087.870945978786	0.9998046226127344	0.00010752361077266817
55087.89137906236	0.9999972594504813	0.00010773824280509401
55087.91181224595	1.0001407382624838	0.00010658420221216739
55087.9322452293	1.000048037567899	0.00010837135592486092
55087.95267831241	1.0001691269200097	0.00010730817186467874
55087.973111395295	0.9999828794750796	0.00010647888271032616
55087.99354447795	1.0001370006236607	0.00010646967502011967
55088.01397746059	1.0002036482658028	0.00010645937438459024
55088.05484372497	1.0000206882684908	0.00010663212109468635
55088.075276806914	0.9997752497159228	0.00010665236722755221
55088.09570978887	0.9999455011320079	0.00010661816665776422
55088.11614297036	0.9998895267532103	0.00010642197013244542
55088.13657605184	0.9998108254580563	0.00010646619184053148
55088.15700903309	1.000043497543649	0.00010644857761553977
55088.17744221412	0.9999509598698266	0.00010645149476195886
55088.1978752949	1.000170356137876	0.00010644544553890328
55088.21830827569	0.9999638867742422	0.00010653726511554037
55088.25917453633	0.9999548540672692	0.00010654579246305552
55088.300040596514	1.0002912695329786	0.00010887710157346838
55088.32047377613	0.999828060527135	0.00010793047302374373
55088.34090675576	0.9999781363777439	0.00010688377136325048
55088.36133983515	1.000025596762882	0.00010796749042155584
55088.381772914305	1.0000028848833098	0.00010645650928025443
55089.342127325646	1.0000143720787626	0.00014267098025580387
55089.36256029596	1.000247995736425	0.00011212976478836119
55089.38299336603	1.0001039272432664	0.00012777485124542545
55089.40342653611	1.0000629559540681	0.00011930745647322635
55089.423859505725	0.9999735573430785	0.00011205675410864613
55089.44429257533	0.9998725333151742	0.00010703601081060905
55089.464725744714	1.0002712688162294	0.00010669469491916193
55089.485158813855	0.9999610911937006	0.00010643632294221009
55089.50559178277	1.0000704220847492	0.00011805002233084285
55089.526024851686	0.9997835275505164	0.00010641802576303154
55089.546457920136	0.9999893727470911	0.00010689480460528275
55089.56689098858	1.0000953020849266	0.00010878227362142806
55089.58732395703	0.9998913297629367	0.00011412813863419328
55089.60775712501	0.9999841694629683	0.00011001533390836597
55089.62819019299	1.0000045017639445	0.00010647389366865475
55089.66905622803	0.9996901570248731	0.00015835231262408916
55089.68948939554	0.9999626714334978	0.00014951839916371615
55089.70992246259	0.9999515911947757	0.00013813609265710887
55089.730355429645	1.0000824721374224	0.00010710945017693582
55089.75078859646	0.9999310667709119	0.0001068831683877878
55089.771221663046	1.0002492285341897	0.00010763606675337416
55089.7916546294	1.000128657550484	0.00010705026825262108
55089.812087695514	0.9999930994387375	0.0001067925143045854
55089.83252086164	0.999878803569515	0.00010827040331487045
55089.852953827525	0.9999482794430323	0.00010914830050800996
55089.873386893174	0.9999830339494922	0.00010751004911297621
55089.89382005883	0.9998653592895882	0.00011321342709442768
55089.91425312402	1.0000029698797708	0.00010651307327994578
55089.934686089204	1.0000822117948596	0.00011059116639863123
55089.95511915416	1.0001725322035655	0.0001133654507953737
55089.97555231889	0.9999561104874221	0.00010782173832927674
55089.995985283604	0.9998772865413091	0.0001064217263197054
55090.01641834786	0.9997840570474935	0.00010643737964630742
55090.03685151212	1.000192498824189	0.00011081060323888969
55090.05728447614	1.0000974480763989	0.00011769852590704637
55090.07771754017	1.0000133456554245	0.00011089036490909222
55090.09815050373	0.9998884566167453	0.0001109097974130732