55204.31845925587	1.0000259799356674	0.00010345006681055831
55204.338892594744	0.9999011633159484	0.00010343365731817588
55204.35932603398	1.0000957682702973	0.00010448324048777647
55204.40019261313	0.9999940588557733	0.00010377423676363299
55204.42062585306	0.999878007830663	0.00010362294192334063
55204.44105929334	1.0000416850462246	0.00010344962721083324
55204.46149263385	1.0000827612462329	0.0001035190917160668
55204.48192597459	1.0000383830596025	0.00010345270603469047
55204.50235931569	0.9999055895365044	0.00010427577207523185
55204.52279265689	0.9999026830427504	0.00010409034720378204
55204.54322599845	1.0002093967871473	0.00010442167831663503
55204.56365934036	1.0000073250056274	0.00010402576386296364
55204.58409268238	1.0000004032601513	0.00010375547505370235
55204.62495946724	1.0000587287240406	0.00010345956747114158
55204.6453927102	1.000022586305227	0.00010419800210564709
55204.66582605327	0.9998394520270543	0.00011082826462185906
55204.70669274023	0.9999191678197423	0.00010380374621238397
55204.72712608423	0.9998958473803654	0.00010352410117990469
55204.74755932835	1.0000367617493315	0.00010510416014234212
55204.7679927727	1.00007802661507	0.00010408907375348859
55204.788426117404	0.999859533013631	0.00010366907969337167
55204.80885946234	1.000099672579302	0.0001035024426098144
55204.82929280762	1.0000976042412408	0.0001084643353020917
55204.84972615302	1.0000787254533394	0.00010380742123672049
55204.87015949877	1.000093190848629	0.00010355415353417559
55204.89059284475	0.9999637630031134	0.00010897307024978196
55204.91102619097	1.0000266636856863	0.00010440403439281378
55204.93145953753	1.0000050631872865	0.00010355000514741255
55204.951892784324	1.0000373796262882	0.00010371766749335785
55204.97232623136	1.0000703813406455	0.00010394918403930448
55204.99275957862	0.9999158702652824	0.00010351412191829229
55205.03362627396	1.0000247892039882	0.00010408767714278494
55205.05405962204	1.0000282868676154	0.00010448303378038669
55205.07449287046	0.9999256545706001	0.0001034477638331005
55205.094926319005	0.9999177236729129	0.00010413363499642189
55205.1153595679	1.00007196966427	0.0001034687936885253
55205.13579291702	0.9999133927716398	0.00010573325920519028
55205.15622636638	1.0000399646051585	0.00010434342335187355
55205.17665971609	1.0000993969119276	0.0001062566407838214
55205.197092966024	0.9997737172915285	0.00010363717032020382
55205.2175263162	0.9998731205592635	0.00010344255389207091
55205.23795976661	1.0000366454604408	0.00010789294208572345
55205.25839301724	1.0001077683653599	0.00010414053240510301
55205.299259819454	1.000042926017362	0.00010474107059318904
55205.31969307102	0.9999779324486106	0.00010343444191188953
55205.34012642271	0.9999976124745126	0.00010344650589107156
55205.360559874745	0.999951935114202	0.00010343957195083478
55205.38099312701	0.9999358619779884	0.00010401591523075726
55205.40142647951	0.9999839097929544	0.0001036544323749248
55205.421859832364	1.0000395372782456	0.00010597910169235932
55205.44229328533	1.000082697606714	0.00010607621090622068
55205.46272653876	1.000005650768859	0.00010373003259054652
55205.48315989231	1.0000744595642768	0.00010540610553025076
55205.52402660022	1.000055024080225	0.00010344470661257712
55205.54445995459	0.9999513700829353	0.00010351473771862832
55205.5648934093	0.9998740461022441	0.00010754790289416364
55205.58532666413	1.0000935188462514	0.00010381326888473631
55205.60576001931	1.0001933970935226	0.00010345774703313522
55205.626193474716	1.0001514946021828	0.00011206721583362567
55205.64662673036	1.0002006321670178	0.00010443184694003625
55205.66706008636	0.9999545002464826	0.00010354391474173645
55205.68749344258	0.9998314529096037	0.00010345362131873118
55205.70792679904	1.000013330140297	0.00010370180316080413
55205.728360155736	0.9999743346323235	0.00010370337350399814
55205.74879351277	0.9996632738267328	0.00010357513827516527
55205.76922697005	0.9997927888979978	0.00011288155042609528
55205.78966022756	1.0000060160760753	0.00010394291664237912
55205.81009358529	0.9999672524582343	0.00010425675397443792
55205.830526943384	1.0000062278113009	0.00011404291765350104
55205.85096030171	0.9999128887678455	0.00010347238928067534
55205.87139366026	0.9997322342112258	0.00010431802129173881
55205.89182701905	1.0001590646628802	0.00010692897434912058
55205.91226037819	1.0000309039651767	0.00010533693477842826
55205.93269373755	0.9999865066993517	0.00010353616195383215
55205.953126997156	1.0001280433390853	0.00010420616618267202
55205.97356045711	1.0000221248568386	0.00011404992320211975
55206.01442707759	1.0000311846397025	0.00010653868076044137
55206.03486053836	0.9999727238625236	0.00010371354615791054
55206.05529389924	0.999888894117351	0.00010566077125799502
55206.075727160474	0.999980738917732	0.00010506605498596023
55206.09616062194	1.0000194206683397	0.0001202551196975791
55206.116593983636	1.000027826536327	0.00010948582424205257
55206.137027245684	0.9999025112660996	0.00010489217673785185
55206.15746070785	1.0000166865732871	0.00010348043036221073
55206.177894070475	0.9999617669533541	0.00010354996035703293
55206.19832733322	1.0000532726494922	0.00010352167400587096
55206.2187606962	0.9999431306381388	0.00010375017291458783
55206.23919415953	0.9999801875944836	0.00010717392881520995
55206.280060787	1.0003066997158172	0.00010723512000368255
55206.3209276154	1.0001462165481156	0.00011313943310797924
55206.34136088001	1.000182246791546	0.00010404408440632311
55206.361794344964	1.0000695325555484	0.00011056395995751285
55206.38222771004	0.9999780393830308	0.0001181974070593764
55206.402660975466	1.0001870633475605	0.00011734694579550425
55206.423094441234	0.9999263696919365	0.0001050669925116223
55206.443527807125	1.0000043267983687	0.00010622988340278143
55206.463961073365	0.9999069342814516	0.00010486286149669278
55206.48439443983	1.0000304858728073	0.00010349294568678899
55206.50482790654	1.0000039862670478	0.00011313090429564234
55206.52526117359	0.9998837950570065	0.0001034911526041992
55206.54569454087	0.999836610088599	0.00010355696691961474
55206.566128008395	0.999886397080454	0.00010453735902936495
55206.606994644244	0.9999689312446163	0.00010388543837654437
55206.62742811258	0.9999885139433118	0.00010405819187483324
55206.64786148115	0.9998996115018478	0.0001041370559598427
55206.66829474994	1.000034343076181	0.00010546829364026353
55206.70916148848	0.999917825844068	0.00010660768256082395
55206.72959485809	1.0000649955589163	0.00010352470982739892
55206.75002832794	0.999922795807107	0.00010439327301893416
55206.770461598135	1.000041903534964	0.0001050302967594696
55206.79089496856	0.9997772018072218	0.0001042363955687286
55206.81132823922	1.0001650216936364	0.000104706034458706
55206.83176171024	1.000146646996853	0.00010410155942036448
55206.852195081476	1.000039022136604	0.00010708643211410243
55206.872628452955	1.0001605367146005	0.00010382276173571625
55206.91349519672	0.9998258099748274	0.00010358865877945328
55206.933928569015	1.000010289206595	0.00010467840907592044
55206.95436194154	1.000142280302756	0.00010350864916504918
55206.974795314294	1.0001438877641402	0.00010542953354527777
55206.9952286874	0.9997523652468686	0.0001084619133024735
55207.015662160746	0.9992147872415789	0.00010669695980432515
55207.03609543443	0.9993582614535638	0.00010375715103596949
55207.056528808236	0.9992200653581438	0.00010794753510897814
55207.076962282394	0.9991450384270829	0.00010349179018377906
55207.097395556775	0.9992016858456912	0.00010347527840413915
55207.1178289314	0.9992729293060065	0.0001054762402463182
55207.13826220637	0.9993052704034674	0.00011068619066912684
55207.158695681566	0.9992948571907585	0.00010376904743461104
55207.179129057	0.9992495050763728	0.00010351292976516019
55207.19956243279	0.9990563862511623	0.00010657716665499444
55207.219995808686	0.9990901464246529	0.00010493523911315485
55207.24042918494	0.9990549448186461	0.00010348482840308884
55207.26086256154	0.9989812835329789	0.00010821789433285938
55207.28129593825	0.9989635854138107	0.00010479949248521649
55207.30172931532	0.999009273075856	0.00010384118590605213
55207.32216269262	0.9992429549105185	0.00010483231970591264
55207.34259617014	0.9991117191934613	0.00010814803410116321
55207.363029448024	0.9992739063749108	0.00010609169961748155
55207.38346282614	0.9989744050088909	0.00010496758138473433
55207.42432958318	0.9992368888736197	0.00010353025294630101
55207.44476296199	0.9995920966803379	0.00010458528058501562
55207.48562972066	0.9998831228647543	0.00010351888423619159
55207.506063100285	0.9999281818967894	0.00010556690135236792
55207.526496480255	0.9999458184015959	0.00010349144786954778
55207.546929860466	1.0001817364939354	0.00010460512205635608
55207.567363241025	0.9999103357537518	0.00010498603628996264
55207.628663384094	1.0001644181315166	0.00010581850776041163
55207.64909666558	0.9999128503484345	0.00010359948056498899
55207.66953014742	0.9998122979551483	0.00010356085713304513
55207.68996352949	1.000119874788797	0.00010609424197327172
55207.71039681179	0.9999936041633986	0.00010635834705067496
55207.730830294444	0.9998776101222335	0.0001049879589467948
55207.75126367733	0.9998655535305142	0.00010358457416564743
55207.771696960444	0.9998976276046614	0.00010350113616869534
55207.792130343914	1.0002326979549883	0.00010784654211599058
55207.81256382762	1.0000198765132222	0.0001062695020498514
55207.832997111545	1.000033124498129	0.00010497964399398121
55207.853430495714	1.0000989231386646	0.00010539754468854556
55207.89429736486	1.000172413706887	0.00010424295118014511
55207.91473064984	1.0002446144619426	0.00010621903680410048
55207.935164135175	0.9997301861402429	0.00010399591916066892
55207.95559752073	0.99983395340068	0.00010377059311501196
55207.97603080653	1.0001242446229945	0.0001037539159006628
55207.99646429256	1.0001073230490227	0.00010463117626484107
55208.016897678935	1.000027352396622	0.00010355211216364488
55208.03733096555	1.0001672058154305	0.00010355806064370031
55208.057764452395	0.9998773888454554	0.000103797585847784
55208.078197839466	0.9999556844038616	0.0001037877694049474
55208.09863112689	1.0000186571140601	0.00010367744703691283
55208.119064514554	0.9999240821826649	0.00010482448856433397
55208.13949800244	0.9999115109742603	0.00010470117638143059
55208.159931290684	0.9999616626337704	0.0001040098952675515
55208.18036467916	0.9998350000189488	0.00010641942930372457
55208.20079816786	0.9999689832399011	0.00010470845779909514
55208.2212315568	0.9998634410097987	0.00010372831601940321
55208.24166484609	1.0001763871323766	0.0001051245882531731
55208.26209833561	0.9998918908031256	0.00010592910974132862
55208.28253172537	0.9999786270938177	0.00010375092322809346
55208.302965015355	0.9999095881520468	0.00010350509600592288
55208.32339850569	0.9998699055528462	0.00010587598945966275
55208.34383179626	0.9998806450774689	0.00010466712853893775
55208.36426518718	1.0001190466007517	0.00010366414552797406
55208.384698678325	1.000135747782239	0.00010638958811095479
55208.40513196971	0.999953195959044	0.00010576132402605335
55208.42556536133	1.0000243500204675	0.00010376384625590812
55208.44599875317	1.0002072765913304	0.00010381237335635531
55208.466432145375	1.000072194164422	0.00010781510062127822
55208.507298930585	1.000154126124967	0.0001035498852355506
55208.5277323236	0.999881426991604	0.00010569237702466781
55208.54816571685	1.000096940248471	0.00010645630405585357
55208.568599110324	1.0002078828925172	0.00010396210903128876
55208.58903260404	1.0000018066525478	0.00010367217792958077
55208.6094658981	0.9999190996382618	0.00010983326826163684
55208.62989929239	1.0000702798723875	0.00010468234047750529
55208.670766081916	0.9999827743289202	0.0001089417832396147
55208.69119947702	0.999869090185174	0.00010628324034389023
55208.711632972365	1.000062684951869	0.00011119462654834666
55208.73206626806	0.9998457723316987	0.00010377065465795185
55208.75249966398	0.9997999244064782	0.00010899863941980552
55208.772933060136	0.9998949049863177	0.00010751457173287236
55208.79336645653	1.0000467833229632	0.0001035129431816452
55208.81379985326	0.9999172715597106	0.00010535530515647951
55208.834233250236	0.9999792066727953	0.00010380667005047893
55208.85466664744	0.9999784957625295	0.0001075756086045036
55208.87510004499	1.0000407306749795	0.00010486323482009288
55208.89553344278	0.9999790176234497	0.00010802971142440481
55208.9159669408	0.9998276960517657	0.00010345998365253798
55208.93640023917	1.0001707488861211	0.00010383290642557837
55208.956833637654	1.0001608547368774	0.00010403728330855708
55208.97726713649	0.9999891891680638	0.00010523951336438034
55208.99770043567	1.0001977167592386	0.00010686481658867598
55209.01813383509	1.000215126758239	0.00010418426732471742
55209.038567334625	0.9999675345248307	0.00010410346818887344
55209.05900063462	0.9998921897957208	0.00010959267641601207
55209.0998675352	0.9998870927636523	0.00010377490623766182
55209.12030083589	0.9999087733737893	0.00010558657107165286
55209.14073423694	1.0003538485467107	0.00010586714211586222
55209.16116763811	0.9999102651658791	0.00010422101168288722
55209.18160103973	1.000137757250979	0.00010377897128691748
55209.20203444148	1.0000532198167529	0.00010481029638613912
55209.22246774346	0.9998971220238029	0.00010364605530113421
55209.24290124578	1.0000385723919651	0.00010352124218626834
55209.26333464846	1.00001829707571	0.00010740931693733204
55209.30420145439	0.9999032113491254	0.0001045913360251977
55209.32463485777	0.9999816067658144	0.00010411143641098868
55209.345068161376	0.9997731150287507	0.00010388391668213387
55209.36550166533	0.9999756649533212	0.00010350672311222085
55209.38593506952	1.0000745053451467	0.0001035101363302137
55209.406368373944	1.0001816232245988	0.00010879786906116148
55209.42680187871	0.9999653366672117	0.00010616295594603467
55209.44723528372	1.000133449429678	0.00010859910656407081
55209.46766868896	0.9999452023788034	0.00010360619683249374
55209.7333028816	1.0000497021178578	0.00010582709293313612
55209.753736390565	0.9999619130142227	0.00010380806622666306
55209.77416979988	0.9999153871626082	0.00010352814495070324
55209.8150365192	0.9999963122879756	0.00011169845239366425
55209.83547002933	0.9998718487814505	0.0001037049336961897
55209.85590343968	0.9999532091465901	0.00010570353341491907
55209.876336750276	1.000009611090498	0.00010663052951199977
55209.896770261104	1.0000378795014506	0.0001058463792693617
55209.917203672274	0.9999899801999642	0.00010396955433898687
55209.93763698368	1.0000830072847413	0.00010526501271371448
55209.958070495326	1.0002113218510311	0.00010624626660172395
55209.97850390731	0.9999191462044448	0.0001034792382439182
55209.998937219534	0.9999412434883561	0.00010351062925345729
55210.03980414479	1.0000135026128258	0.00010366451054270435
55210.06023745783	0.99989418145755	0.00010389962221303266
55210.0806709711	0.9999467648912499	0.00010574767340049489
55210.121537698455	1.0000582685882018	0.00010374511491039159