56404.50733944511	0.9996390194967189	0.00011611108543958527
56404.52777380352	1.0001884090827047	0.00011739058276080931
56404.54820806203	0.9996939631489524	0.00011217829132543689
56404.56864242065	1.0000008920922165	0.00010993837771405817
56404.589076579374	1.0001907404455403	0.00011070303336199021
56404.60951083821	0.9999852202031073	0.00011062466134060041
56404.62994519715	0.9999762850596987	0.00011330889116871777
56404.65037935617	0.9998912568197462	0.00011352977322464745
56404.67081361532	1.000320193778389	0.00011951031882897223
56404.69124797458	1.0000205146781043	0.0001231986471646931
56404.71168213396	0.9999591584527605	0.0001223685333931899
56404.73211649342	1.0000790305211529	0.00012624095318670067
56404.752550753	1.0003625223712511	0.00012732883716289227
56404.77298491266	0.9999213607052007	0.00012546091924030265
56404.79341927245	0.9998958383279439	0.00012506836262284916
56404.81385353235	0.9997910394911684	0.00012414062653163738
56404.83428769234	0.9998635826899446	0.00012287326877899316
56404.85472205244	1.0000013965510908	0.0001242645116400439
56404.875156312664	0.9998199903288081	0.00011976606273395845
56404.89559047297	1.0001286190130938	0.00011818991052466505
56404.916024833394	0.999979807784207	0.00011837651001530818
56404.93645909391	1.0000675945788076	0.00011527585629452416
56404.956893454546	0.9999373279121144	0.00011472532386348784
56404.97732761528	1.0000025142895006	0.00011372242019664875
56404.99776187611	0.9998634552859387	0.00011224787968909443
56405.018196237055	1.0000007124056194	0.00011493416197326655
56405.03863039812	0.9999548937113867	0.000111105019265601
56405.079499020525	0.999946263333809	0.00011342854094268036
56405.12036754337	1.0001739294635215	0.00011020838317725396
56405.140801804926	1.0001803914524388	0.0001116438811487855
56405.1612359666	1.000054334787816	0.0001111600843045484
56405.1816703284	0.9999813097347359	0.00011162308113182854
56405.20210459027	0.9998709550569784	0.0001107726258818815
56405.22253875227	0.9998328603305743	0.00011198049559561031
56405.24297311437	1.000026884571485	0.00011091648997713584
56405.263407376566	0.9999139567066376	0.00011149924901039445
56405.28384163887	1.0000184106009282	0.00011216377370289982
56405.304275901275	0.9999007260288546	0.00011231875639274024
56405.32471016379	0.9998725179464621	0.00011208081936129193
56405.3451444264	0.9999123072696925	0.00011124746939599686
56405.365578689125	0.9998054337467914	0.00011051355084743967
56405.40644721486	1.0001016416455812	0.00010980518428819086
56405.42688147788	0.9997990175681615	0.00010990526476058311
56405.44731574102	0.9999512855116682	0.00010993663210129414
56405.48818426759	1.0002248649742165	0.00011213466042303921
56405.50861863104	0.9998651865653471	0.00011147828825843362
56405.52905289458	1.0001141288991988	0.00011535229293669456
56405.54948705822	1.00027150046316	0.0001139592122221739
56405.56992142197	1.000099176698916	0.00011685526120216734
56405.59035568582	0.9998459655911638	0.00011700079792444754
56405.61078984978	1.0001849640389788	0.00011864441226658758
56405.63122421382	0.9998690604334144	0.00012721688600155566
56405.67209264226	1.0001043305173507	0.0001211304714863481
56405.692527006606	1.0000048962315837	0.0001354117057880316
56405.71296127108	1.0000394695365848	0.00011901636290571196
56405.733395635645	1.0000003446915813	0.00012310352164386493
56405.75382980031	0.9999569160483529	0.00012186034631565079
56405.77426406509	1.0001951769049582	0.00011511004362888853
56405.79469842996	0.9998289389183717	0.00011723754961518387
56405.81513259494	0.9998149813127237	0.00011625761945692169
56405.83556686001	1.000057429182184	0.00011147344290385427
56405.85600122519	0.9998112130443744	0.00011577415269667363
56405.87643539048	0.999802133311076	0.0001099271186216929
56405.91730402134	0.9998851475674747	0.00011109119378829507
56405.93773818693	1.0000629604627296	0.0001119389817654796
56405.958172552615	0.9998584652588218	0.0001100841842647045
56405.9786068184	1.0000616176634416	0.0001108079714676123
56405.99904108429	1.0002005173026296	0.00011258774190517179
56406.01947535027	1.0000046589614306	0.00011284506559870417
56406.03990961636	1.0000592679995086	0.00011467105178145182
56406.060343782556	1.0000861934429623	0.00011537412031488215
56406.10121241523	1.000140351168586	0.00011518055545993404
56406.121646681735	1.0002252824826985	0.00011433678386346982
56406.14208094833	1.000027151533804	0.00011639321064250315
56406.162515215015	1.000216235735882	0.00011288046602191853
56406.18294958182	0.9999956801095214	0.00011453486200355432
56406.20338374871	0.9998821725325162	0.00011449303590833387
56406.2238180157	0.999907172006854	0.00011134149837169518
56406.2442523828	1.0000049456405145	0.00011392210348533892
56406.26468655	0.9998535109689034	0.00011068963967816407
56406.28512091729	0.9998518613668457	0.00011043546903195287
56406.305555184685	0.9998662298239515	0.00011246134203402599
56406.325989352175	1.0000658408522805	0.00011071139608553247
56406.34642371978	1.0000888615868957	0.00011131026670904716
56406.366857987465	0.9999936613741018	0.00011084254386364972
56406.38729215526	1.000001090505088	0.00011313610194661766
56406.40772652315	1.0002911076374343	0.00011200083466456522
56406.42816079114	0.9999783260531356	0.0001096292221491588
56406.448594959234	1.0001959513614942	0.00011064137116145766
56406.469029327425	0.9998690506013623	0.0001106579693566898
56406.48946359571	0.9998737965595232	0.00010984729960802568
56406.509897964104	1.0001253918123016	0.0001098739507595243
56406.530332132585	0.9998861916838682	0.00011086531559079624
56406.55076640117	0.999988784056885	0.00011166442492786871
56406.57120076985	0.9999122994258145	0.00010953132178965981
56406.59163493864	1.0000535871341958	0.0001099952598321355
56406.61206920752	0.9999822294983278	0.00011364628434985244
56406.63250357651	1.000003390235979	0.00011036463044244943
56406.65293784559	1.0000851576671987	0.00011026800265729571
56406.67337211477	1.0002042282531518	0.00011179240038538078
56406.693806384035	0.9999789790203346	0.00011055498838793228
56406.71424055341	0.9998139314222398	0.00011021545289223576
56406.73467492289	1.0001182065360996	0.00011056989849283382
56406.755109192454	1.0000475485030833	0.0001122303256358345
56406.77554336212	1.000044664091917	0.0001116471388086556
56406.79597773189	1.0000394408323166	0.00011659242309321209
56406.816412001746	1.000009582674111	0.00011699436241241742
56406.83684617171	1.0000654379941705	0.00011486044642618642
56406.85728054178	0.9998440735460141	0.00011943552303296759
56406.877714811926	0.9999089945030478	0.00011851256283628377
56406.89814918218	1.000078464564244	0.00012089833313933244
56406.91858335254	1.0000839718617587	0.00012368282534384604
56406.93901762298	1.0000476894790968	0.0001270772663721426
56406.959451993534	1.0000454701432253	0.00013065002235205565
56406.979886164176	1.000014133767159	0.00013313775357031937
56407.000320434905	1.0000839759982543	0.0001330744803393434
56407.02075480575	1.0002572327384445	0.00013257470037867633
56407.041188976684	1.0000588755003397	0.00013158315295184013
56407.06162334771	0.9999125530752917	0.0001319394789159638
56407.08205761884	1.000126889883829	0.00012833938903212164
56407.102491790065	1.0001400878946343	0.00013034077465298144
56407.122926161384	0.9999144968661192	0.0001331058912316608
56407.143360432805	0.9999926554197235	0.00012089163470908
56407.16379470433	0.9998204703045002	0.000124750607697012
56407.18422897592	0.9994577731285217	0.00011543241844142787
56407.204663247634	0.9993115445864957	0.0001130444631733794
56407.22509751944	0.9991239032291472	0.00011709225309139442
56407.24553179134	0.9991467804461917	0.00010985304397514482
56407.26596606333	0.999215552898967	0.00010964013495368058
56407.286400335426	0.9993064751432903	0.00011219114392384337
56407.30683470761	0.9989167226658728	0.00011679124735681308
56407.32726887989	0.9991181245071771	0.00011345511056139201
56407.34770315227	0.9988965772866625	0.00011653540816779268
56407.36813742474	0.9987781474137543	0.00012458952990312773
56407.38857169731	0.999045083095627	0.0001244336120837079
56407.409006069975	0.9991633963915254	0.0001336737022448002
56407.42944024273	0.998985389656238	0.00013654045674770638
56407.44987461559	0.9989946355097665	0.00013756362817377
56407.47030888854	0.9990219335336691	0.00015406353398431813
56407.490743061586	0.9988422465653112	0.0001448517937852747
56407.511177434724	0.9988313555970546	0.00014758961139490137
56407.53161170796	0.9989596194321807	0.00016356394208151583
56407.55204588129	0.9989555466932372	0.00014245874624511457
56407.57248025471	0.9987344544795353	0.0001370251437396719
56407.592914528235	0.9990511590180877	0.00013077178619569675
56407.613348901854	0.999120651785358	0.0001255128238835988
56407.63378307555	0.999284111900222	0.00012196180100048466
56407.65421734935	0.9997454242581305	0.00011691173324248112
56407.67465172326	0.9998046445890583	0.00011374611378000325
56407.69508589724	1.000032358656997	0.00011436855833780134
56407.71552017133	0.9997792172919259	0.00011002732901068645
56407.73595454552	0.9999679216425961	0.00010943418801242796
56407.75638871978	1.0001072704514045	0.00011072932182736055
56407.79725736862	1.0000131979906626	0.00011140190964756317
56407.81769164317	0.9999351415095408	0.00011179744274279817
56407.83812591782	1.0001894526739945	0.00011181533506263462
56407.858560192566	0.9999292773564583	0.00011074193278971686
56407.8789944674	1.0003397673436578	0.00011098082388966218
56407.89942874233	0.9999969087378233	0.00011423083087488557
56407.919863017356	1.0000140727594427	0.00011300261267313288
56407.940297292465	1.0001707426100368	0.00011885521847586229
56407.96073156768	1.0001605647478724	0.0001183684380423498
56407.98116584298	0.9999810603031112	0.0001212553963866731
56408.001600118376	0.9999260933730507	0.00013717648246011093
56408.042468669446	0.9999495965422518	0.00012167567569118488
56408.062903045124	1.0002120545284408	0.0001237167375491937
56408.08333722088	0.9997290758207842	0.00012021760425704515
56408.103771496746	0.999875740225086	0.00012157099208039706
56408.1242058727	0.9999860492697815	0.00012377193177628238
56408.16507432488	0.999966702518357	0.00012193365582028301
56408.18550870111	0.999951172327258	0.00011543456638313085
56408.20594287742	0.9998257839920142	0.00011456785404845177
56408.22637725385	1.0000228923796999	0.00011798768056478445
56408.24681153035	1.0000026446900125	0.00011309711713732277
56408.26724570694	0.9998905817713964	0.00011248922528736537
56408.28768008364	1.0001115494123058	0.00011627166248342853
56408.30811436042	0.9999290101232101	0.00011159835629970187
56408.32854853728	0.9999086162144016	0.0001108819114056619
56408.348982914256	1.0000203104523302	0.0001124218172372382
56408.369417191316	0.9999586828070842	0.00010953508630439073
56408.38985156846	1.0001044731065276	0.00011180251622582173
56408.410285745704	1.0000888576072149	0.00011008415357821496
56408.43072002303	0.9998762708307416	0.00011048666428519095
56408.451154400456	1.0000895073337348	0.00011222984822443889
56408.47158867797	1.0001240644017177	0.00011057340614797745
56408.49202285557	0.9998220047314262	0.00011076511455492295
56408.512457233264	1.0000066335184867	0.00011133483624048726
56408.532891511044	1.0000906733287283	0.0001107792110815642
56408.553325688925	1.0001400361834663	0.00011218281353761973
56408.573760066894	1.0000455543350717	0.00011080467586400176
56408.59419434495	1.0000095593395706	0.0001123136710260035
56408.614628623094	1.0000053313262411	0.000113909831277134
56408.655497079664	0.9998572260227135	0.00011043056203673653
56408.67593145809	1.000033243961087	0.00011398691344755618
56408.71679991519	0.9999397088001454	0.00011081951549346926
56408.73723429388	1.000002201103289	0.0001105004134386122
56408.75766857267	1.0000153013732846	0.00011325814453323753
56408.77810295154	0.9999265285667598	0.00011076086886752798
56408.7985371305	0.9999931561329374	0.00010975653422730897
56408.83940578869	0.9999468236888034	0.0001099755020179422
56408.88027424723	1.000010196109594	0.00010955142810378332
56408.92114280614	0.9999661297898514	0.0001099349804079799
56408.9620114654	0.9999843533426642	0.00010952562637646267
56408.98244564516	1.0000394728588669	0.0001095979153421294
56409.002880025015	1.0000297883130318	0.00011081336350132425
56409.02331430496	0.9999584374901511	0.00010941026343679972
56409.04374858499	0.9998141072684934	0.00010980010899917726
56409.064182865106	0.9999553636774352	0.00011164697905003997
56409.08461714532	1.000006870456231	0.00011140637080972862
56409.10505142562	0.9997116029209259	0.00010962939288410458
56409.125485706005	1.0000182584189163	0.0001115941034242472
56409.145919986484	0.9998897235818088	0.00011152372820629874
56409.16635426704	1.0000168931502493	0.00011086534428564138
56409.18678864769	1.000177637461411	0.0001101470605550864
56409.20722282843	1.0000950649728728	0.0001104267866024094
56409.22765720926	1.0000655910086014	0.0001120557209743876
56409.248091490175	1.0000953567376816	0.00010988866403626992
56409.26852567118	0.9998916804125451	0.00010969094165722586
56409.28896005227	0.9999588747275097	0.00010962095241997932
56409.309394233445	1.0000977586098836	0.00011068031800993999
56409.32982851472	1.0000075661000158	0.00010953604628004889
56409.35026289606	1.000243127176939	0.00010951882061860894
56409.391131459044	1.000080535726953	0.00011050972472156322
56409.41156574065	0.9999010325841405	0.00010938484354704037
56409.43199992236	0.9999225651686996	0.00011016761464858477
56409.452434304156	1.0000598774008136	0.00011147870944096538
56409.472868586025	0.9999852896261225	0.00011177741614661836
56409.49330276799	0.9998124925974385	0.00011021440198198708
56409.51373715005	1.0000024366836195	0.00011024515774819512
56409.55460571441	0.9999808627254915	0.00011007201252513806
56409.57503999672	1.00013602194904	0.00011076864486939957
56409.595474279115	0.9998984314765234	0.0001128081594190479
56409.61590866161	1.0000274201839319	0.00010989310673396542
56409.63634284418	1.000143343208223	0.00011165327693439975
56409.65677712683	0.999948904705646	0.00011020902607492105
56409.67721150959	1.0000267519997266	0.00011045974311842156
56409.69764579241	0.9999744413431217	0.0001099746739255856
56409.718079975326	0.9999405450445031	0.00011134708535246189
56409.73851435834	0.9998853415842835	0.00011203445900577847
56409.758948641414	0.9999922473824393	0.00010939280016064712
56409.77938292459	0.9999261363123848	0.00011154923937042081
56409.79981720786	0.9998879796314988	0.00011131298304300334
56409.8202514912	1.0000897569090794	0.0001121288644355311
56409.84068587464	0.9999153597642125	0.00011264634301133485
56409.86112005815	1.000121829124936	0.00011294826422027611
56409.88155434175	1.0001856421739626	0.00011295032453306411
56409.922422909214	0.9998140989052363	0.00011197295951651726
56409.94285719307	1.0001296788067948	0.00011268320362251457
56409.96329147702	0.999951450081617	0.00011073765729183299
56409.98372576104	1.0000986854746332	0.00011028124657513989
56410.00416014516	0.9999304317823393	0.00011017446428552183
56410.02459432936	1.0001144664393853	0.00010951018091169134
56410.04502861364	0.9998893079822405	0.0001098877492514019
56410.06546299801	0.9999221111404551	0.00011037113041023558
56410.08589718246	1.000015238470266	0.00011220794855383093
56410.106331467	0.9999820929136163	0.00010959055039051162
56410.12676585162	0.9999814100904576	0.00011032417924149802
56410.14720003632	1.0000663073771552	0.00011285921477739719
56410.16763442112	0.9997895438025066	0.00010955014643079717
56410.188068706	1.000093549117449	0.00011078841835253321
56410.20850289095	0.9998413675060899	0.00011158758714986471
56410.228937276	1.0000931748251516	0.0001119997196269887
56410.24937156112	1.0000099428849756	0.00011219822536911181
56410.26980584633	1.0000905900764008	0.00010963949581298717
56410.29024013163	1.0000657748585389	0.00011482331567847477
56410.310674417	1.000002751048389	0.00017698781156922245