56044.44732375191	1.0000990236863072	0.00011245943475282384
56044.46775805997	0.9999071226395558	0.0001098402262232013
56044.48819236807	1.0001696100696795	0.00010890594423271051
56044.508626676245	1.0000105216616584	0.0001088251769594267
56044.52906098446	0.999783841968906	0.00011153394212453825
56044.54949529274	0.9999426638014279	0.00011375940301200352
56044.56992970109	0.9999920677640306	0.00011612481094855493
56044.59036400948	0.9999624681295723	0.00010892616974289017
56044.61079821792	1.000121177743954	0.00012470745116236248
56044.63123262642	1.0001224067532857	0.00011970207383011993
56044.651666934995	1.000078980910004	0.00010889624736060511
56044.67210114363	0.9997937872580951	0.00010955750803788996
56044.69253555228	1.0000629909471206	0.0001084616394715002
56044.71296986102	1.0001856745395523	0.0001099928195861689
56044.73340426981	1.0000175232409725	0.00010933057945509274
56044.75383847867	0.9998186423200798	0.00010846537443818689
56044.774272787545	1.0000760328835547	0.00011056863606660003
56044.79470709652	0.9999287495730372	0.00010896492579743735
56044.81514140555	0.9997844215022403	0.00011150706213837595
56044.835575714606	1.0000100693571021	0.00011003046992231115
56044.856010023715	1.0001185355221531	0.00010898238476902016
56044.87644433289	1.000091028760392	0.00012097750894211906
56044.93774726076	0.9999885663695756	0.00011189371706445163
56044.95818167016	0.9999266309663368	0.00010969289296307518
56044.97861587963	1.000144596343855	0.00010854959436348225
56044.99905018912	0.9999352227278596	0.00010865123271518539
56045.0194845987	1.000026707092249	0.00010845193679051022
56045.03991880831	0.9999421961206989	0.0001091466685175852
56045.06035311801	0.9999234170159402	0.00011491711419382349
56045.08078752773	1.000140695892228	0.0001176731763528532
56045.10122183752	0.9997912795749704	0.00010876912873394676
56045.12165614736	1.0000745752375475	0.00012130929132548763
56045.14209045723	1.0001292291562955	0.00011096554014866789
56045.16252476719	1.000096274387006	0.00010856796032919318
56045.18295907718	1.0001210184764016	0.00011820804744918442
56045.20339338725	0.9999846208185537	0.00010846813820695499
56045.244262107524	0.9999677582146891	0.00010947181320864243
56045.26469631774	1.0002263651356045	0.00010845602298387871
56045.28513062802	0.9998469725065025	0.000109638440997032
56045.30556503833	1.0001474607552596	0.00011102038234780677
56045.32599924869	0.9999191969138238	0.00011217113334105961
56045.34643365915	1.00002352642687	0.00011139036633658135
56045.366867969635	1.0001063334701743	0.00010868660560994164
56045.38730218017	0.9997752310554883	0.00010911301011276636
56045.40773659077	0.9999387744618536	0.00010959704260535346
56045.44860511211	0.999666300273843	0.00011027112700903063
56045.46903952286	1.0000194643439935	0.00011449029730195078
56045.48947383366	0.9999105927162804	0.00011828264598682296
56045.50990814452	0.9998172991849245	0.00010919240044446695
56045.530342455444	1.000212247726329	0.00010960586392565701
56045.550776666394	0.9999801391342826	0.00011151998758627751
56045.571211077426	0.9998372465754636	0.00010848117632586311
56045.59164538849	1.0000862457402595	0.00011022756371297844
56045.61207959962	0.9997897802234474	0.00010848153849869618
56045.65294832201	1.00001647955954	0.00011124190857073163
56045.67338263331	1.0001361490085652	0.00010983556809065104
56045.69381694463	1.0000832203776393	0.00011168032461088814
56045.71425125602	1.0001296293747892	0.00011610727660736782
56045.73468566743	1.0001811811816457	0.00011757561764362464
56045.75511987893	1.000207849285485	0.00010873791997116304
56045.77555419046	1.0002104397154699	0.0001165585059984886
56045.79598860205	0.9999699104389507	0.0001090770913340269
56045.8164229137	1.0000189765158625	0.00010878813125302836
56045.85729153713	0.999821097576218	0.00011426884122822992
56045.87772584896	1.0000099867918972	0.00011154759166478251
56045.918594472685	1.000042507052663	0.00010935626730917053
56045.939028784625	0.9999891922626352	0.00010923655899236669
56045.959463196654	0.9999223093144233	0.00011086900738560008
56045.9798974087	0.9997929643602984	0.00011243417722980988
56046.00033172079	0.999854260704957	0.00010990490510884277
56046.02076613296	0.9998745874494975	0.00011404284470305673
56046.04120034516	1.0001956760069088	0.00011090399652085415
56046.06163465742	1.0000794110716422	0.0001085947256502965
56046.08206906974	0.9999443229782068	0.00011375288763835459
56046.102503282076	0.9999215434924009	0.00010876395940198828
56046.12293769448	1.000008035145544	0.00011135738287009191
56046.14337200695	1.0000561537507138	0.00010872259765527909
56046.16380621946	0.999913435464152	0.0001091155458629164
56046.184240632014	0.9999182234876471	0.00010847852758621162
56046.22510915728	1.0000602873657767	0.00010847057792675842
56046.24554357001	0.9999264281028878	0.000108427728079725
56046.265977782736	1.000079439387191	0.00010864570185627454
56046.28641219557	1.0000394889531654	0.00010899593450241159
56046.306846508414	0.9999090253777102	0.00010930879941403007
56046.327280821315	1.000121080460617	0.00010947963332634272
56046.347715134296	0.9999881767620467	0.00010949219935585851
56046.368149447284	1.0001359582922524	0.000109434073144758
56046.38858376033	0.9998882146723679	0.00010927553746037616
56046.44988669981	0.9997773974044958	0.00010887778303460059
56046.470321113055	0.9999938118609742	0.00010884730269196867
56046.49075532636	1.0001406391490801	0.00010869081805678004
56046.51118973973	1.0001161915526506	0.00010896996918485452
56046.53162405312	0.9998834117044395	0.00010843138497250203
56046.55205826654	0.999977871981432	0.00010842794076350991
56046.57249268005	0.9999066902191838	0.00010988721229513275
56046.59292699359	1.0000530919527302	0.00010889199714626603
56046.613361207186	1.000167581261891	0.00010865223925763657
56046.633795620844	0.9999109742481014	0.00011188839340364723
56046.654229934524	1.0001338743079842	0.00010925169890972195
56046.67466434827	0.9999138059735411	0.00011141675347334646
56046.715532875896	1.0000889530422825	0.00011191378734144792
56046.73596728976	1.0000379723611104	0.00010837969135490044
56046.756401503706	1.0000836447126409	0.00011196312817718417
56046.776835817676	0.9999649221362489	0.00011091451400715718
56046.79727023171	0.9999016246082065	0.00010870542571419424
56046.81770444577	0.9999246947473134	0.00010841503202498692
56046.858573074074	1.0000462859516268	0.00010860271230820289
56046.879007388285	1.0002248674033922	0.00010918327420466477
56046.89944180255	0.9999736037657243	0.00011124405469938087
56046.919876016844	0.9999070809501268	0.00011143006920882847
56046.94031033119	0.9999944735878452	0.00010941714327617593
56046.96074474561	1.000028152577005	0.00010847209502341293
56046.98117906008	0.9998571642477434	0.00010964745467138155
56047.00161327455	1.000069717894855	0.00011090007151323061
56047.022047689105	0.9999309597865295	0.00011060958056782612
56047.04248200369	0.9999358960095523	0.00010862164547083427
56047.06291631833	0.9999927685997355	0.0001100286529136618
56047.08335063304	0.9999865178506596	0.00010842253664789553
56047.10378494774	1.0000877309932081	0.00011205309895205952
56047.12421936253	0.9995986880424597	0.0001085448353183726
56047.14465357735	0.9995222204607851	0.00011049608645568191
56047.16508789223	0.9990784419129287	0.00010856232157475617
56047.18552230713	0.999252716450792	0.00010894313037404297
56047.2059565221	0.9992650681406959	0.00010837655655130922
56047.226390937096	0.9990552060127819	0.00011138750271833519
56047.24682525217	0.9992353965072129	0.00011119155246537488
56047.267259467255	0.9990091350799131	0.00010842703738196391
56047.2876938824	0.9989584160975986	0.00011084098977782879
56047.30812819759	0.9989902412354467	0.00011108292562449042
56047.32856241282	0.9991711274904791	0.00011021087359938179
56047.34899682811	0.9990229404039423	0.00010890868552011071
56047.369431143445	0.9990901029971768	0.00012042273763422324
56047.38986535882	0.9990778910930186	0.00011061654376324594
56047.41029977422	0.9990923269206129	0.0001447077246837928
56047.43073408971	0.999222330569612	0.00014309486486135218
56047.4511684052	0.9992469900386962	0.0001290330213183959
56047.47160272075	0.9992306533370184	0.00016012724419842234
56047.49203703635	0.9990615077459074	0.00014809964994810709
56047.51247135198	0.9993241162764843	0.0001228471342068068
56047.53290566768	0.9991915226326057	0.00014803476801857881
56047.553339983395	0.9994990415810977	0.00013704507058931038
56047.57377429918	0.9996817702033303	0.00013749411336930564
56047.59420861502	0.9998856771661863	0.00012531417283687837
56047.61464303085	1.000137928220402	0.00011804279887954426
56047.655511562734	0.9999981759349121	0.00011103967764470212
56047.67594597871	1.000102674726097	0.00011306923522765735
56047.69638029479	0.9999884332348425	0.00010950373906408434
56047.71681451086	0.9999591644585019	0.00010841860025376126
56047.737248926984	1.0001293606923358	0.00010840376201095463
56047.757683243144	0.9999460623989443	0.00010846766975948709
56047.77811745936	0.999828097266599	0.00010859400624689362
56047.79855187563	1.0000324294797616	0.00010878092774032589
56047.81898619194	0.9998975185143734	0.00011036479400346426
56047.83942060827	0.9998759647457894	0.00010857666811667331
56047.85985482466	0.9999516549384214	0.00010990103792497314
56047.94159209066	1.0000566288577855	0.00011239609298903951
56047.96202650725	0.9999524759919093	0.00011902912585234757
56047.982460723906	1.000121397101994	0.0001097348943922481
56048.71809635111	1.0000394530441623	0.00015216476534670869
56048.738530769275	1.0003968687085556	0.0001420667200864079
56048.7589650875	0.9999532572561308	0.00012934582820272683
56048.77939940576	0.9999274422710812	0.00010844555207338116
56048.799833724035	1.000068320661538	0.00010898131936823962
56048.82026794238	1.0000766946277726	0.00011206249007742534
56048.84070236075	1.0000545787805581	0.00010929349723501725
56048.861136679145	0.9999197164433299	0.00010839426583751828
56048.8815708976	0.9998905827401425	0.0001088074437555067
56048.90200531612	0.9999523628007477	0.00010990139013474866
56048.92243963463	0.9998575040683767	0.00011107629297685815
56048.94287395321	1.0001962254921122	0.00011197077271152515
56048.963308271814	1.0000652795144354	0.00011120549273841455
56048.98374259044	0.9999100760669085	0.00011053930637040736
56049.004177009134	0.9999790635123345	0.00011112980586491028
56049.024611227855	0.9998580000328732	0.00011007393793502667
56049.04504554663	0.9999885426013291	0.00010894660988741349
56049.06547996544	0.9999866528745286	0.00010850063453186623
56049.085914184274	0.9998981816310585	0.00010848541712683466
56049.10634850313	0.9998990101835117	0.00010902189628509215
56049.12678292206	1.0001009120366418	0.0001102211257184949
56049.14721714101	1.000115123496981	0.00011169358321319378
56049.16765156002	0.999969407694956	0.00010900827999424668
56049.18808587903	0.9999092470436853	0.00011422256518185372
56049.2085200981	0.9999977780783758	0.0001101453331338796
56049.228954517195	1.0001761067393946	0.00010844456564310697
56049.24938883635	1.0002114698441844	0.0001084168776849885
56049.26982305551	0.9999277446636359	0.00011221421782829169
56049.29025747475	0.9998266545795449	0.00011096883878720015
56049.310691793995	1.0000580599779536	0.00010851809704793029
56049.33112621329	0.999966328859434	0.00010859911185886911
56049.351560432624	1.000052323941736	0.0001083944389527558
56049.371994751986	0.9998701824627199	0.00010892571197916508
56049.41286339082	1.0001121291481379	0.00011193715719049046
56049.433297710326	0.9999951681501108	0.0001109055556948209
56049.45373212983	1.000034216689989	0.00010933385699335686
56049.47416634936	1.0000509595150429	0.0001084580540251231
56049.49460066896	0.9999282718823865	0.00011329068496617636
56049.51503508858	0.9999333451392785	0.00010853677216433481
56049.535469308255	0.9998102783198846	0.00010892331571618306
56049.55590372794	0.9997233635458929	0.00011348726563406166
56049.57633804767	1.0001423831896747	0.00010869757964846102
56049.59677226744	0.9998899110264521	0.00011005178334582376
56049.61720668727	1.0000271938901124	0.00010885287995858891
56049.637641007124	1.0001274118484298	0.00010843484631251171
56049.65807522697	1.0001222565094	0.00010885181211129155
56049.67850964689	0.9999331230106687	0.0001100292392605404
56049.71937838683	1.000147900548941	0.0001141474516315096
56049.73981260686	1.000059019227084	0.0001084952364216345
56049.76024692692	1.0000545936297498	0.0001086537415615092
56049.780681347	1.0000155945680467	0.00011075947886366347
56049.80111556712	0.999939531702857	0.00010854226743408373
56049.82154988729	0.9998587879143541	0.0001092100334098775
56049.841984307495	0.9999649782620739	0.00010843703470447659
56049.86241852773	0.9999395535912823	0.000108969346147328
56049.88285284799	1.0000777629712745	0.00010854505752909919
56049.90328726831	0.9998775092026261	0.00011430355714656323
56049.92372148866	0.9999700789391955	0.00010842386744451554
56049.944155909005	0.9998816940787973	0.00010925328119053343
56049.96459022944	0.9999471822974111	0.00010841531132725952
56049.98502454988	0.999821271459176	0.00010957389363183889
56050.00545887034	1.0002706950284395	0.00011305417147707118
56050.02589319087	1.0000781434205788	0.00011101674517388841
56050.04632751142	0.9999498376131679	0.00010994283042616514
56050.06676183197	1.0000631266461517	0.00010978117420091667
56050.08719615261	1.0000376074632646	0.00011491822598739554
56050.10763057326	1.000219870467951	0.00012421383904756038
56050.12806479395	0.9999108528670775	0.00011620160862114058
56050.14849911465	1.0001234607294691	0.00013123741578690453
56050.16893353541	0.9999279355083444	0.00010849031886035976
56050.18936775619	0.9998711848415507	0.00011127267037171119
56050.209802077006	1.0000956512023775	0.0001091036783893526
56050.23023649788	0.9999642932674028	0.0001223672011730486