55697.83277424326	1.0000840687843768	0.00019940851749530286
55697.85320896964	0.9996122540145053	0.00019937004846926263
55697.87364349596	0.999506892156937	0.0001993665536740875
55697.89407812233	0.9998369623946658	0.00019937882367632918
55697.91451284871	1.0004495303369074	0.0001994350164272088
55697.93494737502	1.0002502152227826	0.00019940778260568563
55697.95538200134	1.000534426200824	0.00019944332719530364
55697.97581672766	1.000172268252349	0.00019941904440240793
55697.99625125398	1.0004141638976134	0.00019943681533334998
55698.01668588023	0.99963223868345	0.00019939263662201436
55698.037120606554	0.999769188639584	0.00019938167877394744
55698.05755513281	1.0000916460932692	0.00019942229657891086
55698.07798985913	0.9999645381357951	0.00019938484754046667
55698.09842448539	0.9998967451378533	0.00019941697441973764
55698.11885901165	0.9999340810895231	0.00019939913834339802
55698.139293737906	0.9998757616513021	0.00019940079340819404
55698.15972836411	1.0002154694231535	0.00019942551447638132
55698.18016289036	0.9999702655176863	0.00019939842221103652
55698.20059761657	0.9998052486609728	0.00019939087788535737
55698.22103224283	0.9998409770649879	0.0001993928518157453
55698.241466969026	0.9995697111001334	0.0001993874440843441
55698.26190149517	0.9999873918618838	0.00019938647989264788
55698.282336121374	1.0003092088158456	0.00019941567667331622
55698.30277084757	0.9995777331538803	0.0001993861344756391
55698.323205373716	0.9997016710092339	0.00019936836715839722
55698.36407472606	1.000127687881558	0.00019940357659170693
55698.40494387829	1.00018694037154	0.0001994023460461528
55698.42537860443	0.9999202551724273	0.00019939010532750323
55698.445813130515	0.9998940685919945	0.00019937853815199833
55698.4662478566	1.0001115623250711	0.00019939688170817453
55698.48668248268	0.9999485675111213	0.0001993894702000191
55698.50711710877	1.000023116703745	0.00019937494768027466
55698.5275517348	1.0000203743556955	0.0001993788544732062
55698.54798636088	1.0001359806491594	0.00019940167584896198
55698.56842098691	0.99952973065657	0.00019935807550673654
55698.588855612936	0.9998587109131767	0.0001993888190646698
55698.60929023896	0.9997996638318144	0.00019937398718599956
55698.62972486493	1.0002485228747506	0.0001994093920652664
55698.65015949096	1.0002125989233057	0.00019939343146718966
55698.67059411692	0.9996742934579244	0.0001993741948665776
55698.69102874289	1.0004013500678788	0.00019941100948023556
55698.71146336886	1.0007946503063587	0.00019941412947798042
55698.73189799477	1.00036978702063	0.00019939995289039285
55698.75233272074	1.0001961544158149	0.00019940767007694486
55698.77276724665	1.0004826781440053	0.00019940251386148757
55698.793201872555	1.0002397213727339	0.00019937542765881752
55698.81363659841	1.0004910882359965	0.00019939473427570622
55698.85450575017	0.999778642518521	0.0001993751399186543
55698.874940476024	1.0001468296677956	0.00019938803101085805
55698.89537500188	1.0003678178478674	0.00019940872546325247
55698.93624435352	1.0001960309841946	0.0001993861692482723
55698.956678879316	0.9997467886277536	0.00019936758453659842
55698.977113605106	0.9997496494991467	0.00019934338828721737
55699.01798285669	0.9998314144587072	0.00019936172636042103
55699.03841748243	0.9999748789918211	0.0001993705166248071
55699.058852108166	0.9999077155531815	0.0001993700869480295
55699.079286733846	0.9995654446665452	0.00019935265302594479
55699.09972135958	0.9999946233967513	0.0001993605598446878
55699.120155985256	0.9993137524538538	0.00019932653604226138