56208.51160983831	1.0003187013351378	0.00020745901717533104
56208.53204266612	1.000036577797518	0.0002074419465369457
56208.552475693476	1.0002206516422145	0.00020745528387286293
56208.5729086206	1.000132257451355	0.0002074449400184531
56208.593341447246	1.0002619085140998	0.00020746800277098522
56208.6137744739	1.000058153988398	0.00020744997197410858
56208.63420740009	1.0000152784987	0.00020746259659064814
56208.654640426044	0.9998914338781326	0.000207421240273836
56208.675073251536	0.9999750463815329	0.00020744014222725434
56208.71593910205	0.9998880212215628	0.00020743884915232566
56208.73637202684	0.9998072809880941	0.00020745121334659887
56208.7568048514	0.9998084733644746	0.00020744523277370065
56208.77723787572	1.0002096799823879	0.00020746116232762943
56208.797670799584	1.0000346949130214	0.00020746928747407523
56208.81810372321	0.9998818814768974	0.00020744468112930963
56208.8385366466	0.9998724511731869	0.00020745970508936274
56208.85896956977	0.9999632954249776	0.0002074603210432365
56208.899835415155	0.9996587167825638	0.0002074458714541873
56208.92026833739	1.000408831767272	0.00020748151994479024
56208.94070135939	0.9999966345814905	0.00020746155805804635
56208.96113418115	0.9998554280601821	0.0002074554819158443
56208.98156710268	0.9996943401989882	0.0002074576442377474
56209.00200012374	0.9999698316688811	0.0002074617370655829
56209.02243304458	0.999594614462756	0.00020743978629185844
56209.04286586518	0.9996287961141452	0.00020744213504145118
56209.06329888555	0.9995479187408401	0.0002074472740697035
56209.08373180545	0.9992629885360447	0.00020742372076219684
56209.10416462535	0.9999361717414378	0.00020747908800363855
56209.12459764478	0.9992471477571305	0.00020742700501737206
56209.145030563755	0.9992793032622925	0.00020742781724435465
56209.16546358273	0.999226053957575	0.00020744696199626923
56209.18589640147	0.9995085668784205	0.0002074546007191226
56209.206329319735	0.999649744770823	0.00020747195316225838
56209.22676233778	0.9995524783963664	0.00020745528861743794
56209.24719515558	0.9998243399809847	0.00020746379256449997
56209.26762807292	1.0001167751329527	0.00020749231545972007
56209.288061090265	0.9998272183662364	0.00020747082651702257
56209.30849390714	1.0004589459181112	0.00020750523171354839
56209.32892682378	1.0003004348342635	0.00020749107004723103
56209.34935974019	1.0003025044526508	0.0002074956301441088
56209.36979265613	1.0002800167190293	0.00020749902557924677
56209.390225672076	1.000335571529755	0.0002075135104217308
56209.410658487555	1.000590563411284	0.0002074907712847617
56209.4310914028	1.0006276539605052	0.00020752933854564914
56209.45152441781	1.0006407904994823	0.00020751826180155351
56209.47195733236	1.0001122358497252	0.00020750134439006078
56209.4923901469	1.000314913622438	0.0002075051730624282
56209.512823160985	0.9997014946177062	0.0002074783722976082
56209.55368888845	0.9995411406726993	0.00020747489072114468
56209.5741219016	0.9992366349108474	0.00020746122433112628
56209.61498762743	1.0000703625748353	0.00020750063708560945
56209.63542063988	1.0005491299523572	0.0002075290873308076
56209.6558535521	1.0002047987798648	0.0002075063879128948
56209.67628656385	1.0002885173623148	0.0002075121878053131
56209.696719375606	1.0001888750233543	0.0002075309807896047
56209.717152286896	0.9995503735939113	0.00020747323777695517
56209.737585297946	0.9997868289920807	0.00020750485472592639
56209.75801810877	0.9996374667144785	0.00020746898597053174
56209.77845101913	0.9998210060361616	0.00020750264492457415
56209.798884029246	1.000004454109932	0.00020751648340267814
56209.81931683937	0.9996958927264228	0.00020748784525874886