55448.66788268049	1.0000827343344132	0.00019533809015723113
55448.68831585767	1.0001614081662347	0.0001951999564648936
55448.708748934616	0.9999116580252216	0.0001925802458143926
55448.72918221133	0.9997999691581858	0.00019432921561838323
55448.74961538758	1.000536060491445	0.00019476593863895086
55448.77004846359	1.0001659749219403	0.00019216308295447147
55448.79048173938	1.0000927412244924	0.00019237398289076536
55448.810914914924	1.0002101546608142	0.00019429638732336172
55448.83134799001	1.000168914130454	0.0001932961545406884
55448.851781264864	1.0000023551829627	0.0001927170383976554
55448.872214439485	1.0000791092587347	0.00019382916220952038
55448.892647613866	1.000003452523389	0.00019269660822575339
55448.91308078802	0.9998428607578589	0.00019200567640692215
55448.9335139617	0.9999080910789813	0.00019290761010255485
55448.95394723516	1.0000544758413445	0.0001935201932352167
55448.974380408385	1.0000321583703866	0.0001940139574456421
55448.994813481375	0.9999252101655186	0.00019200219294254983
55449.015246753894	0.9999043861291872	0.00019287094016070568
55449.035679926186	1.0004211811253398	0.00019232089761144435
55449.05611299824	0.999715710560574	0.00019192326285030333
55449.076546270066	0.999987653253045	0.00019236780199546487
55449.09697944143	0.9996285445328742	0.00019408130778992313
55449.117412512554	0.9999577418690837	0.0001924761266075426
55449.158278954106	0.9994391171023603	0.000192364667442309
55449.17871202453	0.9999745153624895	0.0001924127835538649
55449.19914529449	1.0001427842448511	0.00019202568293660805
55449.219578464224	0.9997852969356229	0.00019231542257154924
55449.24001153372	0.9999553824097487	0.0001927967671918731
55449.26044480298	0.9999669903457512	0.00019291123462928075
55449.28087787178	0.999957436552203	0.0001927747649696738
55449.30131104034	0.9997632905271473	0.00019204142100308916
55449.321744308676	1.0000180333603435	0.00019199979671561329
55449.34217737678	0.9997438499742783	0.00019290975916458634
55449.36261064464	1.0000336731687645	0.00019193666888181577
55449.38304381204	0.9999915024631496	0.00019203167573173284
55449.40347697921	0.9997310422042308	0.00019205260884446064
55449.42391014614	1.0000867059964746	0.0001920144186477508
55449.444343312614	0.9998739062701854	0.00019265894077094605
55449.464776479086	0.9998370748335388	0.00019252880012498238
55449.50564281086	0.9997984318337294	0.00019216029053693127
55449.526075976166	1.0002495552406379	0.00019202818821676854
55449.56694230631	0.999857127873842	0.00019250289077146258
55449.58737547092	0.9997073836510217	0.00019207685762855
55449.60780873529	1.0003235520584934	0.00019234759714505692
55449.62824179943	0.999698347853929	0.00019669844475359783
55449.64867496311	1.0000733388327256	0.00019254725094289006
55449.669108226546	1.0001130634438522	0.00019262996483142769
55449.68954128976	1.0001661015182484	0.00019260697936803145
55449.70997445274	1.0002139849626108	0.0001927504768447069
55449.730407715244	1.0001213340731656	0.00019211739479671377
55449.750840777524	0.9998797421072305	0.00019221887898394744
55449.77127403957	1.0000196418479894	0.00019208905346099003
55449.79170720138	1.000050100333928	0.000191960755555223
55449.83257352408	1.0002409038396207	0.00019330917858133336
55449.853006684956	1.0000204476702876	0.000192376935966028
55449.87343984561	1.0001404776771956	0.00019220301990576421
55449.893873006025	1.0001738339709036	0.00019204701484730667
55449.91430616597	1.0001477363311089	0.00019299026346832738
55449.93473922569	0.9998136413144532	0.00019233348996090498
55449.95517248518	1.0002600843271203	0.00019264642119284548
55449.975605644424	0.9997171511160944	0.00019390658175831409
55449.996038703444	0.999648233316159	0.0001919851496727571
55450.016471962	1.0001368105810302	0.00019214959472454207
55450.036905120316	0.9999743265916632	0.00019427094136980383
55450.057338178405	0.9999726370137594	0.00019277385213082777
55450.07777143626	1.0001702158952734	0.00019429254893668795
55450.09820459365	0.9997922011193474	0.00019257551454750292
55450.11863785081	0.9999275009994116	0.00019307234239920434
55450.13907090773	0.9999388196213184	0.00019197645204993102
55450.15950406442	0.9999422828293556	0.00019198985242084202
55450.17993732088	0.9999913919405727	0.00019272071897630298
55450.20037037687	0.9999935301912118	0.00019198947032489982
55450.220803532626	1.0002745468811605	0.00019224774469424867
55450.241236788155	1.000073298229884	0.00019209421281224663
55450.26166984345	1.000186500844122	0.00019328020470935013
55450.28210299827	0.9999357793257413	0.00019381109302002428
55450.302536253104	1.0002513678352034	0.00019277822768147383
55450.32296930747	0.9999400181899836	0.0001926077928730045
55450.34340246136	1.0002694361651212	0.00019316846114887166
55450.36383571526	0.9996960179013796	0.0001925532186261695
55450.384268868685	0.9999916431237985	0.00019194726443888375
55450.40470192212	0.9999752833307297	0.00019290711156742473
55450.425135175086	1.0001834298589989	0.0001919693859293925
55450.44556832759	1.0000558774842563	0.00019279204464333716
55450.46600138008	0.9999516581858083	0.00019400878649601384
55450.48643463212	0.9998925741209386	0.00019318409502524204
55450.506867783915	0.9999033211141766	0.00019196812099986563
55450.527300935486	0.9996946643058684	0.0001930526742188475
55450.547734086824	0.999558808475092	0.0001921564605072742
55450.568167137695	1.0000768009469705	0.0001919510569016266
55450.58860038833	0.9997693968869543	0.00019199217192614188
55450.609033538734	0.9994641089716566	0.00019314871450477569
55450.6294665889	0.9997260071945671	0.000192155967890175
55450.64989983884	0.9997919594867914	0.00019248072060353921
55450.67033298832	0.9997216801273288	0.00019277205401080328
55450.69076603756	0.9999376475592986	0.00019196106565108105
55450.71119928656	0.9996031215890944	0.0001922665054576961
55450.73163243534	0.9997884668391073	0.00019196018288939934
55450.77249873195	0.9998974953033428	0.00019207670110024436
55450.7929318798	0.9997778703833461	0.00019229682413271398
55450.8133650274	1.000031367577686	0.00019487109454423165
55450.83379817455	0.9999143072866746	0.00019229271913402243
55450.8542313217	1.000083401903212	0.0001920163653636745
55450.87466446837	0.9999572840601891	0.0001940587131774803
55450.89509771482	1.0000382373023782	0.0001926745756975271
55450.915530761034	1.000593365058981	0.00019223421178945062
55450.93596400678	0.9996974970808239	0.00019202536156827236
55450.95639715253	1.0000426508583689	0.00019419947714915728
55450.97683019781	0.9995894309492186	0.0001919265137109663
55450.997263442856	0.9997863512520282	0.00019198322981274808
55451.01769658744	0.9999779505963036	0.0001926152869744868
55451.03812963203	1.0002386763575526	0.00019230168509829686
55451.05856287614	0.9999917194335121	0.0001919391507858034
55451.07899602003	1.0000410718895636	0.0001922626880746823
55451.09942906368	1.0000511299769683	0.00019317398223850027
55451.14029545005	0.999878172653738	0.0001919587896931288
55451.160728492774	1.000034489610624	0.00019349581058112413
55451.18116173526	0.9998946811188463	0.00019205315727840406
55451.201594877515	0.9998872070568458	0.00019202052383462219
55451.22202801954	0.9998434977158694	0.00019203613734368723
55451.24246116109	0.9998919047361963	0.00019197737536663778
55451.26289430242	0.9998174553733776	0.00019194436137342838
55451.28332744351	1.000035612778679	0.00019226039268435718
55451.303760584364	1.0001695955530083	0.00019315151340956128
55451.32419372499	1.0000408458453984	0.0001919988367638545
55451.34462686515	0.9999655968142065	0.00019227937526675567
55451.38549314477	0.999851445689655	0.00019206037477494383
55451.405926384235	0.9999325316820254	0.0001921492279093756
55451.426359423225	0.9999777747414067	0.00019203468393677305
55451.44679256222	1.000017368635612	0.0001920534396622882
55451.46722580075	1.0000240343519928	0.00019272660667042415
55451.48765883905	0.9998491510637505	0.0001921553350487579
55451.50809197688	1.000037649623378	0.0001927671392500348
55451.528525214715	1.0004096649678829	0.00019205757716372323
55451.56939138921	1.0002497252671714	0.00019283555093646817
55451.61025766254	1.0000561010025861	0.000192373302147453
55451.63069079898	0.9999437969457792	0.0001924625382261059
55451.65112403495	1.0000778489573539	0.00019209837951393263
55451.691990206185	1.0004010917735027	0.00019244480897736015
55451.73285657626	1.0000211170174003	0.00019228761012676007
55451.75328971083	0.999801290698626	0.00019255170174293295
55451.77372284517	0.9999426989916187	0.00019215904553221658
55451.794155979274	1.000032902758619	0.00019203349552986647
55451.81458911292	1.0001915652707019	0.00019234674637527786
55451.83502224655	1.0005275603907338	0.0001924012390502531
55451.85545537973	1.0001507559307494	0.0001929367899630628
55451.875888612674	1.000082383900498	0.0001921686414653203
55451.896321645385	0.9997908558475339	0.00019224357358787426
55451.91675477762	0.9999899496908985	0.00019237227217544113
55451.93718790987	0.9999867039461807	0.00019291917695562566
55451.95762104164	1.0000969681616767	0.0001927624787241531
55451.97805407319	0.9999877117624209	0.0001921812318788882
55451.99848730427	1.0003655923836379	0.00019220451864302845
55452.01892043535	0.9998732769588428	0.0001922982228761755
55452.03935346596	0.9999024363574722	0.00019273565715791145
55452.05978669634	0.9999505308602822	0.00019304117425845058
55452.08021982649	0.9999282758425774	0.00019293526206619498
55452.100652956404	1.0002506237223612	0.00019395323693244195
55452.14151921531	0.9999572396080088	0.00019312063307065985
55452.16195244429	0.9996881032822127	0.00019525990758707977
55452.18238547304	1.0000683307453397	0.00019337121578090336
55452.20281860155	1.0000880330323003	0.00019258546322995548
55452.22325182961	1.0000460999112786	0.00019209722711321703
55452.24368495743	0.9998159389831858	0.0001920284774872148
55452.26411798525	1.000205848913168	0.0001929938550797655
55452.28455121237	0.9998104255201615	0.0001920305552260728
55452.30498433949	1.0001827535251677	0.00019218185520358865
55452.32541736637	0.9995372738342119	0.00019206560521376325
55452.3458505928	0.999916610089115	0.00019209219076393085
55452.36628371899	1.000328010248947	0.00019207943855015163
55452.38671674495	1.000034662321291	0.00019220383596353356
55452.40714997067	1.000078552998767	0.0001952654834530124
55452.42758309593	0.9999928982263617	0.0001920513631946461
55452.44801612095	0.9999251003117142	0.00019247947429858937
55452.46844934598	0.9998590039231441	0.00019208439551669448
55452.48888247031	0.9998483409566079	0.00019202714126474819
55452.50931549464	1.0000844329323313	0.0001920480978648546
55452.52974871873	0.9998801938707571	0.0001921877608639359
55452.55018184236	1.000108367749768	0.00019212690500183336
55452.57061506575	1.0001570216836009	0.0001926463472286976
55452.591048088914	0.999610735311319	0.00019328273322038322
55452.61148121185	0.9998664464575945	0.0001921093333536812
55452.631914334306	0.9998392253164111	0.00019324788284984847
55452.65234745677	0.9997493949476981	0.0001940198518082011
55452.672780578774	0.9999615179641888	0.00019211859875268997
55452.693213700535	1.0001637980115765	0.00019205451850130286