56211.821418510895	1.0003133752917952	0.00019016384591584594
56211.841851544996	0.9999588328736398	0.00018662237686041725
56211.8622844791	1.0002380904170525	0.0001866824065599791
56211.882717512744	1.0000125675465834	0.00018631622842858972
56211.90315034638	0.9999968622580844	0.00019150239392133714
56211.92358327955	1.0001006223591704	0.0001890490909352804
56211.94401631273	1.000007516815399	0.0001889991797729232
56211.96444914543	0.999936259015606	0.000187113308100995
56211.98488207814	1.0000254043372332	0.00019253165878687316
56212.005315110386	0.9999788066544318	0.00018819162196111097
56212.02574794262	1.0000792331841042	0.0001886275786569439
56212.0461808744	1.0003391502952232	0.00018785652168388302
56212.06661380618	0.9997786053949624	0.00018632985854339713
56212.087046737484	0.9997731619191499	0.00018775539592612615
56212.1074797688	1.000248282479163	0.00018687654099608757
56212.127912599644	1.000146360086326	0.0001862944572529251
56212.14834553025	0.9996516748748578	0.00018623224907677823
56212.16877856087	1.0000927477670214	0.00018630260324380507
56212.189211491015	1.000334146844317	0.0001863171453107936
56212.209644321156	1.0001486504019772	0.00018629892913768197
56212.23007735084	1.0003747728891679	0.00018695974432786627
56212.25051028029	0.9999414336447376	0.0001872261875808961
56212.27094310973	0.9996035770611071	0.00018767920341624644
56212.29137613872	0.9998157832065894	0.000187480589308323
56212.31180906747	1.0000505261829427	0.00018852952593774794
56212.332242096214	0.9998808801184419	0.00018792996225314965
56212.3526749245	1.0001921423588946	0.00018703185551051564
56212.37310785255	0.9996617181987311	0.00018972584577005487
56212.3935408806	1.0000875628576738	0.00018635555397739147
56212.413973708186	0.9999871757507709	0.0001934534507970992
56212.43440663554	0.99980332925639	0.00018626710263448828
56212.45483966289	1.000287854900423	0.00018844742788659937
56212.47527248978	0.9994505915863049	0.0001928346490004686
56212.49570541643	0.9999982410917645	0.0001862451334074307
56212.51613844285	0.9999611022645358	0.00018891549307089507
56212.53657126927	0.999803944351846	0.0001867213541315985
56212.55700419523	1.0002381894218875	0.0001913302500693219
56212.618303071926	0.9997577035289645	0.00018623703359486968
56212.659168921746	1.0000920058569287	0.00018700411183647083
56212.6796018463	1.0001080442298311	0.00018775934998091194
56212.70003477086	0.9997670195574381	0.00018812703772288909
56212.720467694955	0.9996613170973043	0.0001867723398776132
56212.74090061881	1.0001103058734788	0.0001862375640042682
56212.76133354267	0.9999788250788549	0.0001867753350718489
56212.78176636607	0.9998238362173594	0.00018735052545984577
56212.802199389225	1.00008197641593	0.00018623769951725422
56212.822632312156	0.9998979590253125	0.00018623251316533083
56212.863498157545	1.000084662365476	0.00018633233475525283
56212.88393107978	1.0000967969141874	0.00018645034434085393
56212.90436410178	1.0001585570041354	0.00018658090093789318
56212.92479692377	0.999829593456912	0.00018731605675853543
56212.9452298453	0.9998466997236538	0.0001880159778344359
56212.986095687666	0.9998362003740078	0.00018660632703133926
56213.006528608734	0.999601521311797	0.0001864349812062839
56213.02696162934	1.0000771373933026	0.00018654317282757154
56213.0473944497	1.0002766003140018	0.00019117401101715427
56213.06782746984	1.0000867474181652	0.0001870080214639605
56213.08826038997	1.0003227613509318	0.0001878395408845504
56213.10869320964	1.0000134479796685	0.00019381768255293747
56213.129126229076	0.9999925426304295	0.00018633634854227477
56213.149559148515	0.999827982440444	0.00018822464090752775
56213.16999206748	0.9999451119986311	0.00018669920566910346
56213.19042498622	1.0001647981781274	0.0001871981438740886
56213.21085790496	0.9999654319028668	0.0001941784257484245
56213.23129082323	0.9997620752037284	0.00018963849696420457
56213.25172374127	1.0002298473552156	0.00018859107043870809
56213.27215665931	0.9999977224541295	0.00018727799846369266
56213.29258957688	0.9997518277045685	0.00019435605041447318
56213.333455411565	1.00003286670784	0.00019147919887041394
56213.353888428435	1.0000703964124522	0.00018719098568903812
56213.37432134508	1.0000092107825769	0.00019110245186794808
56213.39475416172	0.9997982801374828	0.00018657539659382494
56213.415187177896	0.9998852216120306	0.0002063246381172236
56213.435619994074	0.9998447910224679	0.00019186806907085387
56213.45605290979	1.0000010656287714	0.00018706683930789088
56213.47648592526	0.9998613105180679	0.00018743815401653453
56213.49691874074	1.0000778161766872	0.00019412824742386347
56213.517351655755	0.9995337672742197	0.00018802214497890668
56213.53778467076	1.0000314456861525	0.00018895002554218624
56213.55821748531	1.0002848340040054	0.00018838411324481545
56213.578650499854	0.9998414951408086	0.0001871324034027446
56213.59908341394	1.0004563728819993	0.00018896904463326476
56213.61951622802	1.000337896446236	0.00018795205073875295
56213.63994924164	1.0001609011302637	0.0001863183410740151
56213.66038215525	1.000188847058596	0.00018663987734648808
56213.701247981546	0.9997149886591203	0.0001884856605479633
56213.72168089423	0.9996043298474382	0.0001887290463096554
56213.74211380692	1.0001679593862938	0.0001912573903349328
56213.76254671937	1.00019430075626	0.00019458398308740357
56213.78297963135	0.9999287329576255	0.0001927320378036705
56213.80341254334	0.999455422173924	0.00019674335618863456
56213.84427836638	0.9998129828365059	0.0002012865653233762
56213.86471137767	0.9998344011180077	0.00018905467790074592
56213.885144288484	0.9998258119844485	0.0002075029295598575
56213.90557709931	0.9998948793846383	0.00020711997412396315
56213.9260101099	0.9997218314491011	0.0001970055861556951
56213.94644302025	0.9997733061228918	0.0002148173940213099
56213.96687583014	1.0001297812879393	0.0001930198671092879
56213.987308840035	0.9994399243762241	0.0002006124428021978
56214.00774174969	1.000077651101919	0.00021063039550892708
56214.02817455911	1.0000563834701042	0.00020352424423186575
56214.04860756831	1.0001525459237186	0.00019412791494643792
56214.08947338576	1.000024647098262	0.00020329227133050393
56214.10990629425	0.9999720947413607	0.00020509834615702318
56214.13033920251	0.9998931489338199	0.00020852775577290156
56214.15077211054	0.9998517270847325	0.00018838067655746826
56214.171205018334	1.000283087730318	0.00020552562990719552
56214.19163782589	0.9998871774455601	0.00019482887024040475
56214.21207083322	1.0001140232435857	0.00019011379019877808
56214.23250374032	1.000173049797097	0.00020832943174964937
56214.25293664718	1.0001589564267264	0.00018636781625262772
56214.27336955381	0.9999574730601717	0.00020294375085978022
56214.29380246021	1.0000606825149412	0.000207007349643956
56214.31423536637	1.0003583622769394	0.0001896637322897451
56214.33466827254	0.9998171937295331	0.000201911874755888
56214.35510117824	0.9998114305774549	0.00018649080377991306
56214.3755341837	1.0003480803378644	0.0001920831294494558
56214.39596708894	0.9997856797805725	0.00020262580169374576
56214.457265803474	1.000169407976432	0.00018670682744235226
56214.47769860778	1.0000633495973474	0.00018782133662999093
56214.498131612076	0.9999803198582079	0.00018824848873294305
56214.518564515914	0.9998470062330351	0.00018689330767192178
56214.53899731952	0.9996496902967899	0.0002199576797099191
56214.55943032312	1.0000601296530334	0.00019250179157595602
56214.57986322626	1.0002259440139933	0.00019556770541565968
56214.62072903207	1.0005011273459994	0.00019497405663566403
56214.64116193474	0.9997826451357932	0.00019278701565217434
56214.661594936944	0.9998545634217909	0.00018716120120869988
56214.68202773915	1.0000048821434735	0.00018627111385600886
56214.702460640896	0.9999572843609945	0.0001898272127944212
56214.72289364264	0.9993445193271064	0.0001875441030867411
56214.74332644414	1.0002016299837024	0.00018725116819598382
56214.76375934519	1.0003439704041042	0.00018667859564746307
56214.784192346226	0.9998290272175209	0.0001862679705126826
56214.80462514704	0.9998496584076275	0.0001865321321320533
56214.82505814762	1.0000804929953468	0.0001889015364580323
56214.84549094773	1.0002572343542941	0.00018742073842482217
56214.865923847836	1.0000696293144231	0.00018676178656137348
56214.88635684772	0.9998291204763823	0.0001877554151469294
56214.90678974736	0.9999250870848675	0.00018626384652699029
56214.947655545955	0.9999402832153385	0.00018626049285572362
56214.968088444904	1.0000987188513142	0.0001880445421442623
56214.98852124361	0.9999480973398671	0.00018912563085266037
56215.02938714034	1.0000980074025225	0.00019180066173732582
56215.04981993859	1.0001366402949614	0.00018628457128412146
56215.07025293638	1.0002674178158617	0.00018777181981613822
56215.09068583392	1.0000017713436593	0.0001920180907236227
56215.13155162856	1.000189769937537	0.00019218343611109666
56215.15198452541	1.0000206585042997	0.0001873085595826718
56215.17241752203	1.0001141057829581	0.00018645528531123848
56215.19285031865	0.9998100371185117	0.00018649501795242908
56215.2132832148	1.0002330822345504	0.0001887579402333995
56215.233716210954	1.0000432622763107	0.00018640707895561628
56215.25414900664	0.9998785400815573	0.00018636473284674288
56215.274581902326	1.000411348562328	0.00018645303643332546
56215.29501489755	0.9997813315824535	0.0001896599903828121
56215.315447692774	0.9995786694521331	0.00018677103634949312
56215.33588068776	1.0003678161003837	0.0001899464050202306
56215.356313582284	0.9995961654791052	0.0001866728656501805
56215.37674647681	0.9998352375333689	0.0001862540569093286
56215.397179371095	0.9996822678193297	0.00018898306143315868
56215.417612265155	1.0003050454872413	0.00018691888208645835
56215.43804515898	1.0002906184072076	0.00019580403035982414
56215.45847805234	1.0000876848361846	0.00018660012276404555
56215.4789109457	0.9997569452489286	0.00018664996591720068
56215.49934383883	0.9998218520388525	0.00019253518853043798
56215.519776731715	1.0000418385745797	0.00018628303577661106
56215.54020962438	1.0001583414917594	0.00018970534867963844
56215.56064241704	0.9999182878288141	0.0001864698336430986
56215.58107540923	0.9997161823870206	0.00018775454791976568
56215.601508301195	0.99994186984863	0.00018705831935569844
56215.62194129292	1.0000152415413435	0.00018628372460580416
56215.64237408465	0.9999329572240032	0.00018627221822600933
56215.66280697592	1.0001927464976603	0.00018645322381355772
56215.68323996695	1.0001244292104872	0.00018676059846806366
56215.703672757976	0.9999673489510273	0.00018717784898160793
56215.72410564854	1.000110430814129	0.00018655244396318464
56215.744538639105	0.9999637248179629	0.00018693805816178785
56215.764971429206	0.9999632181210464	0.00018964679429200141
56215.78540431931	0.9997879648669767	0.00018772075970676112
56215.80583730918	1.0002592145221347	0.00019541188619413833
56215.82627009857	0.9998194486308001	0.00018745258034004418
56215.84670308798	1.0000208791558878	0.0001867633946041351