55830.22427875483	0.9999194820914503	0.00019757176488644515
55830.24471180326	1.0001903935934067	0.00019866271035691983
55830.26514485145	1.0001576596240436	0.0001971589368193373
55830.285577999406	0.9998999701159232	0.000196972914865616
55830.3060109469	1.0000870331974827	0.00020035550742450575
55830.326443994396	1.00021281501905	0.00019781561162322245
55830.34687714142	1.0001460584445632	0.0001960663674446205
55830.367310088215	0.9997891721795287	0.00020087497304621581
55830.38774313478	0.9999948178877681	0.00020039718990928247
55830.408176281104	1.0000649110121484	0.0001958421127868938
55830.4286092272	0.999645694688654	0.0001957806716428191
55830.449042272834	0.9999639094350192	0.00019681900102847945
55830.46947541846	0.999769219015487	0.00019741799382499124
55830.48990836363	1.0003912309438627	0.0001967330418312995
55830.51034140856	1.0000853630867539	0.00019653941411479432
55830.530774553255	0.999703111696373	0.0001960914938468394
55830.55120749772	1.0001557641956458	0.00019658557265203643
55830.57164064195	1.000348790935838	0.0001958706395028592
55830.59207368572	1.0003785308010666	0.00019610954857066193
55830.61250672949	0.9999306627317316	0.00019582586571759579
55830.6329397728	0.9999993694805054	0.00019882521636176904
55830.653372816094	0.999704790757589	0.00019732848515419083
55830.67380585893	0.9999854990026346	0.00019625833108576025
55830.69423890153	0.9999947879503377	0.00019762321388008857
55830.714671943904	1.0000325593683161	0.00019604415689161885
55830.73510498581	1.000162208989136	0.00019650553140545098
55830.75553802772	0.9998213240863202	0.00019584779830650027
55830.77597106915	0.9999492054366501	0.00019912489978386578
55830.796404010594	0.9999869350572264	0.0001959148967711287
55830.816837151564	0.9998810398626174	0.00019616369177833976
55830.83727019231	1.0001554846821166	0.00019705444096789366
55830.85770333282	0.999816733264381	0.00019588319836939152
55830.878136273095	0.9996340426675578	0.00019639248649129455
55830.8985693129	1.0003042730214375	0.00019619009567613862
55830.91900245271	0.9997932378383902	0.00019717440275018023
55830.93943539205	1.0000303269118793	0.00019578668497289992
55830.9598684314	1.000011229174219	0.0001960303674573599
55830.98030157028	1.0002221241707838	0.00019637907802342528
55831.000734508925	1.0000934572904892	0.00019730541886031435
55831.02116754733	1.000083626374276	0.00019591992149783742
55831.041600685516	0.999828983114359	0.00019589440459617165
55831.062033623224	0.9997923885258038	0.00020260857167207414
55831.08246666094	1.000041587847916	0.0001961702010726799
55831.10289979819	1.0001485193659079	0.0001959410263136807
55831.1233328352	0.9997891538518001	0.0002005282585983166
55831.16419890877	1.0000834438632904	0.00019590113721846603
55831.184631945085	1.000066130596595	0.00019614253412409983
55831.20506498094	1.000041808469929	0.0001966324054353545
55831.22549801679	1.0001798262899237	0.00019615803438202215
55831.24593105217	0.9999834802989895	0.00019739003845763088
55831.286797122484	0.9999413286070931	0.00019648752587413234
55831.30723015717	1.0001198585595654	0.00019578594487275664
55831.327663291624	0.9997423968580212	0.00019594979983129292
55831.34809622585	0.9996544072806013	0.00019726815921147187
55831.36852925983	1.0001091035746867	0.00019614529354637061
55831.38896239359	0.9998434638885794	0.00019663156505231392
55831.40939532688	1.0001417437120597	0.0001970422385441372
55831.42982836017	0.9999104320511119	0.0001960696052984955
55831.450261392994	1.0000789589528267	0.00019644650826325085
55831.47069442559	0.9999499029430193	0.00019595440772409348
55831.49112745794	0.9999855743469956	0.00019779601288423667
55831.51156049007	0.9998965527691667	0.00019645767691378314
55831.53199352197	0.9996837248089335	0.0001960062576970057
55831.55242665362	0.9997827789529194	0.00019952513112770124
55831.57285958482	0.9997744247768809	0.00019608901798865967
55831.59329261602	1.0002747752636945	0.0001964904296202103
55831.61372574674	1.00019514157957	0.00019591185303640836
55831.63415877724	0.9999853863705821	0.00019585076065928566
55831.654591707505	1.0001305371007498	0.00019710531248043816
55831.67502483753	1.0001043079665604	0.00019938903725231813
55831.69545786733	1.0000322421672259	0.0001964416793539227
55831.7158907969	0.9999105126427703	0.0001965489593147625
55831.736323925994	1.000119132722897	0.00019675478295955192
55831.77718988373	0.9998605992208955	0.00019588013108285716
55831.79762301213	1.0000411929131543	0.0001985514773640313
55831.81805604053	0.9999806237395388	0.00019901929027915332
55831.85892209593	1.0000532233176904	0.00019656071435369404
55831.879355123405	1.0000848228331838	0.00019581474012682167
55831.89978825064	1.0000999165670241	0.00019761962542736922
55831.92022117741	1.0001684783245324	0.00019609854073459845
55831.94065420418	0.9998286216719757	0.00019575694985573394
55831.98152025656	0.9999180622334968	0.000199969627073248
55832.0019532824	1.00015886164288	0.00019658935005654362
55832.022386408	0.9998716998914189	0.00019702438981881329
55832.04281933338	0.9998784957684523	0.00019635660681746882
55832.06325235852	0.9998066472623934	0.00019578169487583907
55832.0836853832	0.9997321447332318	0.00019600160911683256
55832.12455143208	0.9994712116586857	0.00019604109903941015
55832.14498455629	0.9996579028183362	0.00019747867276998795
55832.165417480035	0.9999169921636467	0.0002000084364138252
55832.18585060355	0.9993730956367017	0.00019623442076063035
55832.20628362683	0.9995821109106295	0.0001957857526933876
55832.22671654987	0.9995501010398149	0.00019630650699715066
55832.247149672454	0.9993834952961207	0.0001960398866584566
55832.26758269503	0.9997065540355077	0.00019912667320445035
55832.288015617145	0.9997388273675843	0.00019574715336434322
55832.30844873926	0.9996371757036406	0.00019573512445431068
55832.328881760914	0.9994261858396751	0.0001976974003077797
55832.349314682324	0.9995602495012641	0.00020159994427287314
55832.36974780351	0.99946371083032	0.00019620796133331889
55832.390180824455	0.9999511581267257	0.00019815049060923468
55832.410613745174	1.0000109350535813	0.00019643610913974387
55832.43104686566	0.9998313149731446	0.00019818281869371537
55832.45147988568	0.9999421949198053	0.0001974804548860499
55832.4719129057	1.0000290727014134	0.00020510997921317878
55832.49234592525	0.9999141589393387	0.00019728133469095464
55832.51277894457	1.0002480279942247	0.0002010618978320846
55832.53321206366	0.9996572487187941	0.0001959552112361277
55832.553644982516	0.9999691025257282	0.00020093849990638127
55832.57407800113	0.9995960102265538	0.00019793408389308468
55832.594511119525	1.0001374197610624	0.00019682774283241313
55832.614944137684	0.999880148846638	0.00020285355272482567
55832.63537705537	1.0001708514681789	0.00019786021474880672
55832.65581017306	0.9999693550360317	0.0001958589476407999
55832.67624319029	1.0002859541274334	0.00019767859069455912
55832.69667610751	0.9997231992374669	0.0001958504611135422
55832.71710922427	1.0000679327411495	0.00019625193456905657
55832.7375422408	1.0000439974666118	0.0001984708436792318
55832.75797515709	0.9998122839079238	0.00019638908062562463
55832.77840827315	1.0003388369520692	0.00019802059904078026
55832.79884128875	1.0001170670134378	0.00019956825912415772
55832.81927420434	1.0000561060315571	0.00019573387819372593
55832.839707319705	1.0003460798285781	0.00019575644219970307
55832.8601402346	1.0000703687643	0.00019669121634023176
55832.88057334926	0.9997998044231553	0.00019752721954642015
55832.90100636393	0.9999362763861356	0.00019938290082933009
55832.92143927813	1.0002566223437772	0.0001972764275703625
55832.94187239209	1.0001426032075	0.0001957461875933966
55832.962305405825	0.9997222436384612	0.00019755381914895323
55832.982738419094	1.0000471108342506	0.00019929999313501417
55833.003171432356	1.0002737606983523	0.0001995207023161294
55833.02360444539	1.0000211469045155	0.00020102619343645794
55833.04403745796	1.0003502192488376	0.0002001473342633233
55833.06447047053	0.9999473220141722	0.00019569658117583446
55833.08490348263	1.000064299040774	0.00019755420091589586
55833.105336494504	0.9996955767627901	0.00019677934258642592
55833.12576960614	0.999888123122948	0.00019690328814047143
55833.14620251754	0.9998205570012346	0.0001990742141310683
55833.16663562872	1.0000602235354117	0.0001982326100734225
55833.18706863965	0.9999716975050973	0.00019691393772896385
55833.207501550125	1.0000166741200025	0.00019722258247862094
55833.227934660594	1.0002974675039342	0.00020340914461294384
55833.2483676706	0.9997890814927848	0.00019731735265717941
55833.26880058061	0.9997496320130845	0.00019787336549176963