55257.833646247265	1.0002775343909116	0.00020812268056930893
55257.854080166246	0.9999825973848688	0.00021050224620959034
55257.87451428569	0.999974464290583	0.00021208569317200066
55257.89494830525	0.9998984932221855	0.00021614809108904876
55257.91538222528	0.9998977882431692	0.00021164867317336182
55257.93581634554	0.999982107170669	0.00021162881956493984
55257.95625036603	1.0002372305433949	0.0002123120026228669
55257.97668428687	1.0001139336740346	0.00021209326037585388
55257.997118408064	1.0000728451918974	0.00021041093698987847
55258.01755242948	0.9999608546832723	0.00021170583341558318
55258.03798635114	1.0003048451579355	0.00020969756247664185
55258.05842037315	0.9997990016976849	0.00021088916438961097
55258.0788544955	1.0006946645222006	0.00020933763944752518
55258.09928851809	1.0003319983617243	0.0002087450105896576
55258.11972244103	1.0000933070980325	0.0002085995050924071
55258.14015656419	1.000147632238503	0.00021045246682193592
55258.160590587715	0.9997285620458841	0.00020849844393544995
55258.181024511585	1.000100062203956	0.00020644888958192706
55258.20145863568	0.9998881311346669	0.00020744230878672894
55258.22189266002	0.9997047662965316	0.00020848263901067246
55258.2423265847	1.0002278821230488	0.00020623136645369058
55258.26276070973	1.0007358444943202	0.00020799828358703185
55258.28319473488	1.0002116184274117	0.00020759815598353279
55258.3036286605	0.9997861489786775	0.0002067182806549282
55258.32406278634	0.9999058614524041	0.00020721164172432567
55258.34449681254	1.000381648938585	0.0002065678945165276
55258.36493073897	0.9997184401510013	0.00020610317171413089
55258.385364865746	0.9997889775530001	0.0002060690755620992
55258.40579889276	1.0003170541844963	0.0002062534175987346
55258.426232920116	0.9995813280545758	0.00020584620592022757
55258.44666684771	1.0000359021981111	0.00020598789456143332
55258.46710097566	0.9996592106753861	0.0002058254760840428
55258.487534903834	1.000028873707163	0.00020587601809231906
55258.52840306123	1.0002232587338977	0.0002057370200292237
55258.54883699034	0.9997557121147213	0.0002060855186259999
55258.569271019674	0.9998147728459266	0.00020728593413856517
55258.58970514937	1.0002381403013798	0.00020563011476722678
55258.61013907941	0.9996607756241682	0.00020589139931082191
55258.63057310967	1.0000616862196159	0.00020742896610712535
55258.67144117115	0.9997025408727067	0.00020573138815144413
55258.71230933379	1.0004569495802942	0.0002059949426037814
55258.73274326546	0.9996495285452082	0.000206382948674902
55258.77361142984	1.0000824032014224	0.00020620943004026387
55258.79404546255	1.0001274253829555	0.0002058515681906089
55258.81447939538	0.9997126288410092	0.0002068779176425109
55258.834913428684	1.0001139985943888	0.00020653538913924685
55258.85534756222	1.0000405023495464	0.00020651237843621816
55258.875781495975	1.0002393864586856	0.0002065432037525877
55258.89621553009	1.0000666553805369	0.0002067055654033526
55258.91664966443	1.0001564235304587	0.0002062955610167017
55258.93708359913	1.0000052546009588	0.0002065193443821121
55258.957517634175	1.0001324086384349	0.00020911049595801747
55258.99838570496	0.9998631775138854	0.0002057030747594457
55259.01881974082	0.9996660417203705	0.0002068448632245968
55259.03925387691	1.0000403787361	0.00021222839418522617
55259.05968781335	0.9997887709399187	0.0002070555032417296
55259.080121850144	0.9999644890088961	0.00020692168248708819
55259.12099002454	0.9997892585194816	0.00020820363439068144
55259.141423962144	0.9996782944793441	0.0002071745047632682
55259.16185809998	1.0000996183112933	0.0002157761835467556
55259.18229213817	0.9996959268626463	0.0002073181695369272
55259.202726076706	0.9999808233934424	0.00020744776867280288
55259.22316011548	0.9995401182533876	0.00020894543056542483
55259.24359415459	0.9998059903543473	0.0002105034683977549
55259.264028193946	0.9998876380008035	0.00020893370860640097
55259.28446223353	0.9999364717558772	0.000211507353158873
55259.30489627358	0.9996774940368001	0.0002078121509133806
55259.325330313746	0.9999168742440294	0.00020790762416332602
55259.366198395124	1.000018213057971	0.00020804721194256462
55259.386632436224	1.0002875453024003	0.00020960144706195
55259.42750051935	1.0002656956250966	0.00020966277079970545
55259.44793456138	0.999655375580562	0.000205828311702232
55259.468368603644	1.0002401062709814	0.0002081318218178034
55259.48880264625	0.9998633915806173	0.0002087417728172888
55259.5092366891	0.9998691529883552	0.0002084574506432117
55259.529670732176	0.9998475760715033	0.00020933697057867276
55259.550104875714	1.000199207305367	0.00020909199891123247
55259.570538819375	1.0000436635674421	0.00020700605039430258
55259.5909728635	1.0002017512639227	0.0002086862883747709
55259.61140680774	1.0000740949963087	0.0002067862087208453
55259.63184095245	0.9997211251511465	0.00020880605491254382
55259.65227499727	0.9996056464622551	0.00020877146867401782
55259.67270904244	1.0000210593078291	0.00020883133668976662
55259.69314308796	0.9999009103689924	0.00021113991174570576
55259.71357713372	0.9999597801044431	0.00020887133144942472
55259.73401117982	0.9994670087317477	0.00020886614708568214
55259.75444522616	0.9998624593370254	0.00020970558862746643
55259.774879272845	0.999773224015299	0.0002089085251635484
55259.79531331976	0.9998544806747577	0.00020893817438116718
55259.81574746703	0.9997329230656934	0.00020938812728823694
55259.83618141453	1.0000230637070677	0.00020896533132010262
55259.85661546226	0.9999014841863654	0.0002102624114122162
55259.91791760744	0.9997701872956148	0.00021002181998785245
55259.93835175646	0.9995860467682447	0.00021053168246964055
55259.958785705705	0.9998850115443378	0.00020885957169761418
55259.979219755296	0.9997762593654048	0.00020932287456542226
55259.99965380513	1.0000464879860922	0.00021140170614224822
55260.020087855184	1.000014934681444	0.0002088095015812089
55260.0405219056	1.0004298221332446	0.00020962352533000918
55260.12225801015	0.9997822002369874	0.00020882139494958897
55260.14269216207	0.9995629759961936	0.0002085272325482121
55260.16312621423	0.9997812744003427	0.0002106615636487804
55260.183560166624	0.9998682767098693	0.0002072513299074799
55260.20399431937	0.9998511465503381	0.00020771560194020262
55260.22442837245	0.9998188427881634	0.0002074395379680846
55260.24486232577	1.0000507605528723	0.00020598606697543604
55260.26529647932	0.9998641347678742	0.0002094821716513575
55260.28573053323	1.0004298885989327	0.00020731163207059742
55260.30616448737	0.9999841119640656	0.00020559622091222715
55260.326598641856	1.0000193522572907	0.0002059274732505946
55260.34703269657	1.000051646393329	0.000205824178766922
55260.36746675164	1.0001269818923968	0.00020682548141771523
55260.38790070694	0.9998585998150722	0.00020663819407797714
55260.408334862586	0.9998733083745546	0.0002076930221957249
55260.42876891847	1.0001967170235444	0.00020802018874742663
55260.449202874704	0.9999153680503434	0.00020725522348675386
55260.469637031165	1.0002355907762706	0.0002074209376948022
55260.49007108798	0.9994994248810976	0.00020623174948314964
55260.51050504503	1.000106769930023	0.0002083822541083431
55260.53093920242	1.0000384519313819	0.00020683111850408885
55260.55137326005	0.9999290141920547	0.00020641455670805274
55260.571807217915	1.0003282058138583	0.00020584543384822166
55260.59224137612	1.0000403315837618	0.00020775199067403906
55260.612675434684	0.9997781732053812	0.00020953053618389452
55260.63310939348	0.999890034524309	0.0002092503050909595
55260.67397761188	1.0001556384931138	0.0002080037289549415
55260.69441167149	1.0003320794053367	0.00020654133608658898
55260.71484573144	1.0001603777712786	0.0002085803591670251
55260.73527979163	1.0001604389790146	0.00020669012456759828
55260.755713852166	1.0000724922676474	0.00020661668476943564
55260.77614781294	1.0005576730905568	0.0002063359523554135
55260.796581974064	1.0000520833863429	0.0002061435424503234
55260.81701603542	1.000031173590889	0.00020627253188327518
55260.83744999712	1.0002535323941828	0.00020617628511346463
55260.85788415906	0.9998741531219759	0.00020602025371390338
55260.87831812123	1.0002408739552897	0.00021186749452362344
55260.89875218374	0.9998904054286836	0.0002718884908931364
55260.91918634661	1.0002410973122275	0.00020841953047566228
55260.93962030971	0.9997796989376644	0.00021211421227027992
55260.96005437304	0.9998399108053382	0.0002057013120644434
55260.98048853673	1.0002666869008285	0.00020742967228728175
55261.00092250064	0.9998975258964715	0.00020579632700997396
55261.0213565649	0.9997333792313269	0.00020565290984571205
55261.0417907294	0.9999074455258544	0.00020992119518818138
55261.06222479425	1.0001863723124078	0.0002061929795237847
55261.10309292476	1.0002241343472513	0.000209498014616802
55261.123526990414	0.9996660050144681	0.00020598062363359762
55261.143960956426	1.0000292709445158	0.0002059850545868988
55261.16439502267	1.0002945826884129	0.00020802268811603787
55261.18482918915	0.9998326005900791	0.0002067294644665459
55261.20526315597	1.000057922015866	0.00020586318276597545
55261.22569722303	1.0001922505709864	0.00020939029524568651
55261.246131390435	0.9999434602127943	0.00020666152842924816
55261.26656535808	0.9997150343776735	0.00020594635427708717
55261.28699942607	0.9999586832339178	0.00020773499361984268
55261.307433594295	0.9998554839029055	0.00020765513232493804
55261.32786756286	1.0001051265071892	0.00020587642110877138
55261.34830163167	1.0000363443679132	0.00020587145360121157
55261.3687358007	1.0000317252105138	0.00020659888819497287
55261.38916987009	1.000037354994327	0.00020584795980236925
55261.40960383983	1.0002371340744123	0.00021053381489280953
55261.4300380098	0.9999715960571283	0.00020621031822520304
55261.450472079996	1.0000055812209907	0.00020758373246066502
55261.49134022133	1.0001518063701906	0.00020572398841739136
55261.51177429246	0.999835028559223	0.00020891457069043684
55261.53220826383	0.9998479256704589	0.00020805806634664279
55261.55264233543	0.9998080571691579	0.00020623581499081554
55261.573076507375	0.9996293386279316	0.00020881007759094878
55261.59351047967	1.000126429283728	0.00020642704997013021
55261.6139445522	1.0001105690657972	0.00020723591193826883
55261.634378724964	1.0002378183439182	0.0002111708788053695
55261.65481269808	0.9998715159914418	0.00020926065111419347
55261.675246771425	0.9998369034674908	0.00020679341651648456
55261.695680945	1.0000510136342797	0.00021043264688323684
55261.71611491893	1.0001956955553752	0.000208459197386947
55261.7365489932	1.0000378317914886	0.0002092308998923067
55261.75698316771	0.9999538692457662	0.0002107811502387942
55261.77741714245	1.000072136074194	0.00020888407334870892
55261.79785121755	1.0003161648721393	0.0002103679186554069
55261.81828539287	0.9999850373450181	0.00021250678178923667
55261.83871936854	1.0000331644194578	0.00021660975307073068
55261.85915344444	0.999877297178575	0.00021454107186385038