56307.36521181769	0.9990927224869939	0.0006244137472857906
56307.38564463783	0.9999244302381998	0.0006244828887826868
56307.40607765813	1.000340475746685	0.0006244740824284614
56307.426510578676	0.9997937137864967	0.0006244832734936674
56307.44694339945	1.0001145769205213	0.0006245933784766578
56307.46737642046	1.0010906333595904	0.0006250390976621687
56307.4878093417	1.0000461854251248	0.0006245595981864267
56307.508242163174	1.001074065564859	0.0006246881445485212
56307.52867518482	1.0000265009415557	0.0006245859451100926
56307.54910810676	1.0003089933386948	0.0006246343838833987
56307.56954102893	1.0009449286236756	0.0006246577233266103
56307.58997395128	0.9998485526494519	0.0006245657810956752
56307.61040687386	0.9994962029593323	0.0006245266069257066
56307.65127271977	1.000391734657993	0.0006245271777098991
56307.67170564305	1.0005183653142073	0.0006245655838399457
56307.69213856656	0.9992612122781928	0.0006244030829568958
56307.71257149031	1.0000567010968302	0.0006244501648827913
56307.73300451428	1.0013444515710233	0.0006244868600664945
56307.75343733849	0.9999111477890275	0.0006243224096466468
56307.77387026293	0.9996600478382439	0.0006242560733989975
56307.79430328761	1.0007849931686237	0.0006243576910275317
56307.814736112516	1.0007653465903812	0.0006242994544838293
56307.8351690376	0.9993492555655369	0.0006241445142075207
56307.85560206297	1.00050707931864	0.0006241904400989592
56307.87603498858	0.999464275303225	0.0006241882285122343
56307.89646781441	0.9998912391103373	0.0006240976595773435
56307.91690084037	0.9995490361283526	0.0006240241081346159
56307.93733376668	0.9989753812548172	0.0006239531409843535
56307.95776669321	1.000687644064008	0.0006241221311165915
56307.978199619865	0.998745889550337	0.0006238274243251628
56307.99863254687	0.9995669351823154	0.0006238786799301384
56308.0190655741	0.9989860179160671	0.0006238315850172525
56308.03949840146	0.9998568434977182	0.0006238505192313179
56308.05993132916	0.9997327016277906	0.000623828886945581
56308.080364356974	0.9987556058045924	0.0006237335175285096
56308.10079718514	0.9998745605896291	0.0006238532255370379
56308.12123021355	1.000623746038116	0.0006238883847083518
56308.14166314206	0.9992040565371861	0.0006236833699805848
56308.162095970925	0.9984232899539316	0.0006236417537250557
56308.18252899991	0.9979683430341569	0.0006235249762711067
56308.20296192924	0.9978022484511486	0.000623520337698344
56308.22339475869	0.998494529515128	0.0006235426482590694
56308.24382778837	0.9983865994583443	0.0006235997542022215
56308.264260618394	0.9977823991829392	0.0006234656664988174
56308.28469354854	0.9987527375980402	0.0006236500034717495
56308.30512657904	0.9998270454392701	0.0006237126625291496
56308.32555940965	0.9994018225173646	0.0006236886667850114
56308.34599244061	0.9991338670852888	0.0006237066495474552
56308.36642537169	0.9999251808635014	0.000623790385278128
56308.386858303	0.9999882893386324	0.0006237898210297645
56308.40729123466	0.9997990535281218	0.0006238804399297797
56308.42772416644	1.0001493648964976	0.0006238771109842512
56308.44815709844	1.0008670659709908	0.0006239199425770331
56308.4685900308	1.0009079925543232	0.0006243161335035234
56308.48902296328	0.9977033318894187	0.0006236460852749335
56308.5094559961	0.9989801790975283	0.000623782481515727
56308.52988892904	1.0007926827728078	0.0006241338740001575
56308.55032176222	0.9996952056222446	0.000623900412395704
56308.570754795735	1.0000908131536386	0.0006243110111434807
56308.59118772938	0.9998111048184736	0.0006239873062390373
56308.61162056325	0.9997265278335451	0.0006239722827178864
56308.63205359747	0.9992962761505906	0.0006239739517027502
56308.652486531806	1.0002347131921883	0.0006244074872323862
56308.67291936638	1.0015096790005211	0.000624530025530778
56308.69335240129	1.0010998753953813	0.0006245296511169809
56308.71378533633	1.0004003099748782	0.0006244609220312355
56308.73421837171	1.0000350629739208	0.0006244325976007314
56308.754651207215	0.9999749424471507	0.0006244260574907442
56308.77508414295	0.9994190185794394	0.0006241934273866013
56308.79551717903	1.0009982258889505	0.0006244916881368378
56308.81595001523	0.9987863480685855	0.0006243261786326684
56308.836382951784	0.9986437893612584	0.000624349049688833
56308.856815888445	1.0009064856716143	0.0006245367112657975
56308.877248825345	1.0005939700375288	0.0006245270462402549
56308.897681762595	1.0013686445132965	0.0006247008355616339
56308.91811469996	1.0003934980673725	0.0006245317309110615
56308.93854763767	1.000395488727791	0.0006245608398214653
56308.9589806755	1.0004084053396625	0.0006244817679927692
56308.979413513676	0.9999493489887684	0.0006244200409939324
56308.999846451974	1.0003287706179091	0.0006244999528171368
56309.02027949062	0.9993240971088061	0.0006243973463146572
56309.040712329384	1.0006869834544414	0.0006245111501995692
56309.06114526849	0.9986226471021096	0.0006242749040092824
56309.081578307836	1.0003195678757832	0.0006244193784360302