55811.384843938155	1.0000238837052773	0.0006105449107689784
55811.405277459344	1.0012534119429735	0.0006106674893455148
55811.4257107803	1.0005607118329292	0.0006106246956819763
55811.446144301015	0.9998854727156439	0.0006105098682413684
55811.466577721505	1.0003313315415743	0.000610573336665103
55811.50744456131	0.999318013958254	0.0006104871721926599
55811.548311299965	0.9995206363493184	0.0006105165569637306
55811.56874481905	1.0006961299870798	0.0006106358334636786
55811.60961155584	0.9997411775542753	0.0006105074344639135
55811.630045073995	1.0021448750877646	0.0006107177098138841
55811.65047849169	1.000127229930531	0.0006105266227149006
55811.67091180915	0.9998997018992567	0.0006104553193650185
55811.71177874314	0.9988950939456672	0.0006103308040162064
55811.73221205967	0.9996402166208114	0.0006103996299944291
55811.793512507626	0.9993606091145906	0.0006103104141527611
55811.81394582299	1.00016927066215	0.0006103285155848334
55811.83437923813	0.9996550171844558	0.0006102501615886348
55811.85481275302	0.9994153365902319	0.0006102062607518453
55811.89567948166	0.9994980593456549	0.0006101996014889983
55811.956979722636	0.9992002904999646	0.0006100353611703653
55811.97741323567	1.0010633116568373	0.0006101725969390897
55811.99784654824	0.9997767348865262	0.0006100271288294218
55812.018279960816	1.0001087577582262	0.0006100404805594422
55812.03871347292	1.0002417744530772	0.000610044057525972
55812.05914688479	0.9993430076019854	0.0006098711678374011
55812.079580296435	1.000474674616325	0.0006100014895578542
55812.100013707604	1.0001040891704676	0.0006099342124299742
55812.16131393973	0.9998162673031695	0.0006098067779653911
55812.18174734974	0.9983279313042928	0.0006096457801788947
55812.20218075952	0.998384604561355	0.0006095919095874549
55812.22261416906	0.9984619522348415	0.0006095816914570814
55812.243047478376	0.998505404179152	0.0006095977700367883
55812.263480987225	0.9973862486218625	0.000609426411095686
55812.28391439583	0.9982774664108393	0.0006095084499584233
55812.304347704216	0.9993985751245766	0.0006095363323989261
55812.32478121213	0.999783807583904	0.0006096001464788978
55812.365647927494	0.9995934064661254	0.0006095843089217907
55812.38608143471	0.9995327154334429	0.0006094995893631119
55812.40651484146	0.9993792120222548	0.0006094922731119198
55812.42694834798	0.999096592382098	0.000609419575556359
55812.44738165427	1.000123857895856	0.0006094791106761215
55812.467815060314	0.9994877271310689	0.0006094405504421158
55812.4882485659	1.000319495167153	0.0006094709798885916
55812.50868187149	0.9993458985079527	0.0006093405251636299
55812.529115276375	0.9999973918848071	0.0006093852771730519
55812.56998208592	1.0006386177199889	0.000609393674712291
55812.59041549011	0.9996243967990452	0.000609293114630336
55812.61084899407	0.9999473252953843	0.0006093514129498492
55812.63128239756	1.0013772553289906	0.0006094458634122605
55812.651715701046	0.9999081791742404	0.0006092696484890358
55812.672149204074	0.9992801015376552	0.0006091934456929365
55812.69258260687	0.9999455671307638	0.0006092052095840016
55812.71301590919	0.9997906266862152	0.0006091845663403671
55812.73344941129	1.0002644059412433	0.0006092004506488795
55812.753882813384	1.0000400185226812	0.0006091509112721409
55812.774316314775	0.9999685818162548	0.0006091973085531539
55812.79474961617	0.9997746455167574	0.0006091727595547409
55812.815183017105	1.0000790968368662	0.000609131735009116
55812.8356165178	1.0017629766339828	0.000609263418281773
55812.85604981826	0.9994101778263375	0.0006089709222974869
55812.876483218264	1.0000837966528011	0.0006090693734766339
55812.89691661826	0.9997099317380383	0.0006090061146604003
55812.93778331686	0.9992698059761799	0.0006089616025084202
55812.958216815925	1.002355334120698	0.0006092198505624516
55812.97865021453	0.9990388039947672	0.0006088582741784395
55812.9990836129	0.999278683446645	0.0006088626987867682
55813.01951701103	1.0002837335170731	0.0006089365416896781
55813.0399504087	1.0006542145375679	0.0006089409529488123
55813.06038380614	0.9993864127599188	0.0006088378675195266
55813.08081720334	1.0003497203640617	0.0006089077946394387
55813.10125060032	1.0004613573180656	0.0006088572225857387