56142.02064937709	1.0001766338255744	0.0006328813206220906
56142.04108327826	0.9990587054916779	0.0006327108084107615
56142.06151727896	1.000602222645327	0.0006329076809526802
56142.08195137966	1.0005508844672562	0.0006329073730914805
56142.1023853799	0.9986900025666132	0.0006326973973139871
56142.1228192799	0.9995544094140586	0.0006327555908482686
56142.14325337967	1.0010734730260107	0.0006329550977547262
56142.16368737921	0.9992904672631241	0.000632736370511977
56142.184121378516	1.0010280949794423	0.0006329433483486766
56142.20455537758	0.9992314768455777	0.0006327554338887522
56142.224989376424	1.0001818227567953	0.0006328339263206267
56142.2454234748	1.0005071763380806	0.0006328900099189763
56142.26585737317	0.9997117432605737	0.0006328298396513323
56142.28629137108	1.0006553796632918	0.0006329093816811607
56142.306725368755	0.9982386070719298	0.0006326896607821631
56142.327159366425	0.9990603064620646	0.0006327321748926534
56142.34759336364	0.9990151983924334	0.0006327355363989597
56142.368027360615	1.000453853381507	0.0006328736586653695
56142.388461357354	1.000432413722852	0.0006328850533493137
56142.40889525363	0.9999325156801794	0.0006328115416004764
56142.429329349914	1.0000487964985434	0.0006328460099477853
56142.449763345954	0.9995811046434652	0.0006327934558327781
56142.47019744154	0.9997889774160329	0.0006327764052949578
56142.49063133712	0.9993615406136448	0.0006327533507280821
56142.511065332226	1.0007089244726566	0.0006329028875094794
56142.53149942711	0.9998867143133033	0.0006328029743665315
56142.55193332176	0.9998592439577361	0.0006327953086444945
56142.592801410356	1.0007279076753262	0.0006329202584844381
56142.61323540431	1.000057353684742	0.0006328564404710093
56142.63366929802	1.0003873093767381	0.0006328500165614053
56142.65410339127	0.9998006083128004	0.0006327978727854988
56142.67453738452	1.0005961681180706	0.000632909130920893
56142.69497137731	1.0005918551461577	0.0006328825062946189
56142.71540536986	1.0007061517369822	0.00063290680844696
56142.73583936218	1.000805125201567	0.0006329096567203613
56142.756273454266	1.000608430614123	0.000632876616062969
56142.77670734612	0.9991925014556859	0.000632755639238957
56142.79714133774	1.0004830640074942	0.000632886688804947
56142.81757542913	0.9998990203281136	0.0006328283544864365
56142.83800932029	0.9994182708649594	0.0006327635892832132
56142.85844331098	0.998311145948761	0.0006326228888806646
56142.878877401665	0.9980496218535904	0.0006326079712524582
56142.89931129189	0.9978403259335908	0.0006325904173591156
56142.91974528188	0.9985278929918262	0.0006326442605917674
56142.94017937164	1.0003688281097438	0.000632865706997841
56142.960613261166	1.000157512068073	0.0006328183020661493
56142.981047350455	0.9994136973848611	0.0006327580106264698
56143.00148133952	1.000036396456443	0.0006328104941557477
56143.021915228346	1.00114645066743	0.0006329402310436147
56143.0423493167	1.0012466465849625	0.0006329586460374712
56143.06278320507	0.9998759776702654	0.0006328328845722115
56143.083217192965	0.9999754826462632	0.0006328502642070237
56143.103651280624	1.0005190102583421	0.0006328778134848635
56143.12408516829	1.0005018254211262	0.0006328630252908525
56143.14451915549	1.0011154626626446	0.000632951667162033
56143.16495324245	0.9996172372353229	0.0006327573812835335
56143.18538722895	0.9982355173457199	0.0006326362213907563
56143.20582111545	0.9994882898566614	0.0006327873098910331
56143.22625520171	1.000319688360253	0.0006328098334785659
56143.246689187516	0.9992498417013415	0.0006327127512266829
56143.26712327332	1.0011883680900002	0.0006328820104273593
56143.28755715865	0.9999392528391479	0.0006327664473658563
56143.30799114375	0.9999296035119238	0.0006327662627458054
56143.328425228625	1.0005848319740709	0.0006328296109206631
56143.348859113255	0.9984745957576052	0.0006326123119587783
56143.36929309766	1.0004134394943294	0.0006328492661150118
56143.389727181835	1.0003542730048318	0.0006327928526890876
56143.41016106577	0.9991796411438014	0.0006326365150385231
56143.43059504924	1.0007244670085638	0.0006328399529101892
56143.45102913272	0.9994577879476395	0.0006326864383875578
56143.47146301572	0.999823649968509	0.0006327224478014764
56143.491897098495	1.0011341884824598	0.0006328604257896463
56143.51233108104	0.999279228017597	0.0006326598979918624
56143.53276496334	1.0005268833901548	0.0006327716479023534
56143.55319904542	0.99968832474359	0.0006326730195863283
56143.57363302726	0.9999247024696115	0.0006327042290614907
56143.594067008635	0.9997204740419525	0.0006326869565521894
56143.614500990014	1.0002135107062669	0.0006327178272482817
56143.63493497093	0.9993432610166837	0.0006325892758680562
56143.65536895183	1.0008944026451436	0.0006327830425265886
56143.67580293228	0.9986918409857573	0.000632517676876411
56143.696236912496	1.0001202270571974	0.000632677966866755
56143.71667089247	0.9996238864461546	0.0006325961692200805
56143.73710487222	0.9998871525257318	0.0006326432044533777