56224.73518085419	1.0000210999541748	0.0005982822123008876
56224.75561365151	1.0000708556216114	0.0005982921730829396
56224.7760465486	0.9999127260057356	0.0005983468664420333
56224.796479545446	0.999594071798106	0.0005982974480108381
56224.81691244207	0.9992201292508349	0.0005983001228428726
56224.837345338456	0.999981814383841	0.0005984148984697457
56224.85777823484	1.0003587420996165	0.0005985152329521771
56224.87821113076	0.9997839458336476	0.0005984585102511278
56224.89864402668	0.9992002222296833	0.0005984115324757115
56224.919076922364	0.9993149395226354	0.0005984578761921029
56224.959942713045	0.9995477596077325	0.0005985396050292185
56224.98037560803	1.0003691517124322	0.0005986888055626146
56225.00080850302	0.9992824706266389	0.0005986121684162159
56225.021241397546	1.0003693732629948	0.0005987446533196591
56225.041674292064	1.0014438509392098	0.0005989292596618468
56225.062107186124	1.0000762333089461	0.0005988190338887497
56225.102972974004	0.9995836679166433	0.0005988119702839133
56225.1234059676	0.9992751243333874	0.0005988621788677448
56225.14383876096	1.0008550774636575	0.0005990227096251491
56225.164271654314	0.9992798024266695	0.0005988516124975916
56225.18470464721	1.0003325197866526	0.0005990218032562311
56225.205137440105	1.0014588184568982	0.0005992239492907641
56225.22557033253	1.0003438142187175	0.0005990962089240737
56225.266436117156	1.0009953851520557	0.00059927096376427
56225.28686900911	0.9999303545686086	0.0005991467304243695
56225.307302000845	1.0006207537643865	0.0005993042490397037
56225.327734792576	1.000904533490299	0.0005993391974512978
56225.348167783835	0.9993213079027509	0.0005991826122702411
56225.3686006751	1.0001132236545474	0.0005993049641201898
56225.38903356613	1.0001304295680176	0.0005993381794271294
56225.40946645693	1.0007891723319362	0.0005994577719918376
56225.429899347495	0.9997390124351109	0.0005993337741497227
56225.45033223783	1.0011457399528996	0.0005995504633212284
56225.470765227925	0.9987171279684879	0.000599277517983101
56225.49119801779	1.0001661530919976	0.0005995125096089405
56225.511630907655	0.9995970995646423	0.0005994441535582397
56225.53206389706	0.9982076759750188	0.0005992694227699392
56225.55249668646	1.000833155799135	0.0005996274444360474
56225.57292957563	0.9985496342064287	0.0005993974068207433
56225.59336256456	0.9990304696878864	0.0005994821762276905
56225.61379535327	0.9985354547730272	0.000599390421036711
56225.634228341965	0.999677016330916	0.0005995663324357043
56225.654661230205	1.0002565945898372	0.000599921255889074
56225.67509401844	0.999949966691573	0.0005996577197356664
56225.69552700621	0.9989740372434837	0.0005995624919330867
56225.71595989398	0.9987503593765763	0.0005995646829776774
56225.73639268152	0.999410340200574	0.0005996335195150352
56225.756825668825	0.9996605279292112	0.000599684792940642
56225.77725845613	0.9997360465135704	0.0005996643286495846
56225.797691342974	0.9998475957922154	0.0005997322952067653
56225.81812432981	1.0002495847393942	0.0005997436318743368
56225.838557116185	1.0012943422133593	0.0005999004163531941
56225.85899000256	0.9988533965596325	0.0005995706480626736
56225.8794229887	0.9997050226748819	0.0005997052503942614
56225.89985587461	1.0000044511955495	0.000599749664930867
56225.92028876029	0.9997119507335662	0.000599720499689087
56225.94072164596	1.0012432954316421	0.0005998968416151824
56225.96115453117	1.0007216146597202	0.0005998244498090808
56225.98158741638	1.0003013442300441	0.0005997855971629725
56226.002020301356	1.0006276205275844	0.0005998312120151929
56226.0224531861	0.9992976348407971	0.0005996364091980115
56226.04288617062	0.9993516567615788	0.0005996455464809766
56226.06331895489	1.000072530251821	0.0005997401072324577
56226.08375183894	1.000620654947143	0.0005998065146051644
56226.10418482299	0.9999565643015454	0.0005996980164479253
56226.12461760656	1.000907858015803	0.0005998099467418359
56226.145050490144	0.9990135726061089	0.0005995494953501129
56226.165483473495	1.0003423292551774	0.0005996936537893044
56226.1859162566	1.000095678110145	0.0005996629050585951
56226.20634923949	1.0000722535343392	0.0005996474792953423
56226.22678212214	1.0002329645901038	0.0005996567690829276
56226.24721490478	0.9993400427166834	0.0005995499199265204
56226.2676478872	0.9990486310605172	0.0005994626467643476
56226.288080769154	0.9996754198750797	0.0005995450927600423
56226.3085136511	0.9991545142646031	0.0005994787042037131
56226.32894653282	1.0004374412988182	0.000599623466205159
56226.34937941454	1.0008646340584129	0.0005996230782736228
56226.39024517681	1.0003722418662426	0.0005995585676415728
56226.43111093861	0.9997733802350701	0.000599450112201421
56226.45154381917	1.000043333302831	0.000599456266811626