55976.76922627773	0.9989283828232175	0.0006148390644893962
55976.78965989495	1.000347630156754	0.0006149847262952868
55976.81009331253	0.9991703075851094	0.0006148440574787322
55976.85096044862	0.9991047615233678	0.000614816110355685
55976.87139396713	1.0007668665578568	0.000614970763910567
55976.89182738599	1.0006478326190493	0.0006149533285018962
55976.91226100519	1.0004700755686275	0.0006149162641832763
55976.93269452475	1.0001504311895872	0.0006148875900002134
55976.95312804454	0.9990544402574544	0.0006147739325767925
55976.97356156468	0.9998629515501453	0.0006148247716176814
55976.99399508517	0.9992240925185737	0.000614781541050076
55977.014428706	1.0005273391571397	0.0006148988353167173
55977.034862127075	1.000841239104005	0.0006149017419918313
55977.05529564861	1.0005449167039393	0.0006148658863954242
55977.07572927038	0.9994769112295492	0.0006147762643002281
55977.0961626925	1.0006205686191036	0.0006148457016440498
55977.11659631497	0.999056438183309	0.000614753393748497
55977.13702983778	1.0007503265606617	0.0006148768520649849
55977.15746326083	0.9988892061914533	0.0006147130276568994
55977.17789688423	0.9994358971799356	0.0006148843549110877
55977.19833040798	0.9999819386127886	0.000614775380931146
55977.218763832076	1.0000469566641397	0.0006147481991859352
55977.239197456525	0.9999396274327375	0.0006147540004158619
55977.2596309812	1.0004144025513169	0.0006147969179824642
55977.28006460623	1.0000771953189131	0.0006147574624035978
55977.30049803173	1.0006824016553324	0.0006148535496455091
55977.32093155733	0.9994470039243734	0.0006147145458734539
55977.34136518341	0.9995759143954128	0.0006147294493237672
55977.36179860984	1.0006890501924004	0.0006151841677706697
55977.38223213649	0.9998423628773271	0.0006147796365989613
55977.402665763504	1.000423755352091	0.0006148065258172955
55977.42309919086	1.0004595719539746	0.0006149622066644579
55977.44353271845	1.0005381038543555	0.0006147819163211831
55977.463966246505	1.0003584223518622	0.0006147546988900297
55977.4843998748	0.9998095614421189	0.0006148914163872576
55977.50483340343	1.0001555407747116	0.0006150865309273218
55977.52526693242	0.9996504382732838	0.0006146546766610438
55977.545700361756	1.000084565753853	0.0006150462080622196
55977.56613399132	1.0002170207463779	0.0006150827830333255
55977.58656752136	0.9975588208157242	0.000614445844384898
55977.607000951626	0.9988104950651431	0.00061455873770713
55977.62743458224	0.9984019106240558	0.0006145357338668501
55977.64786811309	0.9982937221917426	0.0006145358928075169
55977.68873517595	0.9992593814163115	0.0006146096965210329
55977.70916870785	0.9991139792363704	0.0006146171364028104
55977.72960234009	1.0017684852910766	0.0006150020525080824
55977.75003577269	1.0008427478035193	0.0006151135954651085
55977.77046930552	1.0008285768621925	0.000615114814422723
55977.79090293881	0.9994621740784232	0.0006149841815339678
55977.81133637234	1.0001817264093267	0.000615073074934042
55977.83177000622	0.9995859272446237	0.0006150150034050923
55977.85220354032	1.0007132755258388	0.0006151367516529623
55977.8726369749	1.0002243114614644	0.000615072342143189
55977.89307060971	1.0001024427517566	0.0006150695237032754
55977.91350414486	0.9988280126416382	0.0006149527830046106
55977.93393758037	1.0003295085423227	0.0006150953446409048
55977.95437121623	0.9998859517275646	0.0006150395949491918
55977.974804752426	1.0000671632163463	0.0006150648006340142
55977.99523838887	1.0002313702832464	0.0006150798420576729
55978.015671825655	0.9996440096726187	0.0006150224147052119
55978.036105362786	1.0000975656642113	0.0006150635887872732
55978.05653890027	0.9992525993197642	0.0006149934634793679
55978.07697243811	0.998949516348131	0.0006149323239199834
55978.11783961459	0.9999537710171257	0.0006150356145766644
55978.13827305336	0.9997411684952565	0.0006150158479795974
55978.15870659247	0.9998308838037513	0.0006149964627546298
55978.17914013182	0.9992014542441328	0.0006149222436338417
55978.199573671634	0.9996702545065838	0.0006149719486005682
55978.22000731168	1.000093259725574	0.0006150338458404032
55978.240440852074	0.9997467682456561	0.0006149283511482015
55978.26087429282	1.0006909733661236	0.0006149927210260975
55978.281307933794	1.0007410807688557	0.000615041662431781
55978.30174147524	0.9994904067533895	0.000614917304521228
55978.32217491692	0.999866997369313	0.0006149139463175776
55978.34260855894	0.9991578973421209	0.0006148720786338074
55978.363042101315	0.9999995906735019	0.0006149177986253849
55978.40390918699	0.9999194586999274	0.0006148949480632453
55978.4243427303	1.0002171940493716	0.0006148853292620731
55978.44477637395	0.9999386491160926	0.000614862905441152
55978.46520981796	0.9995969469922522	0.000614821855029445
55978.48564336231	1.0011915892169854	0.0006149889331363766