55067.45879600896	1.0016298174771268	0.0006341046200806019
55067.47922944389	1.0007661255152993	0.0006340612844392591
55067.49966287881	0.9998986319890342	0.0006339769962105894
55067.520096213266	1.0007440386682398	0.0006341786176252509
55067.54052974726	0.9999532197253932	0.0006339720744022875
55067.56096318125	1.0009680586848886	0.0006340852994077293
55067.581396514775	0.9987406235973338	0.0006338346187233883
55067.60182994807	0.9991413668287601	0.0006342324363549679
55067.622263480895	0.9991214477458266	0.0006338538473485352
55067.642696813724	0.9996297289679118	0.00063414923521751
55067.66313024609	0.9998206047352046	0.0006342680559157725
55067.68356377821	0.9995323382708327	0.0006340484120969591
55067.70399710988	1.0002282735224515	0.0006341746578835777
55067.72443054131	1.0006584416190456	0.0006342440813522347
55067.744864072505	0.9986754938266171	0.0006339668619315064
55067.76529740347	0.9996662270647816	0.00063421590125893
55067.78573083397	1.0001779092185867	0.0006342808569715251
55067.80616426424	1.000422195312291	0.0006345304006897637
55067.82659779427	0.999580323272476	0.0006344974040632191
55067.847031124074	0.9993140265207302	0.0006345007964351182
55067.867464553405	0.9993203629705208	0.0006344704471408683
55067.88789808251	0.9991177691758314	0.0006346039309441003
55067.90833141115	1.0008505547109063	0.0006350097310286418
55067.92876483979	0.9998072709815242	0.0006348414951244146
55067.949198267954	1.000205710208002	0.0006349205342729344
55067.969631695894	1.0003008470160861	0.0006350716779598101
55067.99006512336	0.9992549009030278	0.0006349753843647827
55068.01049855084	0.9996067757240237	0.0006350777701280096
55068.030931977846	1.000879542026245	0.0006354175083726726
55068.05136540439	1.0007626007569446	0.0006354089887924859
55068.071798830926	1.0003387362019098	0.0006352730538666285
55068.092232157	1.000015928840416	0.0006353897615953244
55068.11266568284	1.001486805046246	0.0006355553547349056
55068.133099108454	1.0007788851594615	0.0006353141806488539
55068.1535324336	1.0001126608324498	0.0006353950833987001
55068.17396595851	1.0013815278981182	0.0006355479877889772
55068.19439938319	1.0001266591071005	0.0006352689004691945
55068.2148327074	0.9997749325697425	0.0006353737018662391
55068.23526613161	0.9998106777952624	0.0006353099906134163
55068.25569965536	0.9997987451425793	0.0006353257624859587
55068.276133078645	0.9982536523573374	0.0006350072896576451
55068.29656640193	0.9988111589391778	0.0006351692083302365
55068.31699992474	0.9975760686587156	0.0006348682946650721
55068.337433347326	0.9975276304476192	0.0006348640801276289
55068.35786666944	0.999490616548647	0.0006350564572505362
55068.37830009156	0.99918089966111	0.0006350143760006855
55068.39873361321	0.9997313269467841	0.0006350127763631736
55068.4191669344	1.0009131850253887	0.0006351054486946082
55068.43960035558	0.9985412742343309	0.0006349057938860077
55068.460033876305	0.9999543007583747	0.0006350433194330005
55068.48046719679	0.9986137432538938	0.0006348266242962219
55068.500900617044	1.0004365585122368	0.0006350833897553327
55068.521334036835	0.998735825539604	0.0006349220088094133
55068.541767456394	0.9988693518545365	0.0006350264905077567
55068.56220087571	0.999551049016684	0.0006351257743616595
55068.58263429457	0.9987310325709324	0.0006350565037462959
55068.60306781343	1.000267289912817	0.0006353382879374928
55068.62350113182	0.9983721608600836	0.0006351552230143692
55068.66436786768	0.9999035545527108	0.000635475803444137
55068.684801385134	1.0005206613545128	0.0006357146759039673
55068.705234802364	0.9997772339091425	0.0006356536244552785
55068.72566821912	0.9997445020073338	0.000635736052180925
55068.74610163589	1.0000604275538674	0.0006358405659432252
55068.78696846825	1.0009973438786888	0.0006360677964584213
55068.807401783844	1.0007489942403562	0.000636159030250991
55068.82783529921	1.0006564019176416	0.0006361903232508473
55068.84826861435	1.0002567883344657	0.0006362601842498552
55068.86870202924	1.0008097846955393	0.0006363135636095284
55068.88913554368	0.9993327998556187	0.0006361688408277591
55068.90956885788	1.0012546291260602	0.0006364504911130946
55068.930002271845	1.0005351344709232	0.0006363340476053704
55068.950435785584	1.0014845968524664	0.0006364598056045138
55068.970869098855	0.9999619392985178	0.0006362198604750867
55068.99130251189	1.0004010404279045	0.0006362607119468856
55069.011735924694	0.9989096879207822	0.0006359887236697584
55069.032169337035	0.9990819825248488	0.000636018555075144
55069.052602749136	1.0012939231307905	0.0006362353033563601
55069.07303616101	0.998210848190517	0.0006358005216130985
55069.093469572654	1.0008671396911957	0.0006361571141177876
55069.11390298382	1.0007360091410231	0.0006366472271493301
55069.13433639477	0.9984991613931652	0.0006356218049706368
55069.15476970548	0.9998460709328756	0.0006361126037820795
55069.17520321595	1.00037471354916	0.000636153541540199