56307.36521181769	0.9989053293369589	0.000624296630169035
56307.38564463783	0.9997722308540116	0.0006243878356884383
56307.40607765813	1.0002876662133922	0.0006244411154680652
56307.426510578676	0.9996233538752489	0.0006243768646279372
56307.44694339945	0.999852290795114	0.0006244295750675522
56307.46737642046	1.0007363175463493	0.0006248178776958482
56307.4878093417	0.9998307175802545	0.000624425031890814
56307.508242163174	1.0008692817552274	0.0006245603557839606
56307.52867518482	0.9997308037106641	0.0006244012616699549
56307.54910810676	0.9999989141049679	0.0006244407575615282
56307.56954102893	1.0007228138774518	0.0006245191086159248
56307.58997395128	0.9994850267902942	0.0006243387008928068
56307.61040687386	0.9991828904644472	0.0006243308363077107
56307.65127271977	1.0001278118712236	0.0006243624152998911
56307.67170564305	1.0001644977366724	0.000624344684836162
56307.69213856656	0.9990096109696796	0.0006242458661743556
56307.71257149031	0.9997537030548005	0.0006242609684331327
56307.73300451428	1.001181809109427	0.0006243854283563608
56307.75343733849	0.999800062238967	0.0006242530502856235
56307.77387026293	0.9996132418902213	0.0006242268445652682
56307.79430328761	1.000738730007096	0.0006243288289233751
56307.814736112516	1.0007709773529985	0.0006243029670775079
56307.8351690376	0.9993303036253778	0.0006241326777555317
56307.85560206297	1.0006297690634327	0.0006242669830514088
56307.87603498858	0.9995881369103508	0.000624265582910028
56307.89646781441	1.0001187696129017	0.0006242396762773389
56307.91690084037	0.9998291864704316	0.0006241990075753044
56307.93733376668	0.9992316766737079	0.0006241132213373207
56307.95776669321	1.0009591463802856	0.0006242914652791981
56307.978199619865	0.999146537804908	0.00062407767353402
56307.99863254687	0.999995759656694	0.0006241463302870885
56308.0190655741	0.9994553446050048	0.0006241246630053324
56308.03949840146	1.000367532498113	0.0006241691584446551
56308.05993132916	1.0002716775331926	0.0006241652055821626
56308.080364356974	0.9992970418612789	0.0006240716501148912
56308.10079718514	1.000387848606216	0.000624173482094609
56308.12123021355	1.0011662903228082	0.0006242266607873972
56308.14166314206	0.9998449791638656	0.0006240834211824279
56308.162095970925	0.9989845124663553	0.0006239923082397587
56308.18252899991	0.9986413974745487	0.0006239454968787029
56308.20296192924	0.9984409491348534	0.0006239194577310058
56308.22339475869	0.9992079065893793	0.0006239881399637681
56308.24382778837	0.9989321600228904	0.000623940515420509
56308.264260618394	0.9984467104395269	0.000623880762275903
56308.28469354854	0.9992438561260496	0.0006239566720396222
56308.30512657904	1.0004191992160187	0.0006240820602268888
56308.32555940965	0.9999221511720479	0.0006240133841085321
56308.34599244061	0.99963367454033	0.0006240186530171324
56308.36642537169	1.0003604848680283	0.0006240619440486177
56308.386858303	1.0004290731423002	0.000624064780699727
56308.40729123466	1.000309162634361	0.0006241987509868763
56308.42772416644	1.0004675891704085	0.0006240756141754952
56308.44815709844	1.0011978433154614	0.000624126142369977
56308.4685900308	1.0011363105204747	0.000624458546783163
56308.48902296328	0.9979244209094388	0.0006237842839733099
56308.5094559961	0.9991378351518023	0.0006238809249952059
56308.52988892904	1.0008614086565415	0.000624176734177692
56308.55032176222	0.9997450537018033	0.0006239315221151654
56308.570754795735	1.000134784368536	0.000624338460364364
56308.59118772938	0.9997727751720656	0.0006239633845075262
56308.61162056325	0.9997017412255119	0.0006239568123307707
56308.63205359747	0.9991640519542212	0.0006238913891471915
56308.652486531806	1.0000523935234749	0.000624293672180066
56308.67291936638	1.0013219607619408	0.0006244129665758909
56308.69335240129	1.0008305768855061	0.0006243616509917665
56308.71378533633	1.000151852146505	0.0006243058319107659
56308.73421837171	0.9997819642312625	0.0006242745600366709
56308.754651207215	0.9997300261235149	0.0006242731215241602
56308.77508414295	0.9992271660650517	0.0006240736046933342
56308.79551717903	1.0008336777156304	0.0006243890316446695
56308.81595001523	0.9985479128074518	0.0006241771363718057
56308.836382951784	0.9983949866176748	0.0006241934989727807
56308.856815888445	1.000717057668218	0.0006244185136679636
56308.877248825345	1.000368923707462	0.0006243865821519311
56308.897681762595	1.001050373165596	0.0006245022829327563
56308.91811469996	1.000135848851306	0.0006243708840930957
56308.93854763767	1.0001919022095953	0.000624433737922053
56308.9589806755	1.000246249270457	0.0006243805458236555
56308.979413513676	0.9998160558254048	0.0006243368058554567
56308.999846451974	1.0001733161070232	0.0006244029033894234
56309.02027949062	0.9991659580564031	0.0006242985379251119
56309.040712329384	1.0006024929268558	0.0006244584211469923
56309.06114526849	0.9985612154799438	0.0006242365008946104
56309.081578307836	1.0002810780240123	0.0006243953523046911