55480.78870675402	0.9992223513212237	0.0005855249019661321
55480.80913954668	0.9997534580471023	0.0005855667831153539
55480.82957253934	1.0004321656451085	0.000585654093036072
55480.85000533154	1.000065008826966	0.0005855443323831834
55480.870438223734	1.0004325298600987	0.0005855871076787786
55480.89087121569	1.000382638439185	0.000585521173936982
55480.91130400742	1.0008862921354447	0.0005855734532331048
55480.93173689892	0.9987176246870203	0.0005852515022705955
55480.952169890414	0.9998950455975766	0.0005853890411764486
55480.972602681446	0.9994236127390174	0.0005852929076518498
55480.99303557248	0.9998438387225881	0.0005853133688493441
55481.01346856304	1.0005164819667782	0.0005853886459456954
55481.03390135361	0.9999457799710622	0.0005852406139263346
55481.05433424394	1.0010169368167878	0.0005853674194428447
55481.07476723404	0.999431285204454	0.0005851629353661595
55481.095200023905	0.9994946847578846	0.0005851120118119387
55481.115633013775	1.000178495369966	0.0005851627634106987
55481.13606590317	1.0000045477937898	0.0005851380693365334
55481.156498792574	1.0004304429649176	0.0005851338996526934
55481.176931681504	0.9996215674011071	0.0005849873014126405
55481.19736457044	0.999800685717353	0.0005849638340191521
55481.21779745915	1.0006321147228594	0.0005850494162421736
55481.23823034762	0.9997197039424343	0.0005849322476559938
55481.25866323585	0.9989860100253847	0.0005848247574953694
55481.27909612409	1.0008290577767347	0.0005850490608878229
55481.29952911186	1.0007357098306955	0.000585037063773265
55481.31996189963	0.9991619169996888	0.0005848110073526516
55481.34039478717	1.000009763915499	0.0005848908225264792
55481.36082777447	1.0000058532159666	0.0005848520149084969
55481.381260561546	1.0005553086068681	0.0005848912541615848
55481.40169354839	0.9994187621599377	0.0005846690362552917
55481.462992207744	0.9996572764515093	0.0005846042791225278
55481.48342509388	0.9998325116399451	0.0005845898487918588
55481.50385787979	0.9999152633258848	0.0005845613980863206
55481.52429086547	0.9998978134667854	0.0005845200441584452
55481.544723650906	0.9992121458214785	0.0005844338819777878
55481.56515653612	0.9986579119785798	0.0005843341612980931
55481.5855895211	1.0006744172654578	0.0005845285168738608
55481.60602230608	0.9988080443016607	0.00058427771214094
55481.626455190584	0.9982579469646946	0.0005841729915719257
55481.6468881751	0.9973859705988513	0.0005840558802627375
55481.66732105937	0.9975556996190369	0.0005840026947678752
55481.68775394342	0.9983862003299695	0.0005841294044011148
55481.708186827236	0.9998150590022258	0.0005842354690904376
55481.749052594394	1.0002141622778773	0.0005842434024086187
55481.769485477744	1.000209983296941	0.0005841970732010312
55481.78991836085	0.9994705434598359	0.0005841058745209421
55481.81035134374	1.0000484961415572	0.000584111661689325
55481.83078412639	1.0000379287239154	0.0005840945751638712
55481.8512170088	1.000955037637783	0.0005841819666363209
55481.871649990986	1.000616335692503	0.0005841194920269317
55481.89208277317	1.0000133429855473	0.0005839977318052441
55481.91251565488	1.0006802078420787	0.0005840832409641857
55481.932948636604	0.9992038659305436	0.0005838843211985058
55481.95338141809	1.0017680763290289	0.0005841572474530826
55481.97381429934	1.0001910617521572	0.0005839830593702679
55481.99424728036	1.000121167417701	0.0005838899876198497
55482.01468006115	1.0005788523103751	0.0005839232886995515
55482.03511304193	1.0002235229187215	0.000583871899814392
55482.055545922485	0.999994654205495	0.0005837961437785682
55482.075978702575	0.9996613382439071	0.0005837273607893691
55482.09641168266	1.0000206259659232	0.0005837611370169503
55482.116844562515	0.9991596349663511	0.0005836235435522564
55482.13727744214	1.0004747658431465	0.0005837398975403683
55482.15771032176	0.9999904275719077	0.0005836957378435344
55482.178143200916	1.0003311847433314	0.0005837006207090969
55482.198576080074	0.9992167176630605	0.00058350183762211
55482.21900895899	1.000624822591408	0.0005836445916775513
55482.239441837686	0.9994118512240747	0.0005834868156448874
55482.259874616146	0.9999569214805171	0.0005835120210894044
55482.28030759437	1.0002191540832026	0.0005835239911679278
55482.30074047236	1.0000777002935157	0.0005834878641643767
55482.321173350356	1.0000208997725542	0.0005834466057397061
55482.34160622811	0.9998640927070023	0.0005833884310541454
55482.36203910541	0.9999172117113051	0.0005833837459889366
55482.382472082696	0.9999040665368839	0.0005833386680372622
55482.40290485999	1.0012439795665686	0.0005834655230724181
55482.42333773682	0.9994283764829219	0.0005832314702613703
55482.46420349001	0.9993474340387645	0.0005831622927333388
55482.484636366375	0.9990986437623137	0.0005831228727387838
55482.50506934227	0.9996478224629116	0.0005831629839996512