55894.0565408721	0.9999336371343486	0.0005778748245605695
55894.076973449686	0.9998832284805312	0.0005778596404765492
55894.097406227265	1.0004756494547298	0.0005778760877772657
55894.138271482545	0.9998643789808752	0.0005777201058962335
55894.15870426019	0.9998115418168748	0.0005777413101619004
55894.179136937775	1.0006178724301447	0.0005777768549602747
55894.19956951548	1.0004656085640873	0.0005776839944647556
55894.220002293114	0.9999843858858211	0.000577606481872558
55894.24043497076	0.9998481800575028	0.000577553860460256
55894.26086754839	1.0003705892958379	0.0005776191668727287
55894.28130032604	0.9995834269492141	0.0005774966851353461
55894.30173300368	0.9996159201770345	0.0005774504467542268
55894.32216578138	0.9986944142306438	0.0005773304045075175
55894.34259835908	0.9996960137733255	0.0005774545255952698
55894.36303103672	1.000375388972956	0.000577508800974622
55894.38346381442	0.9993287749943243	0.0005773840079917803
55894.40389639212	0.9998150974238491	0.0005774211259567572
55894.42432906982	0.9994899113274088	0.0005773820202989031
55894.44476184752	1.0001204743004537	0.0005774249390181565
55894.46519442522	1.001356819632894	0.0005775613217805899
55894.48562710292	1.0005389014921136	0.0005774233921480244
55894.506059880674	0.9995652328891638	0.0005773194094752272
55894.526492558376	1.0002564037437012	0.000577425616474779
55894.546925236136	0.9998863158131044	0.0005773465744029615
55894.56735791389	1.0006683447684495	0.0005774324756963725
55894.58779059165	1.0001149138768233	0.000577399562454633
55894.60822326941	1.0002112546725377	0.0005773997637570468
55894.62865594716	0.9997553236686101	0.0005773143544590477
55894.64908862492	1.0010182114329391	0.00057748412573223
55894.66952130274	0.999678525565618	0.0005773349034354347
55894.689953980494	0.9997495923624727	0.0005773311440210392
55894.710386758314	0.9995177351755817	0.0005772797758685765
55894.73081933613	0.9999239462521976	0.0005773313038550693
55894.75125201394	0.9999815555087505	0.0005773542351176869
55894.77168479176	0.9994198777732073	0.0005772975078380458
55894.79211736958	1.0002992958870989	0.000577396239370162
55894.81255004745	1.000210873428263	0.0005774039534806023
55894.83298282527	0.9999425886252851	0.0005773652514993304
55894.87384808101	0.9982439793965212	0.000577193005282664
55894.89428085889	0.9980888691272513	0.0005771818495209315
55894.91471343677	0.9992294590072612	0.000577286834508549
55894.93514621464	0.9991304382410423	0.000577306078537335
55894.95557889251	0.9986994224023553	0.0005772544610000629
55894.97601147045	0.9997848040987118	0.0005774211560950328
55894.996444248376	0.9999386631133987	0.0005774658061008486
55895.01687692631	0.9998005579695831	0.0005774309932593139
55895.037309604246	1.001163437023948	0.0005776341889239991
55895.05774228217	0.9998113069188515	0.0005774510738555471
55895.07817496017	1.0003262566740643	0.0005775287707341146
55895.098607738095	0.9989425125284117	0.0005773658656010931
55895.11904031609	0.9999171108647616	0.0005775237177126302
55895.15990577207	1.0002361246694995	0.0005775934965456853
55895.18033845012	1.0006692326361635	0.000577621560001876
55895.20077102811	0.9989573975121069	0.0005774441765415484
55895.221203806155	0.9999984224241912	0.0005776061435001917
55895.24163648421	1.0004162319021852	0.0005776619254306432
55895.26206906226	1.0014182589138647	0.0005777794196361197
55895.2825018403	0.9992735958971743	0.0005775407999633197
55895.30293451841	1.0000049532926798	0.0005776423046165885
55895.32336719652	0.9998673878093011	0.0005776732381943085
55895.343799874565	0.9997797837454541	0.000577677728252968
55895.364232552674	0.9991559063270096	0.0005776030911215777
55895.38466523084	1.000260195896261	0.0005777457341707479
55895.405097908944	0.9997683640762648	0.0005776944993771606
55895.42553048711	0.9999088342649717	0.0005777015694023466
55895.44596326528	0.9996159559873682	0.0005776907540066176
55895.46639594344	1.000058051934045	0.000577754290595735
55895.48682872161	1.000214013278558	0.0005778168009691052
55895.507261299834	1.0000365998533158	0.0005777805837065858
55895.52769397805	1.0003098721909647	0.0005778046582457513
55895.54812675628	1.0000202908611557	0.0005777705109531915
55895.58899201272	1.000015696781251	0.0005777322771909397
55895.60942479101	0.9996767483838288	0.0005777216588209172
55895.62985736929	1.0004964014687912	0.0005778055096143151
55895.65029004757	1.000791133566171	0.0005778167035069212
55895.67072282585	0.9987430061841112	0.0005775754883559304
55895.691155504195	1.0010094773556726	0.0005778136244732314
55895.71158818253	1.0000893642393998	0.0005776663559425922
55895.73202086087	0.9994760291302112	0.0005775825830993384
55895.752453539215	0.999924805154353	0.0005776155544034565