56224.73518085419	1.0002330713528123	0.0005984090283423963
56224.75561365151	1.0002826242993736	0.00059841886364861
56224.7760465486	1.000080527935026	0.0005984472789640091
56224.796479545446	0.9997734526245755	0.0005984048146846977
56224.81691244207	0.9993595540350516	0.0005983836058143242
56224.837345338456	1.000121526761355	0.0005984985059584044
56224.85777823484	1.0004775212175847	0.0005985862985694089
56224.87821113076	0.999894837178096	0.000598524888461215
56224.89864402668	0.999285724813459	0.0005984627391618686
56224.919076922364	0.999380447014459	0.0005984971065416964
56224.959942713045	0.9995888672593426	0.0005985642207189862
56224.98037560803	1.0004057010484593	0.0005987106791662665
56225.00080850302	0.9992925956962417	0.0005986182337581473
56225.021241397546	1.0003770951402546	0.0005987492750452403
56225.041674292064	1.001419471491285	0.000598914679149237
56225.062107186124	1.0000359796263427	0.0005987949310548613
56225.102972974004	0.9995214856756761	0.0005987747193049053
56225.1234059676	0.9992067315429891	0.0005988211913013785
56225.14383876096	1.0007731674715528	0.0005989736855990731
56225.164271654314	0.999200324964248	0.0005988039829884064
56225.18470464721	1.00023643144579	0.0005989642633781637
56225.205137440105	1.0013424552036085	0.000599154323214381
56225.22557033253	1.0002228696922544	0.0005990237764201044
56225.266436117156	1.0008438551742649	0.0005991802465470113
56225.28686900911	0.9997970507961755	0.0005990668563420981
56225.307302000845	1.000480292202301	0.0005992201220508642
56225.327734792576	1.000741295709569	0.0005992414510656805
56225.348167783835	0.9991504978359362	0.0005990801963393222
56225.3686006751	0.9999607203362285	0.0005992135784714936
56225.38903356613	0.9999651154745015	0.0005992391133004401
56225.40946645693	1.0006121378197559	0.0005993517309622469
56225.429899347495	0.9995727324526958	0.0005992340909242142
56225.45033223783	1.0009620778442951	0.0005994404746373494
56225.470765227925	0.9985445054447483	0.0005991739363034866
56225.49119801779	1.0000066421961995	0.0005994168967178683
56225.511630907655	0.9994173210980031	0.0005993363429705444
56225.53206389706	0.9980467022136547	0.0005991727829069372
56225.55249668646	1.0006755884088485	0.0005995330413569563
56225.57292957563	0.9983928893335766	0.0005993033178870523
56225.59336256456	0.9988850125168853	0.0005993948926221696
56225.61379535327	0.9983978844498758	0.0005993078417617122
56225.634228341965	0.9995348558890818	0.0005994810702826933
56225.654661230205	1.0001435479444396	0.0005998534542011392
56225.67509401844	0.9998393293227178	0.0005995913718637376
56225.69552700621	0.9988600520680331	0.0005994940805096775
56225.71595989398	0.9986729502969821	0.000599518213156835
56225.73639268152	0.9993414192963941	0.0005995921678472776
56225.756825668825	0.9996141338408197	0.0005996569616634099
56225.77725845613	0.9997098235337123	0.000599648599512212
56225.797691342974	0.9998065125667502	0.0005997076525140125
56225.81812432981	1.0002413766498068	0.0005997387103532136
56225.838557116185	1.0012945730437743	0.0005999005546494535
56225.85899000256	0.9988841980788623	0.0005995891369489402
56225.8794229887	0.9997281722429463	0.0005997191374081281
56225.89985587461	1.0000402351723674	0.0005997711262634448
56225.92028876029	0.9997726555511773	0.0005997569161023593
56225.94072164596	1.0013101163493514	0.0005999368774962421
56225.96115453117	1.0008183019845265	0.000599882403410318
56225.98158741638	1.00039319008161	0.0005998406683865055
56226.002020301356	1.0007295187529193	0.0005998922954140027
56226.0224531861	0.9994255555154824	0.0005997131690054563
56226.04288617062	0.9994820612870005	0.0005997237937049452
56226.06331895489	1.0001984858070774	0.0005998156423520925
56226.08375183894	1.0007402891949997	0.0005998782274974373
56226.10418482299	1.0000850428176336	0.0005997750681059721
56226.12461760656	1.0010328115233167	0.0005998848271177734
56226.145050490144	0.9991354019448574	0.0005996226101911607
56226.165483473495	1.0004812577454754	0.0005997769398120244
56226.1859162566	1.0002070418407625	0.0005997296793679757
56226.20634923949	1.0001996745054589	0.0005997238814391588
56226.22678212214	1.0003519388289939	0.0005997280961739381
56226.24721490478	0.9994335125772174	0.0005996059967822484
56226.2676478872	0.9991369788025509	0.0005995156583692171
56226.288080769154	0.9997243636623925	0.0005995744462951209
56226.3085136511	0.9991783661582668	0.0005994930150055982
56226.32894653282	1.0004236956434405	0.000599615227591546
56226.34937941454	1.000829365867233	0.0005996019489214198
56226.39024517681	1.0002423469954291	0.0005994807170381377
56226.43111093861	0.9995491360069331	0.0005993156585038384
56226.45154381917	0.9997886231399915	0.0005993035858244629