55811.384843938155	1.0002387911831658	0.0006106761183021672
55811.405277459344	1.001412732901888	0.0006107646596810361
55811.4257107803	1.0006767588655057	0.00061069551715549
55811.446144301015	1.0000003259281887	0.0006105799952924869
55811.466577721505	1.0004186810246738	0.0006106266522653151
55811.50744456131	0.9993745179919963	0.0006105216907215916
55811.548311299965	0.9995366366050688	0.0006105263300696537
55811.56874481905	1.0007123443962493	0.0006106457276752787
55811.60961155584	0.9997326554518234	0.0006105022303100574
55811.630045073995	1.0021047266984502	0.000610693242959855
55811.65047849169	1.0000628788875887	0.0006104873396879617
55811.67091180915	0.9998560732189644	0.0006104286833335137
55811.71177874314	0.9988020491920018	0.0006102739531219951
55811.73221205967	0.9995691290129428	0.0006103562225276038
55811.793512507626	0.9992862346096221	0.0006102649935763286
55811.81394582299	1.0000616219902427	0.0006102628256500826
55811.83437923813	0.9995509811310125	0.000610186651660376
55811.85481275302	0.9993516819175429	0.0006101673955489823
55811.89567948166	0.9993802119592108	0.0006101276549478596
55811.956979722636	0.9991253733441062	0.000609989622478467
55811.97741323567	1.001016730186787	0.0006101442043926655
55811.99784654824	0.9997161317123484	0.0006099901509932195
55812.018279960816	1.0000098232515398	0.000609980133068697
55812.03871347292	1.0001740340104168	0.0006100027428603038
55812.05914688479	0.9993032593168102	0.0006098469105674599
55812.079580296435	1.000418020478244	0.0006099669468457838
55812.100013707604	1.0000330891218612	0.0006098909115783948
55812.16131393973	0.9997786495393727	0.0006097838341825326
55812.18174734974	0.9983052970671017	0.0006096319582004061
55812.20218075952	0.9983862365715096	0.0006095929060573345
55812.22261416906	0.9984365759596464	0.0006095661987157488
55812.243047478376	0.9984628228417215	0.0006095717736944208
55812.263480987225	0.9973793097272617	0.0006094221712681975
55812.28391439583	0.9982698352113821	0.0006095037906520592
55812.304347704216	0.9994293562932026	0.0006095551059304262
55812.32478121213	0.9997829685772843	0.0006095996349097422
55812.365647927494	0.9995907151638943	0.0006095826676788613
55812.38608143471	0.9995721965718756	0.0006095236643506443
55812.40651484146	0.9993815139906992	0.0006094936770154259
55812.42694834798	0.9990935301909137	0.0006094177077096804
55812.44738165427	1.0002038857215476	0.0006095278799236971
55812.467815060314	0.9995054894364835	0.0006094513810595363
55812.4882485659	1.000340417001416	0.0006094837270667592
55812.50868187149	0.9994181643020881	0.000609384588462449
55812.529115276375	1.0000191372838465	0.0006093985285336339
55812.56998208592	1.0006643924084992	0.0006094093716201134
55812.59041549011	0.9996771288252296	0.0006093252559631982
55812.61084899407	0.9999626326192437	0.0006093607409806227
55812.63128239756	1.0014208868898786	0.0006094724179142286
55812.651715701046	0.9999005124025228	0.0006092649769287798
55812.672149204074	0.9993007054325368	0.0006092060064931549
55812.69258260687	1.000010170530269	0.0006092445684539533
55812.71301590919	0.9998282281703198	0.0006092074773811155
55812.73344941129	1.0002649051940815	0.000609200754713537
55812.753882813384	1.0000771407846967	0.0006091735234269709
55812.774316314775	0.99996957505881	0.0006091979136528564
55812.79474961617	0.9997610058973151	0.0006091644487972595
55812.815183017105	1.0000809351352464	0.0006091328546864348
55812.8356165178	1.0017801276189677	0.000609273849359765
55812.85604981826	0.9994724444354436	0.000609008863230266
55812.876483218264	1.0000805348839128	0.0006090673869995609
55812.89691661826	0.999692025636998	0.0006089952065712864
55812.93778331686	0.9992444165276775	0.0006089461300112484
55812.958216815925	1.0023393057233876	0.000609210108690002
55812.97865021453	0.9990537218885094	0.0006088673658003085
55812.9990836129	0.9992825314961523	0.0006088650434117932
55813.01951701103	1.000282973896398	0.000608936079260098
55813.0399504087	1.0006371019515063	0.0006089305392071698
55813.06038380614	0.9993840954551372	0.0006088364557904059
55813.08081720334	1.000336938533862	0.0006089000144043071
55813.10125060032	1.0004545774908946	0.0006088530965425778