55646.09276056066	1.0004452346410801	0.0005715317000873939
55646.11319458651	0.9989184530000481	0.0005713491135415487
55646.133628812706	0.9995432331948007	0.0005714231125236914
55646.15406293902	1.0020560628380746	0.0005717434763003946
55646.17449716569	1.0004157457288338	0.0005715372393771921
55646.194931192585	0.999486402369422	0.000571460324176831
55646.21536531971	0.999252652981486	0.0005714610213817555
55646.235799547074	0.9996564855963976	0.000571494184210449
55646.25623357466	0.9999224208801989	0.0005715387408914093
55646.27666770261	0.9999157167387488	0.0005715292746306993
55646.29710193067	1.0001720122132705	0.000571541134745466
55646.31753595908	1.0013598474788028	0.0005717171258348385
55646.35840431648	0.9999046948315738	0.0005715364130796634
55646.378838445584	1.0002388428268436	0.0005715882332129863
55646.39927257504	1.0001256491023804	0.0005715744706762835
55646.41970660462	1.0001822591976919	0.0005715638710645562
55646.46057496446	0.9999259261943724	0.0005715608029688314
55646.48100909485	1.0001463529200227	0.0005716080327889765
55646.50144312547	1.0001075152747607	0.0005715926077455624
55646.521877356325	0.9997937162162348	0.0005715517819426002
55646.5423114873	0.999102806138201	0.0005714525531599164
55646.56274571861	1.0002971281309716	0.0005716246826017419
55646.58317975028	1.0001808002533936	0.0005716519667918598
55646.644482146454	0.9996442756972383	0.0005715591019370226
55646.66491627894	1.00038767904691	0.0005716505823631413
55646.68535051177	0.999914303572755	0.0005716089016252486
55646.705784544836	0.999591640017545	0.0005715752952253585
55646.72621877814	0.9997833722094477	0.0005715824948188944
55646.74665291155	1.0006885551978602	0.0005716773907172691
55646.76708694543	1.0007987972849846	0.0005717021645906372
55646.807955313656	0.9995627628769248	0.0005715660969392546
55646.848823582935	1.00023772183265	0.0005716479329182847
55646.869257717975	1.0013297161580503	0.0005719140737587674
55646.91012598865	0.9998419360913238	0.0005716045005751142
55646.93056012439	0.9985856855012887	0.0005714742471734908
55646.95099436037	0.999004584040442	0.0005715060984829879
55646.97142839657	0.9983997255645701	0.0005714329484896574
55646.991862533134	0.9994331610369803	0.0005715493029107344
55647.01229666981	0.9992790975570006	0.00057154718273823
55647.03273080672	0.9997480018735969	0.0005715758232866475
55647.05316494397	1.0001549215538952	0.0005716445227592112
55647.094033219066	0.9991670651155926	0.0005715283219389225
55647.114467457024	0.9999218998396433	0.0005716013931963717
55647.134901595215	0.9985973024791537	0.0005714541473029629
55647.15533563364	0.9994471717273007	0.0005715548142019917
55647.17576987229	1.0000062490425008	0.0005716149060158484
55647.196204011176	1.0000401890921102	0.0005716235360588347
55647.23707228976	1.000274518238541	0.0005716254951547563
55647.25750642935	0.9991695121041061	0.0005715148120100316
55647.277940469285	0.9998503445705252	0.0005715899053600589
55647.29837470945	1.0003108127260998	0.0005716260825400324
55647.33924309036	0.9988862765976466	0.0005714460046199861
55647.38011127233	1.0001289967599065	0.0005715924522000236
55647.40054551366	1.0002655725691716	0.0005715926852521723
55647.42097955522	0.9995606885912262	0.0005715147160668462
55647.44141369702	0.9998020696837425	0.0005715385592267582
55647.461847939165	1.0002547938164814	0.0005715624668377475
55647.48228198143	0.9998586234557094	0.000571537854940176
55647.52315036677	0.9996857088086294	0.0005715033575005664
55647.54358450985	1.0010034984675393	0.0005716407602203838
55647.56401865316	1.0002355915558325	0.0005715533778719685
55647.5844527967	0.9998182451331733	0.000571498521446192
55647.60488694048	0.9995987255190626	0.000571481068689158
55647.62532108449	1.0003258543165212	0.0005715325387279199
55647.645755228725	0.9993958593701268	0.0005714691079909097
55647.6661893732	1.0004772942953848	0.0005715706097327222
55647.68662351791	0.9998485757381311	0.0005714824561323167
55647.70705766285	1.000053947899989	0.0005715102472818856
55647.72749180814	1.0004445768396444	0.0005715429358394947
55647.74792595355	1.000429661239534	0.0005715245813606049
55647.7683600993	1.000283197972297	0.0005715126276865689
55647.78879434517	1.000637432261763	0.0005715323279173949
55647.809228391394	1.000312560930093	0.0005714694425822238