55728.749876287584	1.000482463963522	0.0005727655500548923
55728.77031067991	1.00055621171932	0.0005727503243574599
55728.790745071994	1.000243143337767	0.0005726967298348139
55728.811179464086	1.0001421841003522	0.0005726651703299792
55728.83161385606	1.0003732403123367	0.0005726833764090355
55728.8520482478	1.0003678651619352	0.000572634870696074
55728.87248263954	1.0005329760731032	0.0005726484759603895
55728.892917031044	1.000481601357116	0.000572622446112531
55728.91335142244	0.9994440621328643	0.0005724716454637159
55728.93378591383	1.0001971464562023	0.0005725606069128715
55728.95422020499	1.0000482738492142	0.0005725106957364203
55728.97465459603	0.9995947319844962	0.0005724454349486968
55728.99508908696	1.000517888637754	0.0005725114506505246
55729.01552337776	0.9997794476284454	0.0005724277480768548
55729.03595776846	1.0002805060261934	0.0005724409493391174
55729.05639225904	1.000078137381093	0.0005724107085713687
55729.0768265495	1.0009888443850976	0.0005724866658815881
55729.09726103984	1.000741774536712	0.0005724430041020617
55729.11769543007	1.0000378466255322	0.000572329144440844
55729.13812972017	0.9999647109208669	0.0005723067198614568
55729.158564210054	0.9991808406545726	0.0005721842127557161
55729.178998599935	1.0000988888523406	0.0005722864599179392
55729.19943298969	1.0016843429793152	0.0005724514131934012
55729.21986737922	0.9989849928639974	0.0005720864369357854
55729.240301768754	1.0003009388093806	0.0005722302394123786
55729.260736158045	0.9988764010666367	0.0005720863347531733
55729.28117054723	0.9995245472373985	0.0005721043633753178
55729.30160493641	0.9997187680119006	0.0005721110201373005
55729.32203942535	0.9998815988755583	0.0005721080223742271
55729.3629081029	0.9989303414970697	0.0005719751754897393
55729.38334259149	0.9987132163982232	0.0005718957918824061
55729.403776979976	0.9997848330949144	0.0005720116020192906
55729.42421126834	0.9994518888855313	0.0005719720825406342
55729.44464575659	0.9988260285081918	0.0005718578582656759
55729.46508004472	1.0008491023676571	0.0005720821593281115
55729.48551443262	0.9988113981786573	0.0005718528276103815
55729.526383208184	1.0008407241338353	0.0005720244761005589
55729.54681759585	0.9987610312545214	0.0005717272541152136
55729.56725208328	0.9990479007270334	0.0005717579545235667
55729.5876863706	0.9982336872929989	0.0005716361000794688
55729.60812085792	0.9981349417172368	0.000571620485250267
55729.628555245	0.9986495325992139	0.0005717032970824774
55729.66942401882	0.9990752916977025	0.0005716939098905806
55729.68985840555	0.9992962561464308	0.0005716979740819778
55729.73072717868	0.9997977449017726	0.0005717201047143755
55729.75116156494	0.9996065078674035	0.0005716831257126649
55729.77159595121	0.9998338040609204	0.0005716972172953011
55729.79203033725	0.9989000503012272	0.0005715613387491297
55729.81246472328	0.9995207144824516	0.0005716032628039905
55729.83289910909	0.9998958810699046	0.0005716277696314066
55729.85333349478	1.0004323220509583	0.0005716889302827982
55729.87376788046	0.9994893751640089	0.0005715642436903491
55729.89420236592	0.9993267871509024	0.0005714930216960958
55729.91463675126	1.0010105967484626	0.0005716979550728443
55729.935071036474	0.9996800285830079	0.0005715093228799325
55729.95550552158	1.0000101190876831	0.0005715299559464511
55729.97593990645	0.9988167477070546	0.0005713637392415834
55729.99637419132	1.000784426330905	0.0005715593491001158
55730.01680867608	1.0001424499720013	0.0005714892133674508
55730.03724306061	1.0004639591582183	0.0005714880484829206
55730.09854621359	1.0007473098256012	0.0005714503181051865
55730.118980497646	1.0005250650227158	0.0005714109649967279
55730.13941498159	1.0006537396683748	0.0005714033037798895
55730.15984936542	1.0005863509313675	0.0005713962561735939
55730.18028374912	1.0004719775520872	0.0005713622601798359
55730.20071813271	0.9997770367055615	0.0005712313191032446
55730.24158689943	1.000574478346669	0.000571284544794244
55730.26202128267	0.9999146212025525	0.0005711905604254215
55730.282455665685	1.0001207152443814	0.0005711749597990803
55730.30289004857	1.0004211350124397	0.0005711916394713243
55730.32332443135	1.0008948035076561	0.0005712333347745908
55730.343758814124	0.9998488948508967	0.0005711068866316989
55730.36419319667	0.999140075158908	0.0005710413326742998
55730.384627578984	1.0002495224749155	0.0005711195811758422
55730.4050619613	0.9997236440139957	0.0005710272522672891
55730.42549644349	1.000192746475428	0.0005710799240325321
55730.44593072545	0.9997957643136864	0.0005710144785619235
55730.46636520741	1.000190342102385	0.0005710278977763539