55867.00350294591	0.9999887106242547	0.0005353046379044435
55867.02393565777	0.9995464523522872	0.0005353723643168084
55867.044368469644	0.9998232145968662	0.0005353264915503727
55867.06480108128	1.0004287254000455	0.0005353144841993834
55867.08523379279	0.9998437217241076	0.000535102150267393
55867.1056666042	1.0011770338616535	0.0005350677645430263
55867.12609931549	0.9997601765991492	0.0005348183977064141
55867.14653202665	0.9994363062794801	0.0005347173891649466
55867.18739744852	0.9994391973960575	0.0005347050902643216
55867.20783015934	0.9993189030855611	0.0005346645461927069
55867.22826286993	0.9990926095625798	0.0005346975535292214
55867.24869558052	1.000024265051097	0.0005348276749334218
55867.26912829087	0.9996112728464591	0.0005348582195214068
55867.28956100111	1.0000060383245815	0.0005349710589179777
55867.30999361135	0.9992714617692832	0.0005349655187112158
55867.33042642135	1.000001915577844	0.0005350902809385527
55867.35085913124	0.9999799137487798	0.000535146125376397
55867.371291741016	1.0011486541307122	0.0005353019377722328
55867.39172455067	1.00124850610329	0.0005353374799233788
55867.41215726021	1.0002545662048363	0.0005353715783783203
55867.43259006951	1.0002019329928304	0.0005352911217579775
55867.45302267882	1.0002972783328086	0.0005352157518165249
55867.47345538801	0.9999390636166213	0.0005352176575927214
55867.493888196965	1.0001253221031554	0.0005351840133041562
55867.51432080592	0.999309316861211	0.000535094824039842
55867.53475351465	1.001193015426813	0.0005352163602646713
55867.55518632337	1.0004010621417034	0.0005350926437087123
55867.57561893186	0.9994073612180203	0.0005349193192748492
55867.59605164024	0.9997090057558553	0.0005349010684803497
55867.616484448496	0.9994111369247548	0.0005348409594169085
55867.65734986467	0.9965862856153618	0.0005344623282218724
55867.67778257257	0.9959200954885742	0.0005343771686296238
55867.71864798805	0.9968048739439539	0.0005344041050644111
55867.7390806956	0.9957317193941366	0.0005343208819287257
55867.75951340305	0.9943418180283065	0.0005341845296197971
55867.77994621026	0.9958048598018745	0.0005342961676674157
55867.80037881747	0.9972347928959179	0.0005344761197353657
55867.82081152445	0.9968755849402731	0.0005344788179121263
55867.84124433143	0.9989423798075221	0.0005346665033466889
55867.86167693817	0.9999530571372264	0.0005347262419507536
55867.88210974492	0.9993529857610686	0.0005347429793621721
55867.90254245143	0.9996713420292584	0.0005348151653697024
55867.92297505794	0.9996376864158923	0.0005348219014179068
55867.94340786422	1.0000499277644501	0.0005348875764138948
55867.96384047039	0.9992778805982216	0.0005348516403948833
55867.98427317643	0.9993688138414487	0.000534877173132992
55868.00470598236	1.001772149134148	0.0005351628497816495
55868.02513858818	0.9989478137786775	0.000534843467909121
55868.04557129387	1.0006846852170712	0.00053506908506206
55868.066004099455	0.9993942260335769	0.0005349628771495997
55868.08643670492	1.0009403762394502	0.0005351485895470275
55868.106869510266	1.0016362585960796	0.0005351984612842722
55868.1273022155	1.0003808548025632	0.0005350952829048029
55868.14773492061	1.0006618259382236	0.0005351122482909551
55868.16816762561	1.000952595872956	0.00053514254407358
55868.18860033038	0.9998773768591286	0.0005350373385061034
55868.20903303515	1.0008900683346802	0.0005351461822523147
55868.229465739794	0.9992343923403221	0.0005350088941330476
55868.24989844421	1.0007631463703275	0.0005350966592605801
55868.270331148626	0.9996116781705888	0.0005349888311958737
55868.311196557	1.0007251931305106	0.0005350762131382013
55868.3520620649	1.000087584323116	0.0005350028060587314
55868.37249466862	0.9989955899694947	0.0005348420384341669
55868.392927472334	0.9989453730126853	0.0005348325490967306
55868.41336017582	1.0007606649913567	0.000535011782814503
55868.43379277931	1.000092364272451	0.0005349303257159865
55868.45422558256	0.9996315194545202	0.0005348766756315993
55868.4746582857	0.9990614471871262	0.0005348125857097192
55868.49509088872	0.9999177071650234	0.0005349153300174181
55868.535956394524	0.9996253309331816	0.000534868867139216
55868.556388997196	1.0004504694035976	0.0005349096703471839
55868.61768720451	0.9988813052312536	0.0005347818862689936
55868.65855250892	0.9994464046425381	0.0005347537587695037
55868.67898531089	0.9996604446901104	0.0005348114743751523
55868.699418012744	0.999807333450714	0.0005348443966975497
55868.719850714486	1.0006350197320786	0.0005349072330347642
55868.74028341611	0.9991269085113711	0.000534812826534884
55868.76071611761	1.0004740604307247	0.0005349137234622166
55868.781148819005	0.9995968749639986	0.0005348605204645297
55868.80158152028	1.000048001599602	0.0005349069598618243
55868.822014221434	0.9998458672057807	0.0005348837430597034
55868.84244702248	1.000896075311574	0.0005350158854472924
55868.862879723405	0.9991768635322628	0.0005348374166738651
55868.88331232421	0.9999205094260946	0.0005349296633113346
55868.9037451249	0.9993192797442193	0.0005349756915073066
55868.92417782548	1.0007621325475722	0.0005350489124732918
55868.94461042593	0.999983628541096	0.0005349688101700018
55868.96504322628	1.0006033095391678	0.0005350650292049249
55868.98547592651	0.9999325368985326	0.0005349651126251062
55869.00590852661	1.0001970721933804	0.0005349853174459112
55869.02634132661	1.0003699782835185	0.0005350070934511161