56385.70721273334	0.9994188536730412	0.0005580557773663664
56385.72764677281	0.9999783578484892	0.0005581249577216967
56385.748081012396	1.000068383346743	0.000558123157077121
56385.768515152326	0.9994945649596417	0.0005580089653799026
56385.788949192494	0.9987607651404139	0.0005579558377625606
56385.809383433014	1.0009293096414236	0.0005581783469080136
56385.82981757364	1.0001908283687468	0.0005580849558919288
56385.850251614625	1.000174281677707	0.0005581019330118545
56385.87068585596	0.9996282025561137	0.0005580555563932395
56385.8911199974	0.9996953262912728	0.0005580271172200705
56385.9115540392	1.000089325752127	0.0005580838810412562
56385.931988281234	1.0003790443510656	0.0005581349434384408
56385.95242242349	0.9995018928721745	0.0005579952489380639
56385.97285666599	1.0006803171354985	0.0005581341150736685
56385.99329070884	1.0009931069478606	0.0005581234847478878
56386.01372485179	0.9997593884254992	0.0005580262318598035
56386.03415909522	0.9996101345550669	0.0005579936177675384
56386.05459313877	1.0003592863351893	0.0005580733185950159
56386.07502728254	1.0004970682589098	0.000558061915758763
56386.09546152667	1.0008174717686829	0.0005581450264769794
56386.11589567103	0.9998183569328711	0.0005579774043634732
56386.13632981573	1.0002978185162577	0.0005580499466669316
56386.15676396056	0.9997246719935924	0.0005579934256973839
56386.19763225113	0.9994922157046974	0.0005579025346395043
56386.218066396774	0.99977785959454	0.0005579421502136333
56386.23850054265	1.0001933982904128	0.0005580153718629907
56386.258934788864	0.9996522884854733	0.00055791472176438
56386.27936883532	1.0005023339305015	0.0005579804041569903
56386.299803082	1.0006295432712897	0.0005580013368282208
56386.32023722892	0.9996948110090254	0.0005579010426552673
56386.34067127619	1.0000545460895554	0.0005579259351659268
56386.36110552369	1.0013886342264378	0.0005580661750807796
56386.38153957143	0.9987918544668362	0.0005577920842103283
56386.401973719396	0.999114735343828	0.0005577862621267439
56386.42240796771	0.9988493040207111	0.0005578133269481242
56386.44284201614	0.9999562584986659	0.0005578802401768865
56386.463276164926	1.0003815234240125	0.0005579711046224687
56386.48371041405	0.999714536455108	0.0005578823363139827
56386.5041444633	1.0007742545751677	0.0005579921489563856
56386.5245787129	0.9997172100597237	0.0005578516890948094
56386.54501286261	1.0005628717287876	0.0005579119002346324
56386.565446912675	1.000581860264347	0.0005578752464917763
56386.58588116309	1.0007488241296685	0.0005579679956122442
56386.60631531361	0.9993425960368237	0.0005578039546147885
56386.647183615605	0.999495141653822	0.0005577679407590388
56386.66761776694	1.0002936011404566	0.000557882892076698
56386.68805201864	1.0003482705750881	0.000557908271468092
56386.70848607045	0.9998760998323196	0.0005578623135425682
56386.7289202226	0.9981932507071779	0.0005577172320460263
56386.749354474996	1.0001320506576274	0.0005578972422752678
56386.76978852762	0.9992273975951488	0.0005578059140976095
56386.79022268059	1.0000562953334113	0.0005578822789064117
56386.81065693368	0.9997035479295038	0.0005578918915593287
56386.83109108712	1.000103345806617	0.0005578910802456253
56386.85152524079	0.9997884687547277	0.0005579216930479712
56386.87195939481	1.0002682332111423	0.000557909742377303
56386.892393548944	0.9998386043224022	0.0005579333263610088
56386.91282770343	0.9995465887718369	0.0005578685178861233
56386.933261858154	0.9968378343432879	0.0005575729195783133
56386.95369601311	0.9964828958749787	0.0005575207301651548
56386.97413026829	0.9977020166459412	0.0005576521382174962
56386.994564323824	0.9957275843259317	0.0005574539657589442
56387.014998479586	0.9972827764796964	0.0005576210307640986
56387.03543263559	0.9966039965852158	0.0005575747952824981
56387.05586679182	0.996154723157871	0.000557503063945085
56387.076301048284	0.9957738410342484	0.0005574691670008299
56387.117169262034	0.9986607055927578	0.0005577488046980501
56387.17847173469	1.0004254088994005	0.0005579650538516699
56387.19890599278	1.0000058654635668	0.0005579918314330853
56387.21934005111	0.9991348065231133	0.0005578490803995143
56387.23977430967	0.9999053686242481	0.0005580018033404005
56387.26020846846	1.0007915663435512	0.0005580198281402213
56387.28064252749	0.9997032969980421	0.0005579059871092995
56387.32151094647	1.000751799911722	0.0005580359795446977
56387.3419451062	0.9995910101697189	0.00055794757235149
56387.36237926639	1.0005106619593194	0.0005580145799445553
56387.382813426695	0.9997078227245659	0.0005579128391607968
56387.403247587354	1.0011003643857272	0.0005580879876718465
56387.42368174813	1.00031921992082	0.0005579847893801997
56387.444115909246	1.0009268021488584	0.0005579673156376419
56387.4645501706	1.002521773724119	0.0005581469216031689
56387.48498433231	0.9991830309268954	0.0005578436712125415
56387.505418394125	1.0006482951741247	0.00055792112294723
56387.5258526563	0.9997791573010973	0.0005578636260905287
56387.5462868187	1.0004237186648013	0.0005579267548685602
56387.56672088133	1.0001618596429658	0.0005578691319777313
56387.5871551442	0.9999300279828999	0.0005578357564138656
56387.60758930742	0.9991522228992961	0.0005577419285497708
56387.62802357087	1.0010212376055283	0.000557912907882117
56387.64845763444	1.0001126996022773	0.0005578407128337768
56387.668891698355	0.9997279576360365	0.0005577414049836308
56387.689325962616	1.0003782506534649	0.0005578066211033632
56387.709760127	1.0004100236547249	0.0005578107965749905
56387.73019419173	0.9993844672024751	0.0005576876749072614
56387.75062845669	0.9998698376274731	0.0005577461903534159
56387.79149688732	1.0004680486509676	0.0005577598045848052
56387.81193095298	0.9991814272795251	0.0005576115874998401
56387.83236511899	0.998962933291712	0.0005576122788534197
56387.85279938512	1.0002927858043036	0.00055769422449011
56387.873233451595	0.9991211975792976	0.0005575707436267413
56387.89366761831	0.9986895359860471	0.0005575221213099314
56387.91410188525	1.0004514758826573	0.000557694065122358
56387.93453595254	0.9995170192171532	0.0005575942801263926
56387.95497011995	0.9998526972069014	0.000557588663394583
56387.975404387704	0.9993221634359715	0.0005575563598175766
56387.9958385557	0.9991105769290193	0.0005575263140045454
56388.01627272392	1.0009089859079756	0.0005577440313638609
56388.03670689238	0.9999109092288546	0.0005576643013556495
56388.05714106118	0.9992277003717334	0.0005575381112938083
56388.077575230105	0.9993867857912261	0.0005575463033870719
56388.09800939937	1.0007110424425396	0.0005577300695845637
56388.11844356888	0.99920668595966	0.0005575632992353755
56388.13887783862	1.0003853572091457	0.0005577346213664526
56388.159311908705	0.9996603284103356	0.0005576316532279995
56388.1797461789	1.0002196702377717	0.0005576619771275811
56388.20018034946	0.999340969579841	0.0005576341033696338
56388.220614420236	1.0003841697974223	0.0005577150707643797
56388.24104869114	1.0001760877745378	0.0005576511950926061
56388.26148286251	1.0007754045905757	0.0005577613471521767
56388.28191693399	0.9998993153073048	0.0005576891738864831
56388.302351205704	1.0003796857174534	0.0005577460596949147
56388.32278527777	1.0006255018323387	0.0005577356227780612