55295.20776787478	0.9996635773698809	0.000520127364041239
55295.22820217805	1.0006861447896378	0.0005202647003344376
55295.248636581484	1.0006977637650318	0.0005202634289888561
55295.269071085044	1.0006343286795485	0.0005202820300569962
55295.28950548878	0.9984012351717982	0.0005199728739262175
55295.30993979263	0.9998266655635402	0.0005201913868861486
55295.330374296645	0.9996855383824458	0.0005201728907810683
55295.350808600844	0.9990230078490601	0.0005200660171021543
55295.37124300515	1.0001235353079763	0.0005202246431429157
55295.391677509644	1.0000035815077057	0.0005202004136792942
55295.41211181425	1.000317198005787	0.00052025032494792
55295.43254621903	1.0002033506581929	0.0005202466422335065
55295.45298072392	1.00060855833518	0.0005203211686822914
55295.473415028995	0.9995726321364052	0.0005202154480070325
55295.49384943418	1.0003799103308357	0.0005202996772912119
55295.51428393954	1.000551494554004	0.0005203425940153746
55295.53471824508	0.9995920578831193	0.0005202152576242114
55295.55515265073	0.9994314878797798	0.0005202056326489623
55295.575587156556	1.000156599736074	0.0005202937989708204
55295.5960214625	0.9997640546670706	0.0005202730199068712
55295.616455868614	1.0008387056620867	0.0005203890008137769
55295.65732478126	1.001532945137054	0.0005205259501841838
55295.67775908779	0.9995961238393312	0.0005202623713630369
55295.698193594544	0.9990012699305276	0.0005202011614507452
55295.71862800136	0.9999292086815241	0.0005203232640691864
55295.73906230835	0.9998220085661523	0.0005203178221595586
55295.75949681552	1.0025558451484144	0.0005206947954165683
55295.77993122274	0.9988653379547459	0.0005202430765299835
55295.8003655302	0.999850080184416	0.0005203281042418555
55295.82080003777	0.9996915014434407	0.0005203496537850419
55296.00470961262	0.9995911983209682	0.0005204103150048622
55296.02514412165	0.9999328172699813	0.000520453495281028
55296.04557853085	0.9999043793894217	0.0005204786491402884
55296.06601284017	0.9991994983683941	0.0005203614246677482
55296.08644734973	0.999380239049527	0.0005204177257944965
55296.10688175933	0.9993287796708904	0.0005204137257880459
55296.12731606912	1.0002736438973656	0.0005205417882913618
55296.147750579024	0.999522714859491	0.0005204617111365518
55296.168184989096	0.9993120009882177	0.0005204814522950286
55296.18861929929	1.0006122000661974	0.0005205880101951814
55296.20905380966	1.000451680280477	0.0005205701728228424
55296.22948812014	1.0012085889747724	0.0005206720586858904
55296.2499225308	1.000293587884311	0.000520572071685865
55296.270357041634	0.9999039204332218	0.0005205137515878426
55296.29079135253	0.9992511393577749	0.0005204527172442296
55296.311225763646	1.0003128987804057	0.0005206149523470265
55296.33166027489	1.00087655163378	0.0005206748490226157
55296.35209468624	1.000645663836706	0.0005206436093696594
55296.372528997774	0.9996506853844115	0.0005204918725913418
55296.392963509425	1.0009931105957564	0.0005206881943142636
55296.41339792124	0.9986329110311343	0.0005203824799228138
55296.43383223318	0.9970537533102345	0.0005201242232652438
55296.45426674524	0.9970501962268289	0.0005201393279754573
55296.474701157524	0.9975096256949171	0.0005202175666836472
55296.49513546987	0.9965758940493314	0.0005200999215242785
55296.515569882395	0.9968485975176113	0.0005201120629238435
55296.536004395086	0.9975107954578584	0.0005202122356717156
55296.5564387079	0.9973980172053933	0.000520198873774004
55296.57687312083	0.996882737277996	0.0005200921871220569
55296.59730763393	0.9980122986842147	0.0005202995592910247
55296.61774194721	1.0006771511162136	0.0005206584531080256
55296.638176360604	0.9993306975889497	0.0005204729430632229
55296.65861087411	1.0009612624264723	0.0005206906850707698
55296.6790451878	1.0000760510064595	0.0005205706387256437
55296.6994796016	0.9993981717725408	0.0005204635277800958
55296.71991411557	0.99964487902706	0.0005205162206864354
55296.74034852967	0.9998166423308431	0.000520510831377537
55296.76078284388	1.000919532860209	0.0005206431397163628
55296.781217358315	1.0001841241789995	0.0005205566763690465
55296.80165177282	1.0000248175494428	0.0005205589097550703
55296.84252060228	1.0011343475043404	0.0005206917121711978
55296.86295501725	0.9991579569815912	0.0005204099689580978
55296.88338933233	0.9990498300727069	0.0005204108271556894
55296.903823847584	0.9999929365183888	0.0005204956520590152
55296.92425826296	0.9996383517295754	0.0005204760516769009
55296.94469257851	1.000084654085586	0.0005205333375406486
55296.96512709417	0.9997349442499596	0.0005205229087232984
55296.98556150995	0.9981740736200128	0.000520269416039879
55297.00599582591	1.0000902725811593	0.000520533306200923
55297.026430341975	0.9995609435524965	0.0005204477360123852
55297.04686465822	0.9997256515128132	0.0005204885675338557
55297.06729907459	1.0007104254992236	0.0005206163696341707
55297.08773349112	0.999977837110458	0.0005205460315437193
55297.10816800778	1.0001173228200115	0.0005205305641150995
55297.12860232455	0.9999537272206793	0.0005204946300462631
55297.14903674149	0.9997969347035103	0.0005204647557039872
55297.16947125855	1.000112718347168	0.0005205277444479567
55297.18990557579	1.0005213363752403	0.00052057585846593
55297.21033999314	0.9997263653345484	0.0005205072563806987
55297.23077451064	1.0000205282819912	0.0005205288685818389
55297.25120882825	1.0008278331942955	0.0005206134959115668
55297.27164324604	1.000165074702981	0.0005205307061267822
55297.292077763945	0.9992391986699933	0.0005203962521670261
55297.312512082	0.9997581633765993	0.0005204860569969125
55297.33294650022	1.0000038074092474	0.000520488320983232
55297.35338101856	1.0005074443190665	0.0005205993466005431
55297.37381543702	0.9999547625582129	0.0005204916450576323
55297.39424975565	0.9996455766332989	0.0005204940818144329
55297.4146842744	1.0003453337869455	0.0005205638361216646
55297.43511869327	1.0001973435149696	0.0005205808021598277
55297.4555530123	1.0005118488367635	0.000520594202377129
55297.47598753149	1.0002132471589926	0.0005205584624408582
55297.4964219508	0.9995064554921677	0.0005204779638919962
55297.51685627024	0.9998111279769207	0.00052050302939236
55297.537290789835	0.9996628316590023	0.0005204866988645928
55297.557725209575	1.00033728675408	0.0005205594094856843
55297.578159529425	1.0002742841594454	0.0005205727270094693
55297.59859404943	0.9994921841178471	0.0005204827730531851
55297.61902846958	0.999966918005312	0.0005205307561132068
55297.63946278983	1.0006989930011805	0.000520604233076613
55297.68033173083	0.9995574739724818	0.000520496472678659
55297.70076615152	0.999977050475406	0.0005205194615883888
55297.72120057234	0.9993475713573476	0.0005204320697067423
55297.741634993334	1.0005380961327015	0.0005205820109394443
55297.762069314434	0.9998273813687222	0.0005205146816349984
55297.78250373569	0.9994117248040255	0.0005204518463085115
55297.80293825706	1.0001588515927	0.0005205659369156522
55297.82337257857	1.0011182336201618	0.0005206906979830666