55139.42362310112	0.9998090841352624	0.0005109545151423117
55139.44405584569	1.0001616797931967	0.0005110097425357677
55139.46448839027	0.9997888951679411	0.0005109530949494463
55139.484921034855	0.9994729732573072	0.0005108705870566421
55139.50535357931	0.9996747954406342	0.0005109049352764269
55139.52578632378	0.999888372690826	0.0005109259949470878
55139.546218968244	1.000086736422674	0.0005109550707052183
55139.5666515127	0.9994670772779631	0.0005108648305154023
55139.58708425705	0.9998734186448585	0.0005108913637770541
55139.607516901284	0.9996528633587699	0.0005108511040298511
55139.627949445625	0.9992499622036902	0.0005107993025195498
55139.64838208986	1.0001498839242333	0.0005108984506170493
55139.66881483409	1.0000336254486568	0.0005108640824632675
55139.6892473782	0.9995944926439642	0.0005108244133902747
55139.709680022315	1.0000203993851746	0.0005108639709334846
55139.73011276643	1.0005882408139253	0.0005109292537414055
55139.75054531054	0.9993659589757361	0.000510747135629895
55139.77097795454	1.00000333901705	0.000510837447161508
55139.79141069854	0.9998267468709864	0.0005107820461243337
55139.81184334242	0.9996347698041825	0.0005107606923758795
55139.8322758863	1.0008121106074237	0.0005109097723579443
55139.85270853018	0.9995457949006611	0.0005107159837212453
55139.87314127406	0.9996521335107389	0.0005107627985175763
55139.893573817826	0.9997306551693329	0.0005107810185367974
55139.91400646159	0.9997964591033847	0.0005107343881020014
55139.93443920535	1.0004729294393573	0.0005108338981363235
55139.975304392654	0.9999631956266727	0.0005107155370031187
55139.9957371363	0.9998731080369281	0.0005107217565190724
55140.01616967983	0.9993512990831506	0.0005106304609634258
55140.03660232348	0.9994108920123772	0.0005106296679962886
55140.05703496689	1.0005430312070118	0.0005107741133396372
55140.07746761043	1.0004085262594846	0.0005107547849411919
55140.097900253844	1.000155167648009	0.0005107055752792793
55140.13876564067	1.0003700421456772	0.0005106831660995756
55140.159198183974	0.9999437266485057	0.0005106585806894378
55140.17963082727	0.9996311207307889	0.0005105806867764117
55140.20006357057	0.9996763394632293	0.0005105997790700073
55140.220496113754	1.0012665352311871	0.0005107971840384258
55140.24092875705	1.000465937985108	0.0005106620407534983
55140.26136140012	0.9997373472676037	0.0005105372285351409
55140.2817940433	0.9998703118717163	0.0005105655503064145
55140.30222668636	1.0010250506673375	0.000510723609062189
55140.32265932943	0.9999088177773817	0.0005105345479623255
55140.3430919725	1.000631659541947	0.0005106483750711546
55140.363524615444	0.9997981028450325	0.0005105013881056677
55140.404389901465	1.0003175914677684	0.0005105489520480692
55140.42482254429	1.001069172827995	0.0005106475116960989
55140.44525518713	0.9996816844021955	0.0005104333795811208
55140.465687729964	0.999866872879068	0.0005104559079947082
55140.48612047279	1.001083635792916	0.0005106159400194022
55140.50655311563	1.0003003395255372	0.0005105028422695341
55140.52698565835	0.9994617346855275	0.0005103710299423334
55140.54741840106	0.9997373956946655	0.0005103888987868802
55140.56785094366	1.000050546255384	0.0005104652249719441
55140.58828358638	1.001479708039644	0.0005106222350768645
55140.60871622898	0.9988135802797231	0.0005102296767239451
55140.629148971464	0.9971241864307817	0.0005099920746401188
55140.649581514066	0.996797795017837	0.0005099454950510027
55140.67001415655	0.997204621117721	0.000509976072026382
55140.69044689903	0.9950831872935575	0.0005096696897085039
55140.71087944152	0.9967287278221223	0.000509883771119598
55140.73131208388	0.9967519567748399	0.0005098697825632827
55140.75174482637	0.9963264915349117	0.0005098069390806452
55140.77217736874	0.9975937036013764	0.0005099748543038768
55140.79261001099	0.9974390774493175	0.0005099268829967465
55140.81304255335	0.9973717059834595	0.0005098986372790074
55140.83347529561	1.0001668806788615	0.0005102847785693207
55140.87434057999	1.000190380216223	0.0005102620062866232
55140.894773222244	0.9999128720999175	0.0005101950489606601
55140.91520586438	1.0003382382233177	0.0005102437784357677
55140.93563850651	0.9992841187733348	0.0005100897616947136
55140.976503790545	1.0002441274687577	0.0005101919044730377
55140.99693643268	0.9999951697937859	0.0005101533403424681
55141.017368974586	1.0015756499854427	0.0005103337981148763
55141.0378017166	0.9997844550378744	0.0005100976471691589
55141.058234358505	1.0001584924166922	0.0005101235627878402
55141.07866690047	1.0003654614600308	0.0005101524270157539
55141.099099642306	0.9999458220301817	0.0005100881410727412
55141.11953228415	1.0000381682202555	0.0005101203222537753
55141.139964926	0.99957100268975	0.0005099991198004784
55141.16039756778	0.9998050286300275	0.0005100169063755492
55141.18083020957	0.9993984748585657	0.0005099536422238869
55141.2012628513	1.0011007702824528	0.0005101622199162443
55141.22169539302	1.0010588596109378	0.0005101496319726363
55141.24212813469	0.999765774207845	0.0005099745550924236
55141.26256077636	0.9997815231164299	0.0005099511993688559
55141.282993317975	1.0005345777776218	0.0005100337811578121
55141.30342605958	1.0003283388101512	0.0005099847091151509
55141.32385870114	1.0002898228968917	0.0005099778459952872
55141.34429124268	1.000759395248447	0.0005100328692205757
55141.405589167116	0.9991830558280075	0.000509789383732323
55141.42602180855	0.9996327181923407	0.0005098069135472548
55141.44645454999	1.0004925803360483	0.0005099229812361594
55141.46688709136	1.0000145637409146	0.0005098606755012477
55141.48731973274	0.9993296846394217	0.0005097367722341312
55141.50775247406	1.0007132933963911	0.0005099261964094424
55141.528185015384	0.9998590841444205	0.0005097690242716446
55141.54861765664	0.99957829842317	0.0005097482922383521
55141.56905039785	0.9992443787977221	0.0005096931002278006
55141.5894829391	1.0005746157575082	0.0005098476209563931
55141.60991558031	1.0019082328102968	0.0005100327295576593
55141.671213503745	1.0000709823890281	0.0005097332711467496
55141.691646144835	0.9992281243987088	0.0005096072665825011
55141.71207878586	1.0008876630995427	0.0005097982417301246
55141.73251142695	0.9998985267235219	0.0005096731473490975
55141.75294406798	0.9996686224702654	0.0005096241776798753
55141.77337670895	0.9989661781708243	0.0005095063890495827
55141.79380934992	0.9999059324225762	0.0005096519251093112
55141.81424199089	0.9994079295470414	0.0005095476411466158
55141.834674531805	1.0001696860432672	0.000509639232463648
55141.855107272655	0.9990330552233739	0.0005094704207941259
55141.87553991357	1.0004885600065283	0.0005096644797672547
55141.895972454426	0.9990772928208681	0.0005094736428446869
55141.91640519522	1.0002584433999064	0.0005095973336315231
55141.936837836016	0.9995760245377128	0.0005094989586800409
55141.95727037681	1.0004186778091924	0.0005096004857385233
55141.97770311755	0.9993135790041325	0.0005094464285628724
55141.99813575829	0.99989571913208	0.0005094993319636621
55142.01856839897	0.999044475907051	0.0005093786190995798