55970.29168523131	0.9989312281791555	0.0005580064192818623
55970.312118705224	1.000529561977459	0.0005583500230583871
55970.33255207961	0.999930333223742	0.0005580829651523055
55970.35298565424	0.9988594940225692	0.0005579381321045324
55970.37341912932	0.9997761754803098	0.00055824884277953
55970.39385250464	0.9989508252615363	0.0005579484414970003
55970.41428608043	0.9996792378507382	0.000557997655628364
55970.43471955644	1.0002667570390649	0.0005584856913905424
55970.45515313281	1.0004139491350073	0.0005584633079371721
55970.49601998659	0.999787091852204	0.0005580165930617506
55970.51645356401	1.000549590138515	0.0005583334005034992
55970.53688704177	1.000593351171547	0.0005585128894418582
55970.55732041988	1.0004024978966186	0.0005585240224899947
55970.57775399823	0.9994078509850796	0.0005582216965618761
55970.598187477044	0.9996882734326363	0.0005584061344188236
55970.6186209562	0.9997404414531362	0.0005581020904017231
55970.639054435596	0.9998425295207708	0.0005584865273093268
55970.65948791534	1.0000035139569086	0.0005584969156909624
55970.70035487599	1.0002786374681316	0.000558332549656341
55970.72078825678	0.9989745448309655	0.0005584139298839172
55970.74122183792	0.9999098120048064	0.000558521982511231
55970.76165531941	0.999619777885337	0.0005585348538986844
55970.78208870125	1.0006062315420303	0.0005586094593297249
55970.80252228343	0.9994901245147454	0.0005585357520956881
55970.82295576597	0.999108361260155	0.0005582921140735011
55970.843389348855	1.0007731649510638	0.0005586921039758126
55970.88425621556	0.9993257995013017	0.0005584700724928893
55970.9046897995	1.00137825447257	0.0005587514460937272
55970.92512318366	1.0005452558669397	0.0005585684986770152
55970.94555666818	1.0001144017630004	0.0005585384588957078
55970.96599025316	1.0003963113469538	0.0005585575348118308
55970.98642363837	0.9999005825528785	0.0005585168286813479
55971.00685722394	0.9999550210071352	0.000558571843018672
55971.027290709855	1.000441370669374	0.0005585921278392574
55971.04772419611	1.0012908625904113	0.0005587050133964407
55971.06815768273	0.9996947870622318	0.0005584954549870625
55971.08859116968	1.000390652585939	0.000558573525897032
55971.109024656995	1.0002394574608595	0.0005585235201549766
55971.12945814454	0.9993192457375536	0.0005584566622647825
55971.14989163255	0.9991444480138393	0.0005584045263187552
55971.17032522079	1.0002379050367527	0.0005585608788188287
55971.1907586095	0.9997177517781748	0.0005585331054992841
55971.21119209843	1.0001967500904303	0.0005585359189033454
55971.231625687724	1.0000380234200976	0.0005585019679567285
55971.25205917748	0.999999305909932	0.0005584844329358247
55971.27249256747	1.0008673209641126	0.0005585719745292997
55971.2929261578	1.0006622511866006	0.0005585344208434047
55971.33379303952	1.000080683719125	0.0005584376698139358
55971.35422663091	1.0004216079739467	0.0005585005528706403
55971.374660022644	0.9995126565458309	0.0005584313429397162
55971.39509361461	0.9999521710880344	0.0005584922538160576
55971.41552710704	0.9998377286224736	0.00055847958850074
55971.435960499824	0.999816930090737	0.0005584624340990966
55971.456394092835	1.000157602880522	0.000558518572451
55971.47682758632	0.9990486967160032	0.0005583786711832003
55971.49726098003	0.998261361165165	0.0005583217240379619
55971.51769457409	0.9961344036433999	0.000558046708249795
55971.5381280685	0.9973884941276365	0.0005581965769304413
55971.55856166338	0.9974130338470619	0.0005582431915776066
55971.57899505849	0.9965497034634968	0.0005581470281712538
55971.59942855395	0.9965648598755021	0.0005581466892772549
55971.61986214976	0.9963868162699907	0.0005581015220915276
55971.660729042305	0.9982040577634458	0.0005583172423873489
55971.681162639165	0.9977768972002106	0.0005582679242564305
55971.701596036364	1.0007458306899668	0.0005585811006702299
55971.722029633806	1.0006835327324914	0.0005586333545826848
55971.74246313171	0.9988253420976781	0.0005583982638174424
55971.76289662984	1.0001332329965942	0.0005585715644491386
55971.78333012833	0.9998008465523311	0.0005585421363530115
55971.803763627286	1.0007029623506238	0.0005586332283930794
55971.824197126465	0.9996333975313769	0.0005585179653396663
55971.86506412589	1.0001933148545477	0.0005585633739007132
55971.885497626114	1.0002469777579135	0.0005585350595980459
55971.9059311267	0.9999133704870422	0.0005585227551140426
55971.92636462762	1.00056586873727	0.000558545683694937
55971.94679822879	1.0003662352212783	0.0005585184216400241
55971.96723163042	1.0007748771897813	0.0005585880498513273
55971.9876651324	1.0007236683903467	0.0005585098606727358
55972.00809873461	1.0000970674165215	0.0005584770961509415
55972.02853213729	1.0003495985859554	0.0005584934350947919
55972.04896564019	0.9995928641454792	0.0005584037156814896
55972.06939924357	1.0002410150666539	0.0005584613541377012
55972.08983264718	1.0002459277544598	0.0005584501906073776
55972.11026625113	1.0005825210658101	0.0005584745770675589
55972.13069975544	0.9995582086736718	0.000558342027355182
55972.1511331601	1.000714912255503	0.0005584832319565685
55972.1715667651	1.000695960323198	0.0005584612108430186
55972.19200027046	1.000681100451492	0.0005584444190279094
55972.21243367616	1.0003641747980403	0.0005583685003581123
55972.23286728221	0.9997944427761843	0.0005583024936694113
55972.2533007885	0.9993759750396886	0.000558219326213352
55972.273734395254	1.0010178917162122	0.0005583892979434986
55972.29416780223	0.9999539841312985	0.0005582558560313399
55972.314601309685	1.0001103163688123	0.0005582872322182028
55972.33503491737	0.9991920382840814	0.0005581687016541274
55972.35546832551	1.0002148495060357	0.0005582469548434209
55972.3759018339	0.999644957560297	0.0005581650766832006
55972.39633544263	0.9999226719068235	0.0005581797819824603
55972.416768951705	0.9990457390501564	0.0005580483814515828
55972.43720246114	0.9995523326276854	0.0005580758894884113
55972.45763597092	1.000728701371831	0.000558187231001025
55972.47806948104	1.0000047309714564	0.0005580875789017196
55972.49850299152	1.0000272843205558	0.0005580996478460029
55972.51893650235	1.0004157466176051	0.0005581284484568414
55972.5393700134	0.9994749828411882	0.0005580263715716487
55972.55980352493	0.9994653311967652	0.0005580100564000779
55972.580237036804	1.0001480838968342	0.0005580524273915018
55972.600670548905	1.000659854463604	0.0005581088746634956
55972.64153757429	0.9999332166753573	0.0005579994053786623
55972.68240460094	0.9993984749821794	0.0005578993077314499
55972.7028381148	0.9998866454859874	0.0005579481307345936
55972.723271728995	0.9988018821382042	0.0005578667739409273
55972.74370514355	1.0000678587315013	0.0005579797970235818
55972.76413865845	0.9998024213258452	0.0005579263787716206
55972.7845722737	1.000174374250853	0.0005579859386470133
55972.8050056893	0.9988005830721388	0.000557837421735093
55972.82543930525	0.9996890343564837	0.0005579211643073541
55972.845872821425	0.9999084815460872	0.0005579595191859075
55972.86630623807	0.9996780721799425	0.0005579204675442172
55972.88673985495	1.0001097596416573	0.0005579754840254528
55972.907173372296	1.0002724496006425	0.0005579840926164009