55814.49077878889	1.0002288987397565	0.000512523581890395
55814.51121209342	1.0003903493578277	0.0005125385275314586
55814.53164539796	1.0003333706991784	0.0005125264793887507
55814.552078702036	1.0005062124742685	0.0005125066979970558
55814.57251200588	0.9997959552368071	0.0005124303031086087
55814.59294530925	1.0000245078796426	0.0005124594379094192
55814.61337861239	0.9994854120844374	0.000512430666849518
55814.63381191529	1.0004250171343014	0.0005125074918263343
55814.65424521797	1.0001681191036444	0.0005124820157260254
55814.67467852018	1.00053614655713	0.000512495152713184
55814.695111922156	1.0002028481187482	0.0005124714560534487
55814.7155451239	0.9993063441737904	0.000512380549307429
55814.73597852518	0.999767480130896	0.0005124158553798551
55814.756411826456	0.9987860154446854	0.0005123382137045283
55814.77684502727	0.9996975213729613	0.000512394368228041
55814.79727842762	0.9998906968729564	0.0005124172603039099
55814.81771172796	1.0008764715008496	0.000512546843393144
55814.838144927846	1.0001364351499826	0.0005124473917411541
55814.8585783275	1.0001978629869404	0.0005124457192310425
55814.879011626675	0.9997488986192996	0.0005123896357760962
55814.89944482563	0.9999556382229416	0.0005124276227837195
55814.91987822435	0.9999846343246409	0.0005124256630565455
55814.94031152283	0.9998450643129967	0.0005123966872248879
55814.96074482085	0.9992227464869725	0.0005123230442848355
55814.98117811887	0.9999397107157371	0.0005123910124807611
55815.001611316184	0.999891009326065	0.0005124001778916152
55815.022044613506	1.000890574912113	0.0005125137336621868
55815.042478010364	1.000228643272275	0.0005123829926589123
55815.06291130698	0.9985403155111706	0.000512257424335675
55815.08334460337	1.0000577680559926	0.0005123951750176203
55815.1037778993	0.9998396994239197	0.0005123548450603282
55815.124211195216	0.9994942878949661	0.0005123167735404167
55815.144644590444	1.0020993364899584	0.0005125725379373956
55815.16507778567	1.0002936070893953	0.0005123729408356321
55815.185511080424	0.9986912377597728	0.0005122171978418385
55815.205944474954	0.9995044226515499	0.0005122942685491797
55815.22637766925	1.0002527503614478	0.0005123767163644421
55815.246810963305	0.9994297925935477	0.0005122924068697059
55815.2672443569	0.9996314127040704	0.0005122965370248133
55815.28767755027	1.0001891692590028	0.0005123419825576381
55815.30811084339	0.9999453905600975	0.0005122988916004203
55815.32854423606	0.9996498649149471	0.0005122838456148447
55815.34897742849	1.001005371693654	0.0005124479255049503
55815.369410820684	0.9997327112816795	0.0005123043646767318
55815.38984411242	0.9998120330375578	0.0005122870707788044
55815.41027730415	1.0005086442781066	0.0005123564009806487
55815.430710695415	0.9998086921818238	0.0005122741588399053
55815.45114398622	1.0001782547211386	0.0005123082868125161
55815.47157717702	1.0005377709865326	0.0005123454690073181
55815.49201056735	0.9992953003602371	0.0005122160057556133
55815.51244385746	1.000853873435695	0.0005123674731277644
55815.532877147096	1.0003930446581661	0.000512320397942557
55815.55331043673	0.9996322427007317	0.000512248341360981
55815.5737437259	1.000163144742494	0.0005122920974108624
55815.59417701484	1.0001262287396284	0.000512246265647558
55815.61461030331	0.9997715575891858	0.0005122400588874743
55815.63504359155	0.998731058223134	0.0005121429925653148
55815.65547687956	0.9994213959927271	0.0005121828105045577
55815.67591016733	0.9999159774699207	0.0005122129331095652
55815.69634345464	0.9987506891994059	0.0005121038636863019
55815.71677684171	0.9968985174259788	0.0005119042690105173
55815.73721002856	0.9969077953510743	0.0005119065186599229
55815.75764331517	0.9971876200654162	0.0005119291953839336
55815.77807670132	0.996338524047287	0.0005118108087555043
55815.79850988722	0.9967074310997625	0.0005118704287235131
55815.818943172904	0.9968247266758904	0.000511871006347027
55815.83937655811	0.9967958701765196	0.0005118623572815126
55815.859809743095	0.9973199729686668	0.000511876168806242
55815.880243027845	0.9976335814666214	0.0005119541030289747
55815.90067641236	0.9988417687497595	0.000512055633101794
55815.921109596406	1.0009045344541623	0.0005122672180482217
55815.941542880224	1.001064533490958	0.0005123079589534134
55815.9619762638	0.9999979454511895	0.0005121768102711196
55815.982409547156	0.9994395787531299	0.0005121255498218323
55816.00284273004	0.9998174938540804	0.0005121433381846047
55816.0232761127	1.0000327114143042	0.0005121663227190806
55816.04370939511	0.9995480598097193	0.000512124158278121
55816.06414267707	0.9997185066964756	0.000512134845910913
55816.08457595878	0.9992061390518919	0.0005120632958011745
55816.10500924027	1.0003581425188415	0.0005122020813705415
55816.12544262153	1.0002244109272502	0.0005121909220632353
55816.145875802315	0.9994165926913519	0.0005120763552990963
55816.16630908287	1.0006412249363652	0.0005121916898691774
55816.1867424632	1.000503342503252	0.0005121920914525964
55816.20717564305	1.0001253360758215	0.0005121625810362877
55816.22760892291	0.9998401295438037	0.0005121335312054494
55816.24804230231	1.0011156570464859	0.0005122511999700245
55816.26847548123	1.000642066458384	0.0005121965924746454
55816.30934213862	1.0006133347833652	0.000512168934223161
55816.329775316844	1.0006492213628022	0.0005121811018748916
55816.35020859461	1.0009234397375943	0.0005121998107409732
55816.370641872374	1.0002100560250038	0.0005121048917371211
55816.391075149666	1.0001175154191793	0.0005120992348417411
55816.4115085265	0.9998682478120157	0.0005120754350927794
55816.43194170333	1.0002342214126878	0.0005121115766141093
55816.45237497969	0.9996889902913774	0.0005120579001043408
55816.47280835583	1.0005602255715744	0.0005121315149561744
55816.49324153173	0.9996461615660311	0.000512034096825941
55816.51367480716	1.0004126359841463	0.0005120992278981487
55816.534108182364	0.9998070687407272	0.0005120643814600154
55816.554541457335	1.0000646620348046	0.000512047255906694
55816.574974632065	0.9997292405327792	0.0005120233921134289
55816.59540800634	1.000160760539276	0.0005120595513591793
55816.61584128038	0.9990791639310327	0.0005119475963468375
55816.63627445418	0.9999714395382724	0.0005120619273962143
55816.65670782775	0.9998905139009256	0.0005120230472362506
55816.67714110086	0.9996235841584145	0.0005119877465598959
55816.69757447373	1.0005416915562622	0.0005120951043526555
55816.71800764614	1.0005729306982836	0.0005120730408095873
55816.73844091855	0.9994620110550059	0.0005119805830438837
55816.758874290485	1.0000350768210442	0.0005120391855736026
55816.779307462195	0.9998187864459765	0.0005120186445431597
55816.79974073367	1.0000186246541167	0.0005120196971698388
55816.82017410468	1.0003903136586152	0.0005120767705250841
55816.84060727546	0.9995795384129103	0.000511982179320632
55816.861040546006	1.0005523121615865	0.0005120563112173941
55816.88147391608	0.9997814362821679	0.0005119846191162346
55816.90190708616	0.9999131964490323	0.0005119913008395609
55816.94277372492	1.000613764768357	0.0005120378716526041
55816.96320689407	0.9993080022080464	0.00051192583320228
55816.983640162754	0.9994767681824424	0.0005119389216946612
55817.0040734312	1.00014054082559	0.0005119909767560961
55817.02450669942	0.9997693158438083	0.0005119862662734922
55817.044940067164	0.9999669060907578	0.0005119781931931897
55817.065373334684	0.9997977358978055	0.00051195466869897
55817.08580650197	0.9994509813898186	0.0005119196882443489
55817.10623986879	0.9998274745623273	0.0005119847016542541