55658.70074600519	0.9995110892833388	0.0005161702892812693
55658.72118043954	0.9996568313933005	0.0005161850044844691
55658.762049008816	0.999942217359424	0.0005162369901704235
55658.78248344375	1.0002937117046526	0.000516273658058419
55658.8029177788	0.9995707366769206	0.0005161862414620913
55658.82335201407	1.000267610500489	0.0005162566840167471
55658.843786449586	1.0000243024747886	0.000516228002708808
55658.86422078522	1.0000661789215017	0.0005162537653206023
55658.88465502107	1.0004138350423717	0.0005162877329939443
55658.90508945711	1.0007550152483256	0.0005163305443379131
55658.925523793325	0.9996521068221149	0.0005161934296082498
55658.945958229764	1.0005689211454067	0.0005163168828839385
55658.966392466325	0.999745178645822	0.0005161873837778318
55658.98682680312	1.0003211660449132	0.0005162756459171369
55659.00726124008	1.0008054053681608	0.0005163074361812548
55659.027695477285	0.9993488464172952	0.000516140283639899
55659.048129814604	1.0008481259515833	0.0005165196664742384
55659.06856425215	0.9996697772971064	0.0005162016125791627
55659.088998489875	0.9997855622158046	0.0005161918285431684
55659.10943292777	0.999499507080949	0.0005161919374079541
55659.1298672659	0.9996006746251347	0.0005161833904652999
55659.15030150415	1.0006623896603088	0.0005163077612711922
55659.17073594264	1.0000650642784783	0.0005162131361328255
55659.19117028129	1.0004268594023493	0.0005162585398102305
55659.21160452012	0.9999887668432922	0.0005162016407387778
55659.23203895918	1.0005997354352958	0.0005162901870572554
55659.25247329836	1.000869245887203	0.0005162963005781817
55659.27290753777	1.0000208104232071	0.0005162010938924678
55659.29334197736	0.9997368876888856	0.0005161669521486573
55659.31377631712	0.999853883215926	0.0005161652747227785
55659.334210757115	0.9998830250770094	0.0005161789635805092
55659.35464499728	0.9998047481660006	0.0005161580506066288
55659.375079337566	0.9996003057861382	0.0005161375182737867
55659.395513778145	1.0005770055824008	0.0005162544237146664
55659.41594801884	1.0013107302161535	0.0005163403789647505
55659.4363823597	0.9996934987044471	0.0005161522404699876
55659.456816800805	1.000256968240454	0.00051617922754522
55659.477251042015	0.9997535879220922	0.0005161410988292681
55659.49768548347	0.9996437924340098	0.0005161258601237376
55659.518119825094	1.0001715731541148	0.0005161700506614161
55659.53855406695	1.0001377850957363	0.0005161689595175685
55659.55898850892	0.9995574131988239	0.0005160983135586456
55659.57942285113	1.0002168455416052	0.0005161592721368549
55659.599857193505	1.0001155793194865	0.0005161356341086795
55659.62029153606	0.9993306263934137	0.0005160663228586937
55659.640725878795	0.9988849243916296	0.0005160199353280623
55659.661160221694	1.0003340859561891	0.0005161733847147927
55659.681594564834	0.9995422649099435	0.0005160863699177543
55659.70202890809	1.00072689704018	0.0005162340040748691
55659.72246335157	1.00045723760205	0.0005161699215013828
55659.742897595235	0.9995608632643996	0.0005160491628329369
55659.76333193907	1.0000845470841462	0.0005161368307656977
55659.78376638314	0.9996468765704493	0.0005160614230307254
55659.804200627324	1.0005176851390887	0.0005161626755824306
55659.824634971745	0.9986896137549728	0.0005159555323671775
55659.84506941633	0.9996992275012463	0.0005160518080720517
55659.86550366104	0.9997273612660695	0.0005160409262318457
55659.88593800599	0.9993996033460796	0.0005159977952367015
55659.90637245116	0.998816806250764	0.0005159461760112662
55659.92680669645	0.9973096888421663	0.000515755694958129
55659.94724114198	0.99692626535433	0.0005157121941169231
55659.96767548761	0.9963973245042491	0.00051566210250309
55659.98810973349	0.9954925281476602	0.0005155283340697432
55660.00854417954	0.996391698788495	0.000515617129326464
55660.028978525756	0.9959862952017966	0.0005155793732213001
55660.049412772154	0.9964715794459481	0.0005156218332233115
55660.06984721878	0.9961832203445703	0.0005155978361703782
55660.09028156553	0.9964470334855294	0.0005156147779154873
55660.11071601251	0.9987662567603077	0.000515858341698111
55660.131150259665	1.0013547910706817	0.0005161832233196418
55660.15158460699	0.9994092954614772	0.0005159550458188549
55660.172019054495	0.9989083927217676	0.0005159122722227828
55660.19245330217	0.9999636516954207	0.0005160175243069982
55660.21288765002	1.0012055210277238	0.0005161607050588961
55660.23332209805	1.000094365789009	0.0005160293861982789
55660.253756446305	1.0000101600931475	0.0005160255212306776
55660.29462514335	0.9994973125636856	0.0005159133051527843
55660.31505949207	0.9998465722514767	0.0005159923358072297
55660.335493841034	1.0005771611175998	0.0005160497363315237
55660.35592819023	0.9999499524609791	0.0005160100640852963
55660.37636253953	1.0001932112293492	0.0005160374447962173
55660.396796889014	1.0002999115502205	0.0005160221903111658
55660.41723123873	0.9992678273286095	0.0005159011941430135
55660.43766548856	1.0002948201276325	0.0005160346582046879
55660.45809993862	0.9990272496814331	0.0005158864177223278
55660.478534288864	0.9993117513982752	0.0005159085173635608
55660.498968739215	0.9998267580677432	0.0005159654168165658
55660.519402989805	0.9994354246330752	0.0005159418844123912
55660.56027179156	1.0000567282537576	0.000516230140136129
55660.580706042674	0.999316637055538	0.0005159234929568639
55660.60114039396	0.9998434978149184	0.0005159664710017454
55660.62157484548	1.0009760485526076	0.0005161069600610581
55660.642009097115	1.0001024050499248	0.0005159939553122647
55660.662443448986	0.9995072559493742	0.0005159146042443338
55660.682877901025	1.0008228445265324	0.0005160759889395011
55660.703312153244	0.9990514075649688	0.00051586952864959
55660.72374660558	1.0003092173753407	0.00051601371561544
55660.74418095814	1.0004927761420783	0.0005160206350100957
55660.76461531089	0.9993033638547502	0.0005159084567174112
55660.785049663864	1.0004169041121564	0.0005160222790106186
55660.80548401695	0.9995972488155616	0.0005159407453263664
55660.82591837022	0.9984600661820932	0.0005158305787255375
55660.84635272366	1.0004152472980747	0.0005160217035230522
55660.86678707733	0.9996273183417186	0.0005159569192743023
55660.88722143112	1.0000414313965325	0.0005159714388026674
55660.907655785144	1.0006123124136073	0.0005160447667711954
55660.928090139336	1.0010703109520707	0.0005161170085800863
55660.94852459365	0.9997408837056068	0.000515967026567592
55660.9689589482	1.0001715802069344	0.0005160101846375965
55660.989393202915	0.9997983800397181	0.0005159694691915096
55661.009827657814	0.9995482071072606	0.0005158958842841235
55661.030261912885	1.0001095851525257	0.000515991422647641
55661.050696268125	1.0002699308570204	0.0005160045743807823
55661.07113072355	1.000148985575409	0.0005160156664257731
55661.09156497914	0.9997876880408496	0.0005159592370850616
55661.11199943491	1.0008837161695716	0.0005160678024215499
55661.13243379085	1.0004558526087155	0.0005160360434018037
55661.15286804703	1.0002955947995096	0.0005160273430566742
55661.17330250332	1.0012150154438957	0.000516156199698794
55661.19373685979	1.0003821349301982	0.0005160314506368604
55661.21417111649	1.0001860691244417	0.0005160118545292347
55661.2346055733	0.999200062317903	0.0005159208840130424
55661.25503993035	0.9999311331739718	0.0005159925208527826
55661.27547418752	0.9997436342701653	0.0005159586823817494
55661.29590864491	0.9992084345563514	0.0005158781711048825
55661.31634300249	1.0013030156880858	0.0005161439970378973