55243.28468389492	0.9991363434243378	0.0005483922512308082
55243.30511754789	1.0000473666732201	0.0005484908618316138
55243.325551301205	0.999888519112458	0.000548474988463047
55243.345985154876	1.0001676758430698	0.0005484647980928305
55243.366418909005	0.999427754910672	0.0005483747421879795
55243.38685256326	1.0002018373340293	0.0005484693701256845
55243.407286417976	0.9998513267345167	0.0005484396975096968
55243.427720173044	1.0007529613873796	0.0005485963031908971
55243.448153828336	1.0000378321914365	0.0005484364617434827
55243.4685876841	0.9999544284552211	0.0005484214145655182
55243.489021440095	1.000233273240723	0.0005484319576894325
55243.50945509644	0.9986688754898416	0.0005482937605413329
55243.52988895314	0.9992327455041168	0.0005483532231323322
55243.55032271007	0.9990881255602786	0.0005483164390513337
55243.57075636746	1.0003076978103593	0.0005484837388133895
55243.59119012509	0.9989393059596832	0.0005482942513614451
55243.611623983175	1.000428717127628	0.0005484455157933575
55243.6320577415	0.9998178327293641	0.0005484364894326371
55243.65249140018	1.0012403562052916	0.0005485703076403458
55243.6729252592	1.000078129019253	0.000548406834548125
55243.693359018456	1.0002918611520646	0.0005484281693368637
55243.71379267818	0.9996072369071153	0.0005483762110620007
55243.73422653813	0.9994826977562329	0.0005483133955689261
55243.754660198436	0.999779142430522	0.0005483702316645192
55243.77509395909	0.9995659666260412	0.0005483267985440646
55243.79552782009	1.000276497689844	0.0005484086884531247
55243.81596148144	1.0009259835807534	0.0005485113999990254
55243.83639524315	1.0000160007840537	0.0005483730471284604
55243.856829105076	0.9999913636555668	0.0005483555810959279
55243.87726276748	0.9998376343961228	0.0005483246685767422
55243.89769653011	1.0001454954660687	0.0005483989494465065
55243.91813039309	1.0003703347465986	0.0005484011316357765
55243.93856405642	1.0006750313082295	0.0005484102921836867
55243.958997820104	1.0012796612526005	0.0005484902225140996
55243.97943168401	1.0000911852148067	0.0005483777893849183
55243.99986534839	1.0004559626610217	0.0005484294592755123
55244.020299113006	1.000434546428021	0.0005484090282063909
55244.04073287797	1.0000244682084416	0.0005483525546886387
55244.061166743275	1.0009503677630385	0.0005484529302251829
55244.081600408936	0.9987156925710196	0.0005481751159466148
55244.10203417482	0.9999702731399466	0.000548311735148056
55244.12246804118	1.0003137928296704	0.0005483577602411396
55244.16333547472	1.000641854800397	0.0005483934475917343
55244.18376934212	0.9999763970907185	0.0005482939350843966
55244.20420300976	1.0006427879996396	0.0005483693020329269
55244.224636777624	0.9996605995115145	0.0005482658186051957
55244.245070645964	0.9998199428500446	0.0005483028509338765
55244.265504314535	1.000602265027994	0.0005483561206012209
55244.28593808357	0.9997664851077666	0.0005482869954568705
55244.306371952836	0.9992267221378166	0.0005482423858997812
55244.326805622455	0.9996814032579919	0.0005482575089827865
55244.3472393923	1.000203774264128	0.0005483381295754279
55244.36767316262	1.000458544018551	0.0005483678744822801
55244.38810703317	1.0004834562240705	0.0005483603471205718
55244.408540704186	1.000300589909919	0.0005483560848218815
55244.42897447543	1.000266394100527	0.0005483379152822233
55244.44940834703	0.9996518657587594	0.0005482525181128357
55244.490275791264	0.9984805221889577	0.0005480877156002496
55244.510709563794	0.9965205805011735	0.0005478555737256576
55244.53114333667	0.9972636707768423	0.0005479489153730224
55244.55157711001	0.995858903566497	0.000547817350290209
55244.57201088359	0.9961121363297984	0.0005478226389253428
55244.59244465751	0.9960935669770333	0.0005478380800015979
55244.61287843167	0.9956226702244708	0.0005477671344827666
55244.63331220629	0.9961874045011909	0.0005478515702039089
55244.65374598115	0.9967462786707151	0.0005479049366868558
55244.67417975647	0.9984730578370897	0.0005481132029070611
55244.694613532025	1.0000946714512289	0.0005482789927585769
55244.715047307924	1.0007124249026047	0.0005483552909610938
55244.73548108406	0.9996705106654376	0.0005482443483870493
55244.755914760666	0.999238415314262	0.0005481970980932091
55244.776348637504	0.9998231892655142	0.0005482815580202732
55244.7967824148	0.9995847781647901	0.0005482426935594551
55244.817216092335	0.9999280780939769	0.0005482841565424403
55244.83764997021	0.9998071686192737	0.00054827852646972
55244.85808374833	0.9998426909559984	0.0005482840103036205
55244.878517526915	1.0006952552822448	0.0005483944730835609
55244.89895130585	1.0002096065013104	0.0005483418400860553
55244.919385085006	0.9987996355371722	0.000548153782940555
55244.93981886452	0.9998562465253861	0.000548307351016903
55244.96025264438	1.0007244947915521	0.0005484173122791353
55244.98068642459	0.9998835554540458	0.0005483350549893575
55245.00112020504	0.9999862174551506	0.000548314525751486
55245.02155398595	1.0006257199438078	0.0005483982178222821
55245.04198776709	1.000346986472704	0.0005483638809390658
55245.06242154858	0.9997485481948685	0.0005482840207043197
55245.08285543042	0.9994150416896492	0.0005482235779206749
55245.10328911261	1.000094257475782	0.0005483313063791727
55245.12372289515	0.999425919838812	0.0005482785787191951
55245.16459046104	1.0001770276910087	0.0005483623634454899
55245.18502424463	1.0005222953771726	0.0005483775590837992
55245.20545802833	0.9999977938524593	0.0005483387960295723
55245.2258918125	1.0006011533211223	0.0005484037069430714
55245.24632559702	0.999966402921965	0.0005483169937139908
55245.266759381775	0.9997398936816135	0.0005483207187079812
55245.28719316699	1.0008558033500332	0.0005484350984188914
55245.30762695244	1.0003096636308393	0.0005483513121214836
55245.32806073823	0.9999699023935823	0.0005483128216915656
55245.34849452427	1.000309843190341	0.0005483864503723251
55245.36892831077	0.9993185740708316	0.0005482425543593994
55245.3893619975	0.9989747517166269	0.0005481826127640014
55245.40979588469	0.9991374307983677	0.0005482147276069093
55245.43022967212	0.9992465773438589	0.0005482285704292115
55245.450663359894	0.9998539189532922	0.0005483173634103208
55245.49153103639	0.9997082434262318	0.0005482955012297517
55245.5119647251	1.0000544845356805	0.0005483009338002067
55245.53239851427	0.9998808095908445	0.0005483162571981359
55245.55283240368	0.999235534682198	0.0005482108460340943
55245.573266193314	0.9994165327969505	0.0005482878502429114
55245.59369988342	1.0000290612375622	0.000548326893334677
55245.61413377388	0.9995341139214166	0.0005482574918884681
55245.634567564564	0.9998772504830102	0.0005482971041154915
55245.6550012556	0.9994751340779261	0.0005482689640008343
55245.67543514699	1.000262969724456	0.0005483311880783104
55245.695868938725	0.9997823727540874	0.0005482524951832135
55245.716302630695	1.0008057930650434	0.0005483711083685939
55245.73673652313	1.0001856254842674	0.000548305286677385
55245.757170315796	1.0004931562230708	0.0005483277956760685
55245.777604008814	1.0007403565791555	0.0005483464019124091
55245.79803790218	1.0014273456990554	0.0005489301371273955
55245.81847169589	0.9998409352672758	0.0005482735994290035
55245.83890538996	0.9998795421221232	0.0005482683699087649
55245.85933928426	0.9999600204420053	0.0005483061483329759
55245.8797730789	0.9999409731352891	0.0005482782825239236