55710.64517517204	0.9997401171625542	0.0005199337299257115
55710.66560956355	0.9997671269758889	0.0005199258758706567
55710.68604415494	1.0008576172988863	0.0005200829071314221
55710.72691323749	0.9992344165338768	0.0005198698587659463
55710.747347628654	0.9997259727055331	0.0005199198859628471
55710.76778211981	0.9994139344501459	0.0005199156947629526
55710.788216710855	0.9999745633101959	0.000519966110786123
55710.8086511019	1.0002373347502658	0.0005200227889070655
55710.82908559282	0.9997992929428204	0.0005199797553367693
55710.849520183634	1.0001041649920874	0.0005200104039666072
55710.86995467445	1.0006097043759192	0.0005200794854138687
55710.890389065135	0.9998059192928509	0.0005199894201337813
55710.91082365583	0.9995791600043652	0.0005199705377299955
55710.931258146404	1.0004127554990545	0.0005200493967312794
55710.951692536866	0.9994450788593302	0.0005199406233852127
55710.99256151779	0.9994693464760072	0.000519964488330608
55711.01299610802	0.9997326849203189	0.0005200091020380674
55711.03343059836	1.0009738861351507	0.0005201749627227854
55711.05386508847	1.0000934487016118	0.0005200767996001489
55711.074299578584	0.9998441414197128	0.0005200537435986663
55711.0947340687	0.9993932179959787	0.0005200036407409048
55711.115168458695	1.0005911285311067	0.0005201628266739115
55711.13560304857	0.9999974920814098	0.0005200861685026976
55711.15603753845	0.9990696909221326	0.0005199511977678175
55711.176471928215	0.9996108211167002	0.0005200490629190054
55711.19690651786	0.9987190281690435	0.0005199456101901641
55711.217341007505	1.0003066915370307	0.0005201257650683562
55711.23777559715	0.9999156062617393	0.0005201101174264643
55711.25820998656	0.9998807249007046	0.000520073135672273
55711.27864447598	1.0006488610407192	0.0005202124632182315
55711.299079065386	1.0011354796030985	0.0005202639707993862
55711.319513454684	0.9993473670484109	0.000520065667497351
55711.33994794398	1.000055809474588	0.00052014433326784
55711.38081692211	1.0001182018675427	0.0005201556407458734
55711.401251411175	0.9995166146662322	0.0005200869563310456
55711.42168600012	1.0007487050119743	0.0005202576529512306
55711.44212048907	0.9998905630283391	0.0005201494472540357
55711.462554977785	0.9995374617488346	0.0005201003984721108
55711.48298946661	1.000608995465419	0.0005202464490357666
55711.50342395521	0.9997661392130609	0.0005201467915976895
55711.52385854381	1.0004313947785481	0.000520243698011472
55711.544292932405	1.000229901211338	0.0005202043033094239
55711.56472742089	0.9998557446533205	0.0005201722921497206
55711.58516200926	0.9998631042842252	0.0005201973232021448
55711.60559639762	1.000863718094965	0.0005203122917018711
55711.62603088587	1.0006165181767988	0.0005203095569411157
55711.646465374004	0.9996643332882421	0.0005201946551004015
55711.66689986213	1.000893982922807	0.0005203334418901478
55711.68733435015	0.9996352350392426	0.0005202052310104516
55711.70776883817	0.9997531198532962	0.000520222704749733
55711.72820332606	0.9998663666616356	0.0005202266318321742
55711.74863791385	0.999529749271554	0.0005201853352997717
55711.769072301635	0.9996582632132589	0.0005202311817139495
55711.7895067893	0.9999381416660749	0.000520240488511437
55711.80994137697	0.9999697297194106	0.0005202576182606664
55711.83037576452	1.0002824767892826	0.0005203024022662242
55711.85081025195	0.9974257521297124	0.000519970844757058
55711.871244839385	0.9974405033555334	0.0005199965895077551
55711.891679226705	0.9975158888201351	0.0005199973968645753
55711.9121137139	0.9974148008429135	0.0005199812906243253
55711.932548301105	0.997714605873416	0.0005200286620151999
55711.95298278819	0.9969954171854656	0.0005199461450385233
55711.97341727527	0.9976028645717391	0.0005200304555713434
55711.99385176224	0.9962945502602639	0.0005198671524230613
55712.01428624909	0.9969136425683063	0.0005199639055476384
55712.034720735945	0.9975700951453284	0.0005200246113402012
55712.05515522268	1.0006437388787082	0.0005204135588203321
55712.07558970942	1.00033632448791	0.0005203857175547311
55712.096024296035	1.000469374543026	0.0005204296664866564
55712.11645868254	0.9995442853465752	0.000520320410981631
55712.13689316904	1.0004912673039528	0.0005204199954617221
55712.15732775543	0.9997169782905265	0.000520326579743477
55712.1777621417	0.9999596270800538	0.0005203708711008448
55712.198196727964	1.000670993776867	0.0005204502085331787
55712.21863121412	1.0000642721553354	0.0005204041745248454
55712.239065600275	1.0006662682022653	0.0005204779593009242
55712.25950018631	0.9993780602229375	0.0005202926888761405
55712.27993457223	1.0008877530686175	0.000520493579095523
55712.30036905815	1.0004604087387419	0.0005204403145356938
55712.320803643954	1.0000876139057167	0.0005204174114142835
55712.34123802964	1.0003089663384601	0.000520443168422256
55712.36167251533	0.9985589834448486	0.0005202456239356489
55712.3821071009	1.0012255699403014	0.0005205740861092022
55712.40254148636	1.000156390887775	0.0005204323021122298
55712.422975971815	0.999011394353	0.0005203159341060856
55712.44341055715	1.0006339825679267	0.0005204944804963933
55712.46384504249	0.9996207585183026	0.0005203966380187211
55712.484279527715	0.9999552415035113	0.0005204394558712761
55712.504714012815	0.9992687302064772	0.0005203714505325432
55712.52514849792	1.0004270947615366	0.0005205179107246573
55712.545582982915	0.9996978853871675	0.000520411551262043
55712.56601746778	1.001324033037151	0.000520626942130886
55712.58645195266	0.9999414999905463	0.0005204834283693851
55712.60688653742	1.0003158883865866	0.0005205214128155718
55712.62732092217	0.9995304358943086	0.0005204177290020278
55712.647755406695	1.0007112972579537	0.0005205781266171486
55712.66818999134	1.0000863021573616	0.0005204881467952503
55712.68862437574	1.0007003281468314	0.0005205765534719325
55712.70905896015	1.0009853443023162	0.0005205996185309676
55712.72949344444	1.000124153558451	0.0005205330694495303
55712.74992782873	0.99894986286891	0.000520394604603706
55712.770362412906	1.0005479532626653	0.0005206064713413031
55712.79079689697	0.9997932549108156	0.0005204970518102323
55712.81123128102	1.0004263696707645	0.0005205873612917207
55712.831665864964	1.0001897281225123	0.0005205667855418967
55712.85210034879	1.0004804451279967	0.0005206056432139983
55712.872534732494	1.0002479118645022	0.0005205876830252279
55712.89296931632	1.0003300280377436	0.0005205988378569233
55712.91340379992	0.9998214237103056	0.0005205109959359357
55712.933838283505	1.0001200624639406	0.0005205633998501792
55712.95427276698	1.0001254612758008	0.0005205912083789741
55712.9951417337	0.9996206849531207	0.0005205225853147564
55713.015576216945	1.000224916540372	0.0005206192645711772
55713.036010700074	0.999839385812268	0.0005205745420553241
55713.056445183196	0.9994936605023863	0.0005205820719971907
55713.07687966621	0.9996855679890985	0.0005205527669090493
55713.09731414922	0.999251719706135	0.0005205302897767242
55713.117748731995	0.9997563114947378	0.0005205875693174625
55713.138183114774	1.0002138860241918	0.0005206567472872385
55713.15861759755	1.0004552467812888	0.0005206577036031317
55713.17905218021	0.9992252154721655	0.0005205423827425075
55713.19948656276	0.9987684407804334	0.000520491658008143
55713.21992114518	0.9994998957499329	0.0005205994977613449
55713.24035562761	0.9991824352822325	0.0005205524190873656