54983.63879894539	1.0008972923128592	0.0005175922622529999
54983.65923346356	0.9998194020354666	0.0005174667454622299
54983.67966778149	1.000022042551839	0.0005174752736856475
54983.70010219919	1.001526720022837	0.0005176655151699946
54983.72053671689	1.0005015891272393	0.0005175415821295037
54983.740971134364	0.9994725270296541	0.0005174417468422887
54983.76140545183	0.9999206781976637	0.0005175199734108928
54983.781839869065	1.0003551369850034	0.0005175833272134851
54983.802274386304	1.0003757395137236	0.0005176055027722719
54983.8227087033	0.9997356050062234	0.0005175103509659165
54983.84314312007	1.0006385431038107	0.0005176249432140033
54983.86357763685	1.0006707004528268	0.0005176521130001321
54983.88401195338	0.9995022315259068	0.0005175106787015463
54983.904446369685	1.000505348494433	0.0005176420791748444
54983.92488078599	0.9998335916702976	0.0005175699798258495
54983.94531520229	0.9993203394077927	0.0005175285133793865
54983.965749618364	0.9996339168378412	0.0005175519630502716
54983.986184034206	1.000120393314811	0.0005176465052161044
54984.00661834981	0.9992132991444941	0.00051753817957198
54984.02705286565	0.9993696161337976	0.000517561894307063
54984.04748728102	1.0001700330663934	0.0005176550444533921
54984.08835611153	1.0007896176204942	0.0005177501780148598
54984.108790526676	1.0001065674547354	0.0005176727813644195
54984.12922484158	0.9992041194443808	0.0005175703085149946
54984.149659256254	1.0005150039388362	0.0005177269566556332
54984.17009377093	0.9988148934125862	0.0005175750253465645
54984.1905280856	1.0001385718752867	0.0005177341241462186
54984.21096249981	1.000019938197771	0.0005177362758071942
54984.23139701426	1.0007105508044638	0.0005178010888697608
54984.25183142823	0.9983845195289229	0.0005175382537147286
54984.272265742205	1.000264437451771	0.0005177457672522318
54984.292700156184	1.0005587646578535	0.0005177977064515942
54984.31313466969	1.0002142425009701	0.0005177817066200851
54984.333568983435	1.0006302076743454	0.0005178137892110868
54984.354003396715	0.9988619546276767	0.0005176262577744247
54984.37443790999	0.9990064800370501	0.0005176453250486228
54984.39487222327	1.001030784948835	0.0005178884012633547
54984.41530663608	0.9994493368884153	0.000517743195564329
54984.43574104912	1.0000188040300084	0.0005178069993430856
54984.4561754617	0.9984171295397186	0.0005176270185061138
54984.476609874284	0.9992636559247958	0.0005178161982590595
54984.49704428686	0.9991453897563368	0.0005177125996970801
54984.51747869921	0.9996026077530283	0.0005177882222177623
54984.53791311132	1.0009685436240408	0.0005179815381552569
54984.5583475232	1.0002947398314397	0.0005178795418657494
54984.57878193508	0.9995632309401138	0.0005177942419869004
54984.599216446964	1.0001158094714266	0.0005178830730649667
54984.61965075861	1.000715337506936	0.0005179646171725273
54984.640085170024	0.9996291409498929	0.0005178435035400994
54984.68095399262	0.9999200182155903	0.0005178886582914417
54984.70138840357	0.9999894059490169	0.0005179107330624427
54984.72182281452	0.9991691341262666	0.000517822348640436
54984.74225722523	1.0000045720036432	0.0005179214271648417
54984.76269163595	1.0004078813875499	0.0005179651655332301
54984.78312604644	1.0004743872652697	0.0005179899316670395
54984.80356035668	0.9993691214698145	0.0005178773005473624
54984.823994866936	0.9987097782307002	0.0005178151689729589
54984.844429276956	0.9997695241025715	0.0005179390771399098
54984.864863586976	0.9973260363450637	0.000517664700734824
54984.88529809676	0.9969971357293607	0.0005176426791249852
54984.905732506544	0.9963414315356203	0.0005175798178462583
54984.92616681586	0.9963894321617589	0.0005175663350371801
54984.94660122541	0.996571846080678	0.0005175687668804366
54984.9670357345	0.9969020299510689	0.0005176443071072484
54984.987470143584	0.9969496128568417	0.0005176660168549327
54985.00790445267	0.9968169250186439	0.0005176219305633463
54985.028338961296	0.9977617240764618	0.000517763170052994
54985.048773370145	1.000527198922538	0.0005180990957901169
54985.069207678534	1.000304606399284	0.0005180807043483191
54985.089642086925	1.00055965814223	0.0005181231502369388
54985.11007659531	0.9997986256864722	0.0005180390663142384
54985.13051090323	0.9996860312516747	0.0005180584046234884
54985.15094531116	0.9996941064513635	0.0005180462034816997
54985.171379719075	1.000393746222823	0.0005181509217969461
54985.19181412677	0.9996363531442364	0.0005180949319879095
54985.212248534226	0.9999040240540806	0.0005180886136396678
54985.232682941685	1.0006197814625413	0.0005181989455069775
54985.253117448905	1.000271454850987	0.0005181702306076404
54985.27355175613	1.0006344652204553	0.0005182105858057734
54985.31442046988	1.0012616971675237	0.0005183055451964648
54985.334854976405	0.9996717889704515	0.0005181278791873522
54985.35528938293	0.9998399343199795	0.0005181604632262456
54985.37572368945	1.000257156029878	0.0005182163610546912
54985.39615819575	1.0004130115365892	0.0005182313607851848
54985.4165926018	1.0000309481643996	0.0005181839422092392
54985.43702700763	1.0004609619932536	0.0005182703369151091
54985.45746131346	1.0000445772773665	0.0005182125403894635
54985.47789581929	1.0004988173531384	0.0005182804783650223
54985.49833022488	0.9992608539436114	0.0005181494092572081
54985.51876453024	0.9998444654050247	0.0005182424015656431
54985.53919903537	1.0000424705180855	0.000518257078403051
54985.5596334405	0.9994651927407038	0.0005181807122224593
54985.580067745395	0.9999933797712973	0.0005182709757225789
54985.60050215029	1.0011056129473201	0.0005183905857876081
54985.62093665495	1.0003552514782632	0.0005183464005707407
54985.641370959616	1.0009846647580016	0.0005184219478434028
54985.68223976824	0.9999155278306191	0.0005183140955980873
54985.70267417221	0.9995634315131615	0.0005182827001730642
54985.86614939996	1.000233359441743	0.0005184168544698491
54985.88658370276	0.9996819732834379	0.0005183890799187901
54985.907018205326	0.9988549780214863	0.0005182841626530381
54986.131796624955	0.9991562677618685	0.0005184388220172607
54986.152230925894	0.9997265792864432	0.0005185124169686028
54986.172665326594	1.00061524619806	0.0005186161295435181
54986.1930997273	0.9997963610334264	0.000518524713119801
54986.213534227776	1.000039999493516	0.0005185584357242278
54986.23396862801	1.000328869777076	0.000518585807232012