55762.56876749813	0.9998082385725876	0.0005200338144591807
55762.58920165215	1.0002937298166854	0.0005200742579658508
55762.6096356057	1.0011917122261198	0.0005202087134488478
55762.63006965902	1.000057977279987	0.0005200557034501521
55762.65050381234	0.9997469045310025	0.0005200208626087194
55762.6709378652	1.0002318519383375	0.0005200580940828411
55762.69137191782	0.9998975887323949	0.0005200063693564684
55762.71180596998	0.9995854509190301	0.0005199618168563897
55762.73224002214	1.0009114404434134	0.0005201298980046161
55762.75267407406	0.9996157098492928	0.0005199734982888659
55762.77310812552	1.000055219493128	0.0005200005626292157
55762.81397632797	1.0010588123256003	0.00052010843034288
55762.99788277573	0.999323573402001	0.0005198882010001943
55763.01831672416	1.0002183053895666	0.000519992985353668
55763.038750872365	1.0007780446928507	0.000520050690832498
55763.05918492033	0.9991646169603268	0.0005198854228351265
55763.07961886783	0.9998665766174791	0.0005199515934811426
55763.10005301533	0.9994637284949628	0.0005199101100523483
55763.12048706236	0.9998684963303868	0.0005199187147426301
55763.1409211094	0.9997071799869529	0.0005198790840544367
55763.16135515597	0.9998143112617794	0.000519915765221285
55763.1817892023	1.0007690202105406	0.0005200260121305212
55763.20222324841	1.0003571866246017	0.0005199752288612729
55763.22265729428	0.999538111989298	0.0005198734872136718
55763.243091339915	0.9997166514650032	0.0005198794150587245
55763.26352538509	0.9995898149966622	0.000519885090163242
55763.283959430264	1.0002295445531555	0.0005199431524066942
55763.304393474966	1.000287806739748	0.0005199343043171611
55763.32482751944	1.0005140142248647	0.0005199425273080844
55763.34526156392	0.9998553966918653	0.0005198726217674528
55763.3861297517	1.000681464209385	0.0005199589089133409
55763.40656369501	0.9993807423013462	0.0005198240390694521
55763.426997738316	0.9999243210869895	0.0005198574851111443
55763.46786582401	0.9998687731050688	0.0005198514444359697
55763.48829986638	0.9995259485826753	0.0005197983477696361
55763.50873400853	0.9996963747139779	0.0005198469262944437
55763.529167950444	1.000280607408121	0.0005198639667747695
55763.54960209212	1.000159714809792	0.00051986243046896
55763.57003613357	1.0001534326298902	0.0005198685198976517
55763.590470074785	0.9997446891919005	0.0005198009747354263
55763.61090421553	1.0003634909666792	0.0005198817698443457
55763.63133825628	0.9992903836605684	0.0005197642555714515
55763.651772296565	1.0000148884440816	0.0005198285075775599
55763.67220633661	0.9992786441129681	0.0005197457478452584
55763.69264037643	0.9997990647423876	0.0005197927538902221
55763.71307441601	0.9996487787828664	0.0005197845394054451
55763.73350845536	0.999495248618748	0.0005197442286651247
55763.753942494484	1.0009895122995234	0.000519888363487237
55763.77437653313	0.9980463015616537	0.0005195808440392506
55763.79481067179	0.9979987307304109	0.0005195605277075778
55763.81524460998	0.9963840863466185	0.0005193838581001218
55763.83567874793	0.9966620199749546	0.0005194178275139259
55763.85611278565	0.9965596248064904	0.0005194257678780948
55763.87654672314	0.9965982308906456	0.000519390713006386
55763.896980860394	0.9968736567148018	0.0005194457966963213
55763.917414797186	0.9969106528207671	0.0005194419733733193
55763.93784883398	0.9981523442577914	0.0005195605839522186
55763.9582829703	0.998320813398386	0.0005195666457183691
55763.978716906626	0.999333811003375	0.0005197219680234063
55763.99915094249	1.0001584447502982	0.0005197698241199423
55764.01958507811	0.9998737873564352	0.0005197318597543963
55764.040019013504	0.9999879474869503	0.0005197484086036994
55764.060453048434	1.0012350484258796	0.0005198720000850627
55764.08088718336	0.9992885881141734	0.000519677550864857
55764.101321118054	0.9999745170510637	0.0005197288204315108
55764.12175525229	1.0000065429247207	0.0005197424964357273
55764.14218928628	0.9991080129898509	0.0005196438828220251
55764.16262322004	0.9998329144591509	0.0005196925488616588
55764.18305735358	1.000225604597306	0.0005197281110169954
55764.22392541994	1.000344813088818	0.0005197265426441637
55764.24435945254	0.9997190264420913	0.0005196814151975165
55764.264793485134	1.0001892834430228	0.0005197127332205765
55764.28522751727	0.9996694883804913	0.0005196515456913727
55764.30566164917	1.0003181345474816	0.0005197234226165945
55764.32609558084	1.0001431071395661	0.0005196771484538188
55764.346529712275	0.9994234848703862	0.0005196157873227104
55764.36696374348	1.0004233382186842	0.0005197242770230906
55764.38739767444	1.000313775939519	0.0005196969706289344
55764.40783180495	0.9992992780430413	0.0005195924935333127
55764.42826583545	0.9998411591819567	0.0005196549097506835
55764.4691338953	1.000882070324723	0.000519739047541454
55764.48956792487	0.9990163572912742	0.0005195665993968141
55764.51000185421	0.9998787350474376	0.000519620342262727
55764.53043598332	1.0001208119632596	0.0005196417375556132
55764.55086991196	0.999753400242186	0.0005196138605678799
55764.5713039406	0.9995021452119262	0.0005195821643981783
55764.591738068775	1.0003387398618142	0.0005196518580386784
55764.61217199672	1.000312904442575	0.0005196489747081471
55764.632606124425	1.0001834512550263	0.0005196172443651857
55764.653040151905	1.0001255387624097	0.0005196018012776324
55764.673474179144	0.9995282030492454	0.0005195595508691257
55764.69390820616	1.0002233070902014	0.0005196232369512098
55764.714342232706	1.0002556091191142	0.0005196244380176359
55764.734776259254	1.0006901968470312	0.0005196654220042951
55764.75521028533	1.0000517487718377	0.0005195857695648796
55764.77564431118	0.9999691195841968	0.000519580943707787
55764.79607833679	1.0011398868212442	0.0005196800619279318
55764.816512462174	1.0000426431980347	0.0005195745089810957
55764.83694638709	0.9996289347109083	0.000519561284033458
55764.85738041201	1.0003213593305964	0.0005195806522641794
55764.877814536456	1.000216289621661	0.0005195860789813357
55764.89824846091	1.000367038322919	0.0005195879854898917
55764.91868258489	1.0000846050227907	0.000519619320683343
55764.93911660864	0.998646456613994	0.0005194145626145409
55764.95955053216	1.0004952541289365	0.0005196004016670228
55764.97998465521	0.9989043219225997	0.0005194209060448897
55765.00041867827	1.0002986436289014	0.0005195625715624597
55765.02085260086	0.9998950692931735	0.0005195188464213984
55765.04128672344	1.0004292174097928	0.0005195541712014919
55765.061720745565	0.9997365629469105	0.00051948667969633
55765.082154667456	0.9995557442066257	0.0005194949687584706
55765.10258878911	1.0011675803501952	0.0005199642267500055
55765.123022810534	0.9995651120187157	0.0005194610491447361
55765.143456831494	0.9996224919779987	0.0005194731347893268
55765.16389085245	1.0008624001771074	0.000519594344471579