56333.785042992626	0.9997984887809643	0.0005627341301561308
56333.80547632056	0.9998960174683605	0.0005627864412262445
56333.82590964873	0.9997138419498036	0.0005627183166752443
56333.84634307737	0.9998038138441155	0.0005627690404010991
56333.86677630623	1.0002588586956658	0.0005627749795159692
56333.88720963545	0.9998403354960278	0.0005627572595694189
56333.907643065024	0.9991781509370408	0.0005626565850628898
56333.928076294935	0.9998648097166908	0.0005627372484907819
56333.9485096252	0.9997245437899017	0.0005627111203118835
56333.968943055705	1.0009844804538717	0.000562846743588307
56333.98937628655	1.0000731156066256	0.000562780495903217
56334.00980971786	1.000925243622256	0.0005628793663643707
56334.03024304941	0.9990204488089263	0.000562666820473383
56334.0506762813	1.0006029225714042	0.0005628285793106162
56334.07110971343	0.9996460612991359	0.0005627399884991813
56334.09154304603	1.0002800996210353	0.000562817957999951
56334.11197637897	0.9998666650752204	0.0005628028390299523
56334.13240971215	0.9997961743763782	0.0005627457887808708
56334.152843045675	0.999874698325466	0.0005627770347697545
56334.173276479545	0.9990364161573886	0.0005626662322986219
56334.19370971377	1.0003211257644962	0.0005628126216970187
56334.214143048346	0.9996996705079071	0.0005627374893679701
56334.23457648315	1.0005412550024186	0.0005627792416211967
56334.25500971842	0.9998866631369278	0.0005627603077681282
56334.27544305393	1.0001713973166322	0.0005628000813342328
56334.29587638978	0.9991552215374994	0.0005626651454645583
56334.31630972598	1.0001881544833713	0.0005627804716243842
56334.33674306254	0.9997055646159255	0.0005627049684801245
56334.357176499434	0.9999392413970813	0.0005627185694885782
56334.377609736686	1.0000562558408002	0.0005627736987380442
56334.398043174166	1.000092873163861	0.000562733056399982
56334.418476512	0.9996179609181448	0.0005626934286927397
56334.4389097503	0.9995271879046508	0.0005627084886678218
56334.459343188835	1.0010779845223448	0.0005628648619962323
56334.47977652771	0.9995369423089888	0.0005627068722235825
56334.500209766826	1.0005959067773726	0.000562781381394076
56334.5206432064	0.9992132467082891	0.0005626484906616638
56334.54107654633	1.0005760176703615	0.0005627542528396456
56334.561509986495	0.9994942636688486	0.000562676952435242
56334.58194322701	1.0003246088539703	0.0005627818040287416
56334.60237656786	0.9995197898200611	0.0005626815889439361
56334.622810009074	1.0006273745425864	0.0005627900713818386
56334.643243250626	0.9988223915458007	0.0005626202182902009
56334.663676592536	1.000358337403626	0.0005627728837520676
56334.68411003468	1.000736941118596	0.0005628079747474065
56334.72497662012	0.9999388866615525	0.0005627561797399728
56334.74541006331	1.000780349702601	0.0005627884049340626
56334.76584330684	1.0014324748525079	0.0005628818200574248
56334.78627675073	0.9998048816981511	0.0005627131680279693
56334.806710094854	1.0006320333944936	0.0005628039313013589
56334.827143439434	0.9993385908047742	0.0005626731991390228
56334.847576784254	1.000076932221799	0.0005627451158511901
56334.86801012942	0.9998197777167199	0.0005627097790434588
56334.88844347505	1.000508932193694	0.0005629003049517907
56334.90887682092	0.9994062766195236	0.0005627054014893175
56334.92931016702	1.0007313999107854	0.0005628330544003066
56334.94974351358	0.9985296980203433	0.0005626280070154974
56334.970176860494	0.9998174330782591	0.0005627227005024264
56334.99061020764	0.999394261840853	0.0005626910661778435
56335.01104365525	0.9978816430260867	0.0005625069482534388
56335.031476903096	0.9964787768556093	0.0005623600382599872
56335.05191025129	0.9971321907921179	0.0005624615069480819
56335.07234369983	0.9962288589127243	0.0005623668335272971
56335.09277694861	0.9973488837273689	0.000562462545554739
56335.11321029785	0.9964006592732482	0.0005623796025454896
56335.13364374744	0.9961014506761772	0.000562338406019985
56335.15407699726	0.9967189742553227	0.0005624457587576298
56335.17451044744	0.9978015750205261	0.0005625450220716091
56335.19494379796	0.9979347614615924	0.0005625538210597784
56335.21537704883	0.9998765289096885	0.0005627630187978409
56335.23581050005	1.0009902053300423	0.0005628726555476022
56335.25624385162	1.0002756697923627	0.0005627950904722584
56335.27667710354	0.999948864121035	0.0005627401747952974
56335.29711055569	0.9998490741758415	0.0005627657018484257
56335.31754390819	1.000087419914956	0.0005627981068173377
56335.33797736116	0.9999538244517993	0.0005627699812752472
56335.35841061436	1.0004967870721706	0.0005627842952010221
56335.378843967905	1.0011141629699314	0.0005629003974792425
56335.39927742169	0.9998497602515538	0.0005627290750372485
56335.41971067594	1.0003528103383634	0.000562809914676466
56335.44014403053	1.0006339765693149	0.0005628408817354433
56335.46057748536	1.0002357918546199	0.0005627798421382532
56335.481010840536	1.0003172160622809	0.000562786339738309
56335.501444096066	0.999948153064765	0.0005627323529560477
56335.52187755206	1.0001811733752406	0.0005627674607303908
56335.542310908175	0.9994882928527858	0.0005626969511865928
56335.562744264746	0.9994954914571006	0.0005627047284316281
56335.58317762167	1.000773067113472	0.000562809463672593
56335.60361087883	1.0002988328133577	0.000562775950715305
56335.64447769431	1.0000210212727758	0.0005627404050563079
56335.66491095252	1.000848130744014	0.0005628157531288082
56335.68534441107	1.0005869362293416	0.0005628002028086673
56335.705777769974	0.9990876493204467	0.0005626737005912057
56335.72621122922	0.999183517135297	0.0005626677118776713
56335.767077848664	0.9999130104540019	0.0005627472717172475
56335.787511308845	1.0004045279074636	0.0005627486168500454
56335.80794456938	1.0006191754204496	0.0005627808467093991
56335.82837793038	0.9998677561405646	0.0005626812114855812
56335.848811391494	0.9985737593670424	0.0005625642577199625
56335.86924465308	1.000045605999697	0.0005627123894730831
56335.88967801501	0.9992431033274688	0.0005626017352218053
56335.910111477286	0.9988948080547315	0.0005625936879977029
56335.9305447398	0.999699690725465	0.0005626897454342471
56335.95097820278	1.0003485064558473	0.0005627193385428472
56335.97141156599	0.9993004821751224	0.0005625927550544297
56335.99184492955	0.9992487079407811	0.0005626246126543578
56336.01227829346	1.000336630248444	0.000562721195539821
56336.03271165772	1.0003684066281815	0.0005627104612307544
56336.09401175247	1.000338288092624	0.0005627007509543479
56336.114445218016	1.000508364002491	0.0005626884783681803
56336.13487858391	0.9996735583338549	0.0005626052151151893
56336.15531185014	1.0007406046603915	0.0005627239502615813
56336.17574531673	0.9999176257592232	0.0005626201966903826
56336.21661195095	1.0005142231240483	0.0005626606791222974
56336.23704541859	1.0002727896720767	0.0005626398640612181
56336.277912054786	0.999736150989156	0.0005626072141600684
56336.298345523355	0.9990528420569983	0.0005624994684462393
56336.31877879227	0.9994492376289804	0.0005625598180812146
56336.33921226153	0.9995615990053417	0.0005625636427864287
56336.35964563115	0.9999502972826702	0.0005625893018971652
56336.380078901115	1.0004440408113673	0.0005626225503280141