55918.350802974186	0.9995982526687562	0.0005318428532736293
55918.37123573914	1.0002660835509354	0.0005320548901321638
55918.412101269685	1.0007761853837682	0.0005320027820286524
55918.432534035164	1.0000751206795084	0.0005319075911914986
55918.45296690087	0.9998062966959955	0.0005318887127848248
55918.4733995667	0.9999273449419436	0.0005318933640488062
55918.49383233276	0.9994855581678064	0.0005318628127420018
55918.51426519893	1.0006008660825938	0.0005319790174399054
55918.53469786528	0.9999899183285961	0.0005319180741023949
55918.55513063187	1.0009062244449762	0.0005320018405179801
55918.57556349856	1.0002804229840367	0.0005319399482178812
55918.59599616544	0.9987524329308204	0.0005318036260993431
55918.616428932546	0.9990612362978196	0.0005318302378222456
55918.636861799765	0.9997405871655881	0.0005319322737294095
55918.657294567165	1.000698150107984	0.0005320167013460948
55918.67772733474	0.9998500925276016	0.0005319054016403175
55918.69816010254	1.0003647690895432	0.0005319667858990094
55918.718592870464	0.9999594321698589	0.0005319744203429405
55918.739025638555	0.9991099842044745	0.0005318736834252221
55918.75945840683	0.9995019819960522	0.0005318970596151733
55918.80032394396	1.0005773567217284	0.0005319964823669633
55918.82075671275	1.0002920539411548	0.0005319892668451316
55918.86162225086	0.9998539324378	0.0005319419435604903
55918.882055020236	1.0014030108620031	0.0005320719899761537
55918.9229205594	1.000743458984015	0.0005320457239521949
55918.9433533293	1.0005076703380873	0.0005320490131714588
55918.96378619932	0.9991630938054291	0.0005319310971917469
55919.00465163987	1.0002091513415337	0.0005320042987800323
55919.025084510475	0.9997314884264544	0.0005319634663834492
55919.04551718119	0.99991781737247	0.0005320140465291446
55919.06595005208	1.0004142287498676	0.000532051605919284
55919.0863828232	0.9989928952508693	0.0005318955954309316
55919.10681549444	1.0007964291636926	0.0005321072163153295
55919.12724836591	0.9997387863226235	0.0005320417183890463
55919.1476811375	0.9994930677222247	0.0005319769235553666
55919.16811390932	1.0010003294167742	0.0005321192914621012
55919.18854668132	0.9999887935106765	0.0005320078974223348
55919.20897945343	0.9998893291390473	0.0005320385110907658
55919.22941222577	1.00056950827529	0.0005321058653151995
55919.249844998296	1.0002716977568777	0.0005320800606901627
55919.2907106438	1.0003381776472025	0.0005321206034719204
55919.331576090066	1.000212858350602	0.0005320974579131092
55919.352008963455	0.9993916975273603	0.0005320231245756904
55919.372441637024	0.998429007301406	0.0005319117698607019
55919.39287441077	0.9998863411651117	0.0005320528162963695
55919.41330728468	1.0004062530706601	0.0005321191671188081
55919.43373995883	0.9994526427999808	0.0005319977170772053
55919.4541728331	1.000404229039531	0.000532098732641412
55919.47460560754	1.0008226992783131	0.00053213991808545
55919.49503828221	0.9999138664127024	0.0005320505298462096
55919.51547115701	0.9994770686439952	0.0005320362882897016
55919.53590393197	0.999522071047531	0.0005320265175389876
55919.556336607166	0.9984327646106388	0.0005318962828070771
55919.597202258024	0.996086519977773	0.0005316651486928481
55919.61763493375	0.9964733801905579	0.0005317301120863706
55919.63806780965	0.9960598119307031	0.0005316748338397709
55919.65850058571	0.9967816685451115	0.0005317608416831067
55919.67893346196	0.9969259808000572	0.0005317642468693688
55919.699366138375	0.9981428616177511	0.0005318687590731636
55919.71979891497	0.9968889083336772	0.000531769588488581
55919.7402317918	0.9975399492022373	0.0005318410740693982
55919.76066446875	0.9994592597884637	0.0005320271666293286
55919.78109724592	1.000234613337307	0.000532106349077093
55919.801530123215	1.0001283068945215	0.0005320953103103138
55919.821962800735	0.9990401476251038	0.0005320327287429144
55919.84239557844	0.9995011596206971	0.0005320334789619001
55919.86282845626	0.9998573454202941	0.0005320559850620573
55919.88326123436	0.9994941925802003	0.00053206564331409
55919.90369401259	1.0006078054922405	0.0005321645599625914
55919.92412679099	0.9990627480578329	0.0005320181542500305
55919.94455956956	0.9996330513249413	0.0005320831932544995
55919.96499244831	1.0014037595045038	0.0005322384616905549
55919.98542512729	0.9999090573525204	0.0005320961118615241
55920.00585790644	1.0004909082257827	0.000532159580537472
55920.026290685775	0.9993575035709243	0.0005320812150396958
55920.04672346528	0.9992546563287515	0.0005320768512576098
55920.0671563449	1.0003997472334785	0.0005321681200394464
55920.08758902481	1.0000250030829274	0.0005321360159993811
55920.108021804845	1.0006317849285142	0.0005321877145500237
55920.128454685044	0.9998342579415408	0.0005320936086074523
55920.14888736548	0.9991042618501013	0.0005320244121585328
55920.16932014604	0.9997251008698206	0.0005321136442615477
55920.18975302682	0.9991788971428109	0.0005320271402866869
55920.23061848892	0.9994425063765603	0.0005320655835459234
55920.25105137022	1.0001812007133577	0.0005321502342906448
55920.27148405171	0.9991018204051691	0.0005320329170395204
55920.29191693343	1.0016163912950775	0.0005322802442951298
55920.312349715256	1.0000763089487155	0.0005321323584796098
55920.332782497324	1.0000147521933345	0.0005321084165348004
55920.35321527957	1.00030035432513	0.000532150173485002
55920.37364806198	1.0001653011812872	0.0005321272483469956
55920.39408084457	1.0001410542123508	0.0005321266072233162
55920.41451362734	0.9997480404778366	0.0005320796422749967
55920.43494641033	0.9992055845678055	0.0005320534784316356
55920.455379293446	1.0001617683285595	0.0005321364275893616
55920.49624476031	0.9996528397270938	0.0005320870769611828
55920.51667764401	1.0007214810970342	0.0005321863890740021
55920.537110427875	0.9998694197187558	0.0005320958906377865
55920.55754311198	1.0006048959804987	0.0005321622824524902
55920.5779759962	1.0002419367218922	0.0005321306016719738
55920.59840878066	1.0008948308962462	0.0005322100271980199
55920.61884146528	0.9989963468002545	0.0005320475022445737
55920.659707135055	0.9993075368720836	0.0005320471632417674
55920.68013992027	1.0003317139630266	0.0005321539177026932
55920.700572705595	1.0004599424682414	0.000532164645779682
55920.721005391155	1.0001688735708216	0.0005321246535963461
55920.741438276884	1.000891108514401	0.000532217703681426
55920.761871062794	1.0003125637855164	0.0005321432411476512
55920.782303748936	1.000029148200701	0.0005321184366518855
55920.82316942168	1.000148240071701	0.0005321415079150515
55920.84360210835	0.9992189251096149	0.0005320699157764218
55920.86403499518	0.9996876789524284	0.0005321076044340867
55920.8844677822	1.0007248717495387	0.0005322154725770472
55920.90490066944	0.9997526908889107	0.000532088127542984
55920.92533335686	1.0001407171507335	0.0005321773261124827
55920.9457661444	0.9995948349780035	0.0005320878667930285
55920.96619903217	1.000427683180905	0.0005321909514058834