55035.562014784526	0.9994911748604913	0.0005061856401058766
55035.58244872714	1.000255119579273	0.0005062493041606574
55035.60288256928	0.9996852382467802	0.0005061785741121856
55035.62331631119	0.9987528479577292	0.0005060724729420923
55035.64375025264	1.0003719599158118	0.0005062394955886603
55035.66418409385	0.9999135979863313	0.000506439067160319
55035.68461783483	1.000750298638194	0.000506499605555669
55035.70505167558	1.0001017891082375	0.0005062265457242872
55035.725485615854	0.9994210600036959	0.0005061472650042147
55035.74591945614	1.0005648421809499	0.0005064714217652948
55035.766353195955	0.9983927526268026	0.0005060499215985951
55035.7867871353	0.9996219296201715	0.0005061542285526948
55035.80722097465	1.0000795835602085	0.0005061921977165334
55035.82765471354	0.9993567448186733	0.0005061118308588179
55035.848088552186	1.0000141391122102	0.0005061434962258835
55035.868522490375	1.0002607942715802	0.0005061867094959694
55035.88895622856	1.0001508363890514	0.0005061539156313904
55035.909390066285	1.0006223900131364	0.0005062198337370853
55035.929824003535	0.9998723731217954	0.0005061338078320699
55035.95025774079	0.9996920357824208	0.0005061047663922781
55036.113728427415	1.000037791166548	0.0005060993966136045
55036.13416216188	0.9990488282869631	0.0005059634920124888
55036.15459609611	1.0001185700757813	0.0005060706910640963
55036.1750299301	1.000011918310404	0.0005060460863527994
55036.19546366363	1.0002814801415147	0.0005060812945289338
55036.21589759692	0.9997682957189474	0.0005060252676808782
55036.23633142999	0.999476560995593	0.0005059709480897477
55036.25676526259	0.9998860759031482	0.0005060134649041586
55036.27719899519	1.0000236369965831	0.0005060381541165369
55036.297632927315	0.9992445732380989	0.0005059628948653097
55036.31806675922	0.9994621620268951	0.0005059817489504063
55036.33850049065	0.9996814234933455	0.0005059883022014068
55036.35893442185	0.999889796156187	0.000505968973850519
55036.37936825282	1.000058367936714	0.0005060008846512247
55036.399801983556	1.0004722580677552	0.0005060162291347312
55036.42023581382	1.0000371198258333	0.0005059943226146618
55036.44066974409	1.0003620832604496	0.0005060121465390044
55036.461103473666	0.9998125724160005	0.0005059446885675726
55036.48153730323	1.0009679742151483	0.0005060466104975246
55036.50197113234	1.0003186542611522	0.0005059793240932794
55036.52240496145	0.9997277041122443	0.0005059188641816825
55036.54283878985	0.9999683181164731	0.0005059353544555152
55036.56327261826	1.000097352578694	0.0005059543519854601
55036.5837064462	1.0004245136168353	0.000505978049299014
55036.60414027391	0.9998461039662019	0.0005058958958355031
55036.624574101384	1.0003753301264102	0.0005059520052425919
55036.6450079284	1.0010563180367826	0.0005059978420293726
55036.6654417554	1.0004025403644083	0.000505926838591448
55036.68587558195	1.0003175147653132	0.0005059506050546389
55036.70630930803	1.000535183245705	0.0005059272941079438
55036.7267432341	0.9999310881785853	0.0005058775038688245
55036.7676107851	0.9976049714378379	0.0005056353320041965
55036.80847853493	0.9970468137969678	0.0005055552800303873
55036.82891225938	0.9967802123152489	0.0005055109693796094
55036.849346083356	0.99599613037536	0.0005054035180435141
55036.86978000734	0.9961210687094492	0.000505410756693171
55036.89021373086	0.9972853838635308	0.0005055167766109789
55036.91064755414	0.9970387444318396	0.0005055004777029075
55036.931081477196	0.9967932667429302	0.000505451761024399
55036.951515199784	0.998368501250588	0.0005056028444740561
55036.97194902213	1.0002453100653985	0.0005058322093329381
55036.992382844255	0.999814571524421	0.0005058286788829095
55037.012816666145	0.9999230746503259	0.0005057725173728734
55037.03325048756	1.0003601678015908	0.0005057886446880473
55037.053684308754	1.0005362746388382	0.0005058180742448553
55037.074118229706	0.9996218890245921	0.0005057261083823359
55037.09455195043	1.0012981706253576	0.000505889947442801
55037.11498577069	1.000445986513002	0.0005058093861969119
55037.13541949072	1.0000367241965091	0.0005057179248575709
55037.155853410506	1.0007391277556736	0.000505821952953982
55037.176287229835	1.0009837126485803	0.0005058033898995533
55037.19672094893	0.9994227581725741	0.0005056493842102513
55037.21715486779	0.9996941445189381	0.0005056867164328715
55037.23758868642	0.9995312457014807	0.0005056602715653076
55037.25802240458	1.0004741167874753	0.0005057206442293342
55037.278456222506	1.0009616683529565	0.0005057782008076988
55037.298890140206	0.9996180386033745	0.0005056562172791342
55037.339757674665	0.9999103955239835	0.0005056619308668841
55037.36019159143	1.0004835741984377	0.0005057099833033157
55037.380625407735	1.001405671063787	0.0005057699981296714
55037.40105912403	0.9997938634904904	0.0005056304852342303
55037.421492939866	1.0011208082029917	0.0005057275556081553
55037.44192685547	1.0007296953693356	0.0005056887041564204
55037.46236057083	1.0006121642584476	0.0005056818580965164
55037.48279438574	0.9999641795979834	0.0005056105083437972
55037.50322830041	1.0003407337015244	0.000505628358469128
55037.52366201484	0.9998859817727185	0.000505588279101943
55037.544095828816	0.9996215909341883	0.0005055535445034453
55037.56452964279	1.0002002511797419	0.0005056099916914329
55037.58496355629	0.9997142520795081	0.0005055470947272099
55037.60539726933	1.0003137401592501	0.0005056051441030778
55037.625831082376	1.0001744142230236	0.0005055962027719552
55037.646264994946	0.9985554052580933	0.0005054096205098442
55037.66669870729	1.0002841536590232	0.0005055801111588517
55037.68713251917	1.0001411680417904	0.0005055512459289727
55037.70756623104	0.9988142963854906	0.0005054082169518319
55037.72800014245	1.0000804157036356	0.0005055308308137508
55037.7484339534	1.0003060199219107	0.0005055468525511832
55037.76886776434	0.9996913143514707	0.0005054650318098586
55037.78930157482	0.9999614126905951	0.0005054942784187773
55037.80973538507	0.9999810080336178	0.0005055011826055717
55037.83016919508	0.9991728615521203	0.0005054300120430959
55037.850602904626	0.9991433957594291	0.0005053973812525045
55037.871036813944	0.9999717272983221	0.0005054775241412124
55037.89147062302	1.0003181287950507	0.000505497453597509
55037.91190433187	0.9998869177401392	0.0005054445267582117
55037.93233824026	0.9994265308590957	0.0005053879379903713
55037.952772048404	1.0003562581545804	0.000505507178373007
55037.99363966378	1.0000207513878658	0.0005054205024157524
55038.01407347099	0.999837540207593	0.0005053986282513302
55038.03450727798	0.99939013689084	0.0005053811559868128
55038.05494098474	0.9996571260478637	0.0005054093136010112
55038.07537489102	0.9999384079551691	0.0005053932956541954
55038.09580869708	0.9989028960891956	0.000505269882474311
55038.1162424029	0.9995067810382332	0.0005053517593853358
55038.136676308255	1.0003363841896566	0.0005054138510693432
55038.157110113614	0.999585967498118	0.0005053458946949421