54983.63879894539	1.0009101344387494	0.00051759890327905
54983.65923346356	0.9998316109123664	0.0005174730642911927
54983.67966778149	1.0000336413480821	0.0005174812756436095
54983.70010219919	1.00153772991239	0.000517671205921957
54983.72053671689	1.0005119892461674	0.0005175469619250612
54983.740971134364	0.9994823259259092	0.0005174468198761725
54983.76140545183	0.9999298981840823	0.0005175247453165353
54983.781839869065	1.0003637850275846	0.0005175878017070799
54983.802274386304	1.0003838195016457	0.0005176096834476376
54983.8227087033	0.9997431198073162	0.0005175142409817681
54983.84314312007	1.0006455121406355	0.0005176285482593172
54983.86357763685	1.0006771252338102	0.0005176554365724622
54983.88401195338	0.9995081131655913	0.0005175137240287593
54983.904446369685	1.0005107081813496	0.0005176448521729931
54983.92488078599	0.9998384286901749	0.0005175724837388017
54983.94531520229	0.9993246636846117	0.0005175307528380118
54983.965749618364	0.9996377407084068	0.000517553942826752
54983.986184034206	1.000123725811341	0.0005176482300636266
54984.00661834981	0.9992161447076768	0.0005175396534190462
54984.02705286565	0.9993719871354563	0.0005175631222212303
54984.04748728102	1.0001719396816957	0.0005176560312546324
54984.08835611153	1.0007906200085974	0.0005177506965920011
54984.108790526676	1.0001071308333833	0.0005176730729791344
54984.12922484158	0.999204253895764	0.0005175703781584663
54984.149659256254	1.0005147192064587	0.0005177268093178855
54984.17009377093	0.998814200221292	0.0005175746661423675
54984.1905280856	1.0001374781034051	0.0005177335579416516
54984.21096249981	1.0000184548546167	0.0005177355078419455
54984.23139701426	1.0007086864839616	0.0005178001242080158
54984.25183142823	0.9983822905648468	0.000517537098273961
54984.272265742205	1.000261844824725	0.000517744425285419
54984.292700156184	1.00055582199441	0.000517796183598129
54984.31313466969	1.0002109620838886	0.0005177800084439517
54984.333568983435	1.0006265974711723	0.0005178119209754785
54984.354003396715	0.9988580335141728	0.0005176242257906256
54984.37443790999	0.9990022516609458	0.0005176431340727217
54984.39487222327	1.0010262514412012	0.0005178860558299715
54984.41530663608	0.9994445252648148	0.0005177407030063906
54984.43574104912	1.0000137151325477	0.0005178043643259104
54984.4561754617	0.9984117856735398	0.0005176242479912301
54984.476609874284	0.999258055249014	0.0005178132960013582
54984.49704428686	0.9991395486367757	0.000517709573089317
54984.51747869921	0.9995965339693862	0.000517785076033859
54984.53791311132	1.0009622425537963	0.0005179782774753105
54984.5583475232	1.000288235550075	0.0005178761744240153
54984.57878193508	0.9995565355673085	0.00051779077364655
54984.599216446964	1.000108925972761	0.0005178795086303198
54984.61965075861	1.0007082769600113	0.0005179609626732429
54984.640085170024	0.9996219270009202	0.0005178397664575581
54984.68095399262	0.9999125152359901	0.0005178847722725927
54984.70138840357	0.9999817767554497	0.0005179067817793495
54984.72182281452	0.9991613975329712	0.0005178183391281584
54984.74225722523	0.9999967271948293	0.000517917364188841
54984.76269163595	1.0003999437005215	0.0005179610557641528
54984.78312604644	1.0004663714654918	0.0005179857815322315
54984.80356035668	0.999361049207803	0.0005178731174670871
54984.823994866936	0.9987016582509212	0.00051781095889232
54984.844429276956	0.9997613547084909	0.0005179348449160532
54984.864863586976	0.997317858545884	0.0005176604560266636
54984.88529809676	0.9969889446413173	0.0005176384262975619
54984.905732506544	0.9963332422805516	0.0005175755636889859
54984.92616681586	0.9963812514305456	0.000517562085623311
54984.94660122541	0.9965636852966161	0.0005175645285839602
54984.9670357345	0.9968939004926837	0.0005176400858621044
54984.987470143584	0.9969415296663702	0.0005176618196588449
54985.00790445267	0.9968089022222995	0.0005176177645272086
54985.028338961296	0.9977537657762715	0.0005177590402947208
54985.048773370145	1.0005193036676667	0.0005180950074210908
54985.069207678534	1.0002968108267003	0.0005180766668424344
54985.089642086925	1.0005519714186695	0.0005181191697951992
54985.11007659531	0.9997910684768977	0.0005180351505959215
54985.13051090323	0.9996786114956088	0.0005180545595492652
54985.15094531116	0.9996868362257518	0.0005180424360164798
54985.171379719075	1.000386633633997	0.0005181472378530286
54985.19181412677	0.9996294215949746	0.0005180913394809623
54985.212248534226	0.999897279438582	0.0005180851189957728
54985.232682941685	1.0006132340717657	0.0005181955547575054
54985.253117448905	1.0002651248748557	0.0005181669514925804
54985.27355175613	1.0006283613426035	0.0005182074247172569
54985.31442046988	1.0012560862216815	0.0005183026406767454
54985.334854976405	0.9996664547769567	0.0005181251144855839
54985.35528938293	0.9998348803848037	0.0005181578440576147
54985.37572368945	1.0002523945520179	0.0005182138942133243
54985.39615819575	1.000408557247776	0.0005182290533860143
54985.4165926018	1.000026816716781	0.0005181818014256785
54985.43702700763	1.0004571633972361	0.0005182683691225488
54985.45746131346	1.0000411281084407	0.0005182107530665464
54985.47789581929	1.0004957280034212	0.0005182788780136562
54985.49833022488	0.9992581427269551	0.0005181480034027675
54985.51876453024	0.9998421405236686	0.0005182411965261204
54985.53919903537	1.000040546578965	0.0005182560813503287
54985.5596334405	0.999463684484153	0.0005181799302548036
54985.580067745395	0.9999922989227377	0.0005182704155464328
54985.60050215029	1.0011049730157038	0.0005183902544194475
54985.62093665495	1.0003550672451862	0.0005183463051081015
54985.641370959616	1.0009849493489904	0.0005184220952364847
54985.68223976824	0.9999167892751558	0.0005183147494778062
54985.70267417221	0.9995652010471308	0.000518283617692468
54985.86614939996	1.0002396837447773	0.0005184201323302153
54985.88658370276	0.9996889231193716	0.0005183926837839709
54985.907018205326	0.998862563919624	0.0005182880988108897
54986.131796624955	0.9991717903839578	0.0005184468763428655
54986.152230925894	0.9997429111666247	0.0005185208875673065
54986.172665326594	1.000632406699888	0.0005186250237844091
54986.1930997273	0.9998143338738453	0.0005185340343798951
54986.213534227776	1.0000588162124613	0.0005185681929022873
54986.23396862801	1.0003485445448066	0.0005185960069329443