55918.350802974186	0.9995880573645698	0.0005318374287946908
55918.37123573914	1.0002563373912694	0.0005320497060196607
55918.412101269685	1.000767332921062	0.0005319980761465018
55918.432534035164	1.000066716429669	0.0005319031212429962
55918.45296690087	0.999798331825368	0.0005318844755392708
55918.4733995667	0.9999198114223419	0.00053188935672857
55918.49383233276	0.9994784551739215	0.0005318590329792272
55918.51426519893	1.0005941778261214	0.0005319754615644041
55918.53469786528	0.9999836514701813	0.0005319147406135292
55918.55513063187	1.0009003643738534	0.000531998725772016
55918.57556349856	1.0002749736076042	0.0005319370502895095
55918.59599616544	0.9987473929719106	0.0005318009424829281
55918.616428932546	0.999056590609836	0.0005318277647833012
55918.636861799765	0.9997363289487646	0.0005319300080587084
55918.657294567165	1.0006942732634108	0.0005320146402389956
55918.67772733474	0.9998465984698887	0.0005319035428535002
55918.69816010254	1.0003616472285806	0.0005319651257782279
55918.718592870464	0.9999566796431557	0.0005319729560097382
55918.739025638555	0.9991075959280133	0.0005318724120322639
55918.75945840683	0.9994999489148455	0.0005318959776864375
55918.80032394396	1.0005760164016353	0.0005319957697328325
55918.82075671275	1.0002910521915565	0.000531988734080693
55918.86162225086	0.9998535884735091	0.0005319417605647272
55918.882055020236	1.0014029860193305	0.0005320719767765826
55918.9229205594	1.0007440536386825	0.0005320460401006246
55918.9433533293	1.000508564674545	0.0005320494887608459
55918.96378619932	0.9991642797099023	0.0005319317285395935
55919.00465163987	1.000210904379013	0.0005320052312084884
55919.025084510475	0.9997335131742077	0.0005319645437645719
55919.04551718119	0.9999201081548164	0.0005320152653576969
55919.06595005208	1.000416779449492	0.0005320529624611967
55919.0863828232	0.9989956936666421	0.0005318970853965066
55919.10681549444	1.0007994772713535	0.0005321088369446956
55919.12724836591	0.9997420683787427	0.000532043465036072
55919.1476811375	0.9994965788016315	0.0005319787923159228
55919.16811390932	1.001004068608432	0.0005321212791697542
55919.18854668132	0.9999927440970536	0.0005320099991890404
55919.20897945343	0.9998934869991255	0.0005320407234772978
55919.22941222577	1.0005738692148378	0.0005321081844759301
55919.249844998296	1.0002762499692115	0.0005320824821736661
55919.2907106438	1.0003430922043912	0.0005321232177249755
55919.331576090066	1.0002181030246633	0.000532100247996952
55919.352008963455	0.9993970912531436	0.000532025995909174
55919.372441637024	0.9984345410469646	0.0005319147179565329
55919.39287441077	0.9998920203485697	0.000532055838265396
55919.41330728468	1.0004120645058645	0.0005321222582390917
55919.43373995883	0.9994585696817747	0.0005320008718915994
55919.4541728331	1.000410274409599	0.0005321019480753917
55919.47460560754	1.0008288517473887	0.0005321431893685575
55919.49503828221	0.9999201093951597	0.0005320538517144583
55919.51547115701	0.9994833965279335	0.0005320396567150402
55919.53590393197	0.9995284783581891	0.0005320299280281354
55919.556336607166	0.9984392354538503	0.0005318997300271332
55919.597202258024	0.9960930905243718	0.0005316686557482738
55919.61763493375	0.996479997750583	0.0005317336432955367
55919.63806780965	0.9960664624391198	0.000531678383734983
55919.65850058571	0.9967883507828813	0.0005317644065082765
55919.67893346196	0.9969326820512661	0.000531767821343172
55919.699366138375	0.9981495801832393	0.0005318723391168892
55919.71979891497	0.9968956186053541	0.000531773167943
55919.7402317918	0.9975466549667507	0.0005318446492655637
55919.76066446875	0.9994659604419065	0.0005320307334877382
55919.78109724592	1.0002412919949617	0.0005321099019996714
55919.801530123215	1.0001349484331647	0.0005320988437885096
55919.821962800735	0.9990467363090003	0.0005320362375062816
55919.84239557844	0.9995076963803766	0.0005320369584726138
55919.86282845626	0.9998638201564467	0.000532059430475683
55919.88326123436	0.9995005912204947	0.0005320690495336457
55919.90369401259	1.0006141279607432	0.0005321679225124837
55919.92412679099	0.9990689680827161	0.0005320214665206202
55919.94455956956	0.9996391726045363	0.0005320864514800948
55919.96499244831	1.0014097795229346	0.0005322416612844436
55919.98542512729	0.999914946790883	0.0005320992458937951
55920.00585790644	1.000496669714663	0.0005321626450645761
55920.026290685775	0.9993631175599587	0.0005320842040582362
55920.04672346528	0.9992601189924899	0.0005320797599825309
55920.0671563449	1.000405055391408	0.0005321709437431048
55920.08758902481	1.0000301386639858	0.0005321387487586981
55920.108021804845	1.0006367429992689	0.0005321903515083765
55920.128454685044	0.9998390216091374	0.0005320961437447128
55920.14888736548	0.9991088217267006	0.0005320268402991782
55920.16932014604	0.9997294530917794	0.0005321159607750424
55920.18975302682	0.9991830265280617	0.0005320293390371132
55920.23061848892	0.9994461654004163	0.0005320675314725432
55920.25105137022	1.0001846112413475	0.0005321520488751096
55920.27148405171	0.9991049660871657	0.0005320345921504396
55920.29191693343	1.0016192727672617	0.0005322817755707074
55920.312349715256	1.0000789039609124	0.0005321337392642042
55920.332782497324	1.0000170546764193	0.0005321096416873551
55920.35321527957	1.000302354617604	0.0005321512376213712
55920.37364806198	1.0001669879681179	0.000532128145783883
55920.39408084457	1.0001424172686095	0.0005321273324395237
55920.41451362734	0.9997490689454349	0.0005320801896395822
55920.43494641033	0.9992062680884656	0.0005320538423903147
55920.455379293446	1.000162097224313	0.0005321366025784653
55920.49624476031	0.999652426481357	0.0005320868570021054
55920.51667764401	1.0007206800548885	0.0005321859630776234
55920.537110427875	0.9998682216607145	0.0005320952530727726
55920.55754311198	1.0006032883418488	0.0005321614274450274
55920.5779759962	1.0002399103768886	0.0005321295236526003
55920.59840878066	1.0008923728993948	0.0005322087201969936
55920.61884146528	0.9989934531814822	0.0005320459611552143
55920.659707135055	0.9993037290722848	0.0005320451359088331
55920.68013992027	1.0003274288739181	0.0005321516381319019
55920.700572705595	1.0004551724967705	0.0005321621085364898
55920.721005391155	1.0001636098926368	0.000532121853136339
55920.741438276884	1.0008853346441888	0.0005322146334613795
55920.761871062794	1.0003062762082195	0.0005321398963013674
55920.782303748936	1.0000223345437858	0.0005321148110850985
55920.82316942168	1.0001403367704171	0.0005321373028637459
55920.84360210835	0.9992104687356782	0.0005320654128771521
55920.86403499518	0.9996786468921397	0.0005321027969046307
55920.8844677822	1.0007152469462226	0.0005322103538182454
55920.90490066944	0.999742481560301	0.0005320826939366602
55920.92533335686	1.0001298986730909	0.0005321715695740219
55920.9457661444	0.9995834064515736	0.0005320817833479807
55920.96619903217	1.0004156175455636	0.0005321845329290064