56229.925035497465	1.00035782227098	0.0005446614231680744
56229.945468278594	0.9998442185718557	0.0005446257271483625
56229.9659011595	1.0005288458989705	0.0005447039598742363
56229.98633384017	0.9999519468538651	0.000544637567345631
56230.0067666206	1.0004587994569074	0.000544659555889896
56230.02719950104	0.999145171753235	0.000544529469434923
56230.047632181246	0.9997590970066738	0.0005446162119253096
56230.06806496121	0.9997620735395675	0.0005446058318252753
56230.088497841185	1.0000035834107022	0.0005446719771480643
56230.108930620925	0.9995051056507446	0.0005446006350858503
56230.1497961797	0.9997084979593042	0.000544601961726216
56230.17022895874	1.0001483873672015	0.0005446583380882858
56230.190661737775	0.9998698347842726	0.0005446373452648288
56230.211094516584	1.0004172402127545	0.0005446908901390671
56230.23152729539	0.9997072419463657	0.0005446021977351355
56230.25196017373	1.0007454291707643	0.0005447263227359991
56230.27239285207	1.0006826413377827	0.0005447205122192658
56230.29282563018	1.000026935571133	0.0005446642046690246
56230.313258508286	0.9992452386070307	0.0005445920529057643
56230.33369118593	0.9993903854927692	0.0005445890076284722
56230.354123963574	1.0008613274588403	0.0005447235949152068
56230.37455684121	0.9995126809062245	0.0005445989435673153
56230.39498951839	1.0007686335986221	0.0005447334971478072
56230.41542229557	1.00006575098244	0.0005446497732431051
56230.43585517251	0.9990522115801685	0.0005445316459919148
56230.47672072593	0.9987962832938683	0.0005445514329620509
56230.497153402175	1.0002233308192592	0.0005446649590113927
56230.51758617842	0.9997013976937815	0.0005446253413961991
56230.53801905467	0.9997984950045669	0.0005446600106417284
56230.558451730445	0.9986999876505599	0.0005445325970291951
56230.57888450623	1.0002561757365385	0.0005446792505174136
56230.59931738177	0.9994032785311386	0.0005446021341538659
56230.61975015732	1.0002228394083288	0.0005446671003479037
56230.640182832634	0.9999202443546172	0.0005446479462275232
56230.66061570772	1.000826006462827	0.0005447401628341692
56230.68104848256	1.0007228583203687	0.0005447314884143354
56230.70148125718	1.000151515510872	0.0005446627665197063
56230.72191403179	1.0012339201851035	0.0005447490721360061
56230.742346806175	1.0007713492028247	0.0005446996212505182
56230.76277968056	1.0007431988887516	0.0005447385112019768
56230.78321235448	1.0000838516560626	0.0005446295598984881
56230.80364512839	0.9991947497713597	0.0005445522632118679
56230.82407800208	1.0000412292074392	0.0005446527561849469
56230.84451067576	1.000034371045475	0.000544658054915875
56230.86494344898	0.9988537838952224	0.0005445440387686822
56230.8853763222	1.0002568172210577	0.0005446706720513538
56230.90580899542	0.9995039253538007	0.0005446119181020404
56230.92624176817	1.0004149772607438	0.0005446854909497099
56230.94667464092	1.0010120545591545	0.0005447443623968969
56230.96710731344	0.999895248808205	0.0005446517697760401
56230.98754018596	0.9994320967102233	0.0005445860631846139
56231.00797295802	1.0002624676202103	0.0005446551324542295
56231.02840563007	1.0005252093594648	0.0005446763902292438
56231.04883850189	1.0001979596413328	0.0005446621868990167
56231.069271273715	1.0002169437575392	0.0005446646049117064
56231.0897040453	1.001166866167865	0.00054472690241826
56231.11013681666	0.9994660502496512	0.0005445994133307145
56231.13056958778	0.9990298906579159	0.0005445385253476836
56231.1510023589	0.9974708463958029	0.0005444055244328674
56231.17143512979	0.9979823934253997	0.0005444319806588459
56231.19186790045	0.9970649740969018	0.0005443666236273533
56231.2327334413	0.9970352958770031	0.0005443606505975369
56231.25316621149	0.9964798868837671	0.0005442864539185993
56231.27359908145	0.9973125916681652	0.0005443694609631484
56231.29403175141	0.9972856092939026	0.0005443515173343163
56231.314464521136	0.9975154886073835	0.0005443713514352373
56231.334897390625	0.9987631762531186	0.0005445166857965018
56231.35533006012	1.0002423739903246	0.000544670147830101
56231.37576282915	0.9997020795563768	0.0005445917300484537
56231.396195698406	1.0002688519666776	0.0005446667395525134
56231.4166283672	1.0002788958799131	0.0005446296751348479
56231.437061135766	1.0000007108739466	0.000544607509843263
56231.457494004324	1.0002520022313088	0.0005446498239384413
56231.47792667289	1.0004528017894012	0.0005446287181848889
56231.49835954099	1.0003440349604906	0.00054464932936048
56231.51879230908	0.9988022317425125	0.0005445214321047825
56231.53922497694	0.9996399738240201	0.0005445927987167149
56231.55965784458	0.9998651076283829	0.0005446130456476264
56231.5800906122	0.9997258171488448	0.000544612517024639
56231.62095614677	1.0000020649046657	0.0005445908168378641
56231.64138891393	1.0001890554630117	0.0005446226183393476
56231.66182168063	0.9994453616929819	0.0005445952556395905
56231.68225444756	0.999328504278791	0.0005445502465123597
56231.70268721403	1.0002568636480298	0.0005446556301980795
56231.723119980496	1.0002194968794131	0.0005446085187902698
56231.743552846725	1.0003554493518412	0.0005446501694675258
56231.76398551273	0.9999919884340924	0.0005445966188386327
56231.7844183785	0.9995586554527339	0.0005445953619011194
56231.80485104426	0.999791895001897	0.0005446286858062957
56231.82528381003	0.9994732320498299	0.0005445555525007108
56231.845716675336	1.0011175576543307	0.0005447255602247443
56231.86614934064	0.9999319282677164	0.000544594174695479
56231.886582105704	1.0004965686072755	0.0005446424627934411
56231.907014970544	0.9991841948080383	0.0005445206625299938
56231.927447635375	0.9994487183801234	0.0005445474144107357
56231.94788039998	1.0001129089835894	0.0005446330470412445
56231.98874592873	1.0002863144067846	0.0005446322381024623
56232.02961155677	0.99823567281575	0.0005444329541797031
56232.050044220436	0.9998764398187117	0.0005445780788541392
56232.07047708411	0.9998577308415755	0.0005445619571426495
56232.09090984755	0.9993290157118375	0.0005445235216997644
56232.131775373964	0.9999137358057748	0.0005445712968997091
56232.15220813694	0.9992854236005082	0.000544543124649791
56232.17264089968	0.9999993078695193	0.0005445775233432113
56232.19307366242	1.0003624125010828	0.0005447956446517899
56232.21350642493	1.0005409655501947	0.000544836548005773
56232.2339391872	1.000297184076668	0.000544803790245114
56232.25437204925	1.0001939550365826	0.0005446334773206215
56232.27480471129	1.000614114150823	0.0005448260388852486
56232.2952375731	0.9999814399531151	0.0005449426713971525
56232.315670334676	0.998960735944943	0.0005444905630998618
56232.336102996254	1.0006087682495868	0.0005450067814440246
56232.356535857594	1.0000774509928203	0.0005449624036716327
56232.37696861871	1.0001106020598343	0.0005449540283729337
56232.39740127982	0.9994128173412263	0.0005448986764564152
56232.417834140695	1.0000015113736163	0.000544966278215941
56232.43826690134	1.0009533683122538	0.000545022839064541
56232.45869956199	1.0001328651153978	0.0005449624884676868
56232.4791324224	0.9990118200264543	0.0005448388741145481
56232.49956518258	0.999754266560679	0.0005445921754934159
56232.51999784253	1.0010882804372714	0.0005450501021887295
56232.54043070247	1.0008111689845267	0.0005450410813022136