55762.56876749813	0.9998244723618203	0.0005200422581977017
55762.58920165215	1.0003091910662094	0.0005200822966025369
55762.6096356057	1.0012064189232748	0.0005202163548944498
55762.63006965902	1.0000719124176047	0.0005200629500778089
55762.65050381234	0.9997600933061733	0.0005200277227832396
55762.6709378652	1.0002443173704643	0.0005200645753290254
55762.69137191782	0.9999093331319521	0.0005200124771445488
55762.71180596998	0.9995964876255741	0.0005199675579023219
55762.73224002214	1.0009217994530317	0.0005201352811288351
55762.75267407406	0.9996253766041809	0.0005199785266775824
55762.77310812552	1.000064223947561	0.000520005244692046
55762.81397632797	1.0010665291471106	0.0005201124396816655
55762.99788277573	0.9993260719946547	0.0005198895008682995
55763.01831672416	1.0002202898452275	0.0005199940170314704
55763.038750872365	1.0007795260460752	0.0005200514606123425
55763.05918492033	0.9991656049504161	0.0005198859369062181
55763.07961886783	0.9998670864030236	0.0005199518585803192
55763.10005301533	0.9994637717660273	0.0005199101325614831
55763.12048706236	0.999868085516823	0.0005199185011248785
55763.1409211094	0.9997063275892782	0.0005198786407809151
55763.16135515597	0.9998130294417537	0.0005199150986590723
55763.1817892023	1.0007673197907827	0.0005200251285475086
55763.20222324841	1.0003550820473117	0.0005199741349239547
55763.22265729428	0.9995356169324107	0.0005198721895003487
55763.243091339915	0.9997137760010586	0.0005198779197405147
55763.26352538509	0.9995865722803603	0.0005198834036315949
55763.283959430264	1.000225944198891	0.0005199412808567521
55763.304393474966	1.0002838628687063	0.0005199322543533079
55763.32482751944	1.000509738341939	0.0005199403052368857
55763.34526156392	0.9998508049637096	0.0005198702343084638
55763.3861297517	1.0006762675373964	0.0005199562086975442
55763.40656369501	0.9993752704970439	0.0005198211929315459
55763.426997738316	0.9999185764478583	0.0005198544984914685
55763.46786582401	0.9998625255841022	0.0005198481962269188
55763.48829986638	0.9995194698953986	0.0005197949785615161
55763.50873400853	0.9996896736911091	0.0005198434417303005
55763.529167950444	1.0002736932204335	0.000519860373346074
55763.54960209212	1.0001526043242517	0.0005198587345849528
55763.57003613357	1.000146137133305	0.0005198647277804745
55763.590470074785	0.9997372237518005	0.000519797093201388
55763.61090421553	1.0003558599171734	0.0005198778040423561
55763.63133825628	0.9992826119974204	0.000519760213270258
55763.651772296565	1.0000069742461732	0.000519824393613123
55763.67220633661	0.9992706109238635	0.000519741569615389
55763.69264037643	0.9997909144572644	0.000519788516579648
55763.71307441601	0.9996405287788729	0.0005197802496742747
55763.73350845536	0.9994869108854211	0.0005197398929879088
55763.753942494484	1.0009810849039347	0.0005198839865134053
55763.77437653313	0.9980378338543352	0.0005195764357683028
55763.79481067179	0.9979902101996702	0.0005195560918988822
55763.81524460998	0.9963755382843238	0.0005193794022626243
55763.83567874793	0.9966534400083719	0.0005194133560005009
55763.85611278565	0.9965510279939276	0.0005194212870564201
55763.87654672314	0.9965896277880311	0.000519386229382532
55763.896980860394	0.9968650570316405	0.0005194413156176602
55763.917414797186	0.9969020703529414	0.000519437501464015
55763.93784883398	0.998143780389493	0.000519556126267538
55763.9582829703	0.9983122890949329	0.0005195622093250847
55763.978716906626	0.9993253308100305	0.0005197175577425514
55763.99915094249	1.0001500220612065	0.0005197654469538534
55764.01958507811	0.9998654432240431	0.0005197275224955333
55764.040019013504	0.9999796902262744	0.0005197441168538772
55764.060453048434	1.0012268804533329	0.0005198677590227555
55764.08088718336	0.9992805470223178	0.0005196733691149885
55764.101321118054	0.9999665931128856	0.0005197247020275193
55764.12175525229	0.9999987529876264	0.0005197384477008654
55764.14218928628	0.9991003757312948	0.0005196399106241861
55764.16262322004	0.9998254289765265	0.0005196886580620179
55764.18305735358	1.00021828507202	0.0005197243077119881
55764.22392541994	1.0003378649945978	0.0005197229327799051
55764.24435945254	0.9997122859114292	0.000519677911284496
55764.264793485134	1.0001827544856075	0.0005197093406804247
55764.28522751727	0.999663188852186	0.0005196482710494444
55764.30566164917	1.0003120685048592	0.0005197202709548136
55764.32609558084	1.000137291052946	0.0005196741263989865
55764.346529712275	0.9994179330216743	0.0005196129008303643
55764.36696374348	1.000418052451956	0.0005197215310442769
55764.38739767444	1.0003087736572513	0.000519694371773452
55764.40783180495	0.9992945747220022	0.0005195900480093737
55764.42826583545	0.999836758606395	0.0005196526226066953
55764.4691338953	1.0008783100885839	0.0005197370949222522
55764.48956792487	0.9990129426928792	0.0005195648235387279
55764.51000185421	0.9998756675784821	0.0005196187481501485
55764.53043598332	1.000118105054177	0.0005196403311025905
55764.55086991196	0.9997510666033121	0.000519612647677677
55764.5713039406	0.9995001954265943	0.0005195811508198808
55764.591738068775	1.0003371831027006	0.0005196510493398511
55764.61217199672	1.0003117534118118	0.0005196483767632908
55764.632606124425	1.0001827170312942	0.0005196168629198498
55764.653040151905	1.0001252322065275	0.0005196016420106381
55764.673474179144	0.9995283350087334	0.0005195596194623001
55764.69390820616	1.0002238887238704	0.0005196235391141045
55764.714342232706	1.00025665128934	0.0005196249794163674
55764.734776259254	1.0006917110885378	0.000519666208360506
55764.75521028533	1.0000537442333899	0.0005195868063246548
55764.77564431118	0.9999716078695938	0.0005195822366133873
55764.79607833679	1.0011428824155266	0.0005196816169060549
55764.816512462174	1.0000461501467544	0.0005195763310245569
55764.83694638709	0.9996329653905514	0.0005195633789959168
55764.85738041201	1.0003259290939908	0.0005195830258620469
55764.877814536456	1.000221405859809	0.0005195887367326099
55764.89824846091	1.0003727130560154	0.0005195909329312055
55764.91868258489	1.000090846388398	0.0005196225635431378
55764.93911660864	0.9986532670401661	0.0005194181048436331
55764.95955053216	1.0005026668804107	0.0005196042514290558
55764.97998465521	0.9989123222424855	0.0005194250661364145
55765.00041867827	1.0003072658639367	0.0005195670500156058
55765.02085260086	0.9999043090751035	0.0005195236471659934
55765.04128672344	1.0004390939967294	0.0005195593004218812
55765.061720745565	0.9997470745952852	0.0005194921417965621
55765.082154667456	0.9995669061757583	0.0005195007699224771
55765.10258878911	1.0011794240296579	0.0005199703778577268
55765.123022810534	0.9995776097732104	0.0005194675440659609
55765.143456831494	0.9996356738797957	0.0005194799850191926
55765.16389085245	1.0008762930510342	0.0005196015569102915