55035.562014784526	0.9998445925238855	0.0005063646261246324
55035.58244872714	1.0005908399504402	0.0005064192190163469
55035.60288256928	1.0000031093921475	0.0005063395243362737
55035.62331631119	0.9990530800524513	0.0005062246018686261
55035.64375025264	1.0006556071211898	0.0005063830356156997
55035.66418409385	1.0001803505792743	0.0005065741727680482
55035.68461783483	1.001000795069613	0.0005066263867755992
55035.70505167558	1.0003359533743388	0.0005063450738269778
55035.725485615854	0.9996392046044142	0.0005062577422569439
55035.74591945614	1.00076765693693	0.0005065740836553451
55035.766353195955	0.9985798795689875	0.0005061447696172456
55035.7867871353	0.9997943187907173	0.000506241517061523
55035.80722097465	1.0002373749981341	0.0005062720641552221
55035.82765471354	0.9995000541190155	0.0005061844080768649
55035.848088552186	1.0001434629755257	0.0005062089517327249
55035.868522490375	1.0003763645654762	0.0005062451943902267
55035.88895622856	1.0002529076981321	0.0005062055716325507
55035.909390066285	1.00071131419791	0.000506264820923541
55035.929824003535	0.9999483422306862	0.0005061722632743785
55035.95025774079	0.9997554019122787	0.0005061368461720513
55036.113728427415	1.0000110803992661	0.0005060858788212533
55036.13416216188	0.9990122180183965	0.0005059449509173961
55036.15459609611	1.000072277603165	0.0005060472665779312
55036.1750299301	0.9999562820654342	0.0005060179321843232
55036.19546366363	1.0002167706109966	0.0005060485554613582
55036.21589759692	0.9996948579932509	0.0005059880977236366
55036.23633142999	0.9993946777305779	0.0005059294958387904
55036.25676526259	0.9997959801585498	0.0005059678700499087
55036.27719899519	0.9999256399395927	0.0005059885650388454
55036.297632927315	0.9991390600910723	0.0005059094687684905
55036.31806675922	0.9993493218587406	0.0005059246231603525
55036.33850049065	0.9995615425407156	0.0005059276245112326
55036.35893442185	0.9997631618056538	0.0005059048937362505
55036.37936825282	0.999925271417302	0.0005059335416253318
55036.399801983556	1.0003329513006909	0.0005059457709242268
55036.42023581382	0.9998920087680668	0.0005059208999687191
55036.44066974409	1.0002113454265222	0.0005059358989720616
55036.461103473666	0.9996566273612385	0.000505865774204679
55036.48153730323	1.0008068390336233	0.000505965147439222
55036.50197113234	1.0001529024329472	0.0005058954838113401
55036.52240496145	0.9995576165569814	0.0005058327902413324
55036.54283878985	0.9997940391228685	0.0005058471777575078
55036.56327261826	0.9999191837032672	0.0005058642154425743
55036.5837064462	1.0002427009210277	0.0005058860951016605
55036.60414027391	0.9996610952585998	0.0005058022862834946
55036.624574101384	1.000187202463886	0.0005058568573863529
55036.6450079284	1.0008653206198759	0.0005059012997279588
55036.6654417554	1.0002092083434575	0.0005058290660906679
55036.68587558195	1.000122019912524	0.0005058517257112367
55036.70630930803	1.0003377453819995	0.0005058274583342382
55036.7267432341	0.9997321485884826	0.0005057768578698635
55036.7676107851	0.9974040908461341	0.0005055335158268644
55036.80847853493	0.9968447451843068	0.0005054528205945359
55036.82891225938	0.9965779590685965	0.0005054083978864035
55036.849346083356	0.9957940708016477	0.0005053009858987656
55036.86978000734	0.9959192907269201	0.0005053083788135763
55036.89021373086	0.9970839492507723	0.0005054146708569115
55036.91064755414	0.996838209817684	0.0005053988062846025
55036.931081477196	0.9965939017578193	0.0005053506674614976
55036.951515199784	0.9981702131584705	0.0005055024256174171
55036.97194902213	1.0000483134550215	0.0005057325865407536
55036.992382844255	0.9996195920355169	0.0005057300343741268
55037.012816666145	0.9997302745046557	0.0005056749968560479
55037.03325048756	1.0001697521680268	0.0005056923692981151
55037.053684308754	1.0003485612778273	0.0005057231763254262
55037.074118229706	0.9994373460402043	0.0005056327448752455
55037.09455195043	1.0011165871491894	0.0005057982052845607
55037.11498577069	1.0002680878841506	0.0005057194435138709
55037.13541949072	0.999862690352162	0.0005056299160550051
55037.155853410506	1.0005690289071196	0.0005057359767695955
55037.176287229835	1.0008178921826607	0.0005057195997711856
55037.19672094893	0.9992617699887432	0.0005055679336175431
55037.21715486779	0.9995379473352919	0.0005056077054260079
55037.23758868642	0.999380166713307	0.0005055838410960088
55037.25802240458	1.0003282510350606	0.0005056469118648039
55037.278456222506	1.0008213474021448	0.0005057072977149221
55037.298890140206	0.9994837706804439	0.0005055882979265524
55037.339757674665	0.9997885866642018	0.0005056003312440484
55037.36019159143	1.0003683296187957	0.0005056517311381132
55037.380625407735	1.0012972137326772	0.0005057152206646163
55037.40105912403	0.9996927150544678	0.0005055793309566793
55037.421492939866	1.0010269208042097	0.0005056801273214796
55037.44192685547	1.0006434875569268	0.0005056451416268512
55037.46236057083	1.0005338580686074	0.0005056422843025998
55037.48279438574	0.99989405906488	0.000505575053395399
55037.50322830041	1.0002789725463668	0.0005055971409145014
55037.52366201484	0.9998328773165059	0.0005055614270496905
55037.544095828816	0.9995773726873266	0.0005055311813495924
55037.56452964279	1.0001651296807876	0.0005055922374659431
55037.58496355629	0.9996885096415626	0.0005055340769927047
55037.60539726933	1.0002975930977043	0.0005055969826262811
55037.625831082376	1.0001681213080817	0.0005055930216528887
55037.646264994946	0.9985591996293232	0.0005054115409958915
55037.66669870729	1.000298289676648	0.0005055872560179759
55037.68713251917	1.000165875401426	0.0005055637350023621
55037.70756623104	0.9988497687604996	0.0005054261662642009
55037.72800014245	1.00012698256528	0.0005055543699050939
55037.7484339534	1.0003638863535071	0.0005055760977939182
55037.76886776434	0.9997606634316015	0.0005055000961687174
55037.78930157482	1.0000425370951351	0.0005055352879235588
55037.80973538507	1.000074125242622	0.0005055482543588293
55037.83016919508	0.9992781183666679	0.0005054832560362943
55037.850602904626	0.9992610963666168	0.0005054569178304342
55037.871036813944	1.0001022146076557	0.0005055434844081411
55037.89147062302	1.0004615857646584	0.0005055699476678952
55037.91190433187	1.0000434617309089	0.0005055236600101101
55037.93233824026	0.999596374785121	0.0005054738243150822
55037.952772048404	1.0005398729045922	0.0005055999638915955
55037.99363966378	1.0002322027574706	0.0005055273720555211
55038.01407347099	1.0000632384752879	0.0005055127143806309
55038.03450727798	0.9996302382529476	0.0005055025727383463
55038.05494098474	0.9999120235169463	0.0005055381853426623
55038.07537489102	1.0002083367091081	0.000505529724239656
55038.09580869708	0.999187711565668	0.0005054139492128174
55038.1162424029	0.9998071656211522	0.0005055036341703299
55038.136676308255	1.0006526488963667	0.0005055736418816158
55038.157110113614	0.9999178339312009	0.0005055136714995378