55502.91728507307	1.0001785937856698	0.0005354461265753631
55502.97858308329	1.0001796594494767	0.0005354421156779467
55502.99901585325	1.0007905598186306	0.0005354943959752178
55503.01944852309	0.9996164542657132	0.0005353976978357452
55503.03988109293	0.9996459719434511	0.0005354177555961072
55503.08074653215	0.9994258538702732	0.0005354194461324685
55503.10117910164	0.9996487533199061	0.0005354304621868286
55503.12161187114	1.0006396811718237	0.0005355224726887822
55503.14204454051	0.9998032734224809	0.0005354427059993274
55503.18290987892	0.9995551825955262	0.0005354234402653312
55503.203342548055	0.9999366433297133	0.0005354775326164826
55503.223775317085	0.9992784076785599	0.0005353893769737289
55503.244207886	1.0001253006196107	0.0005355162184326622
55503.264640554786	1.0014022479802944	0.0005356130215973903
55503.28507322358	0.999451496346729	0.0005354349471541018
55503.30550589226	1.000087076855493	0.0005354963000318453
55503.325938560934	0.9991539243624954	0.0005354261968395685
55503.3463713295	1.0000167540131817	0.0005354691036126825
55503.366803897945	0.9996283083535966	0.0005354245803421997
55503.38723666627	0.9989480559397171	0.0005353841902087297
55503.40766933448	1.0001147715256562	0.0005354890551233552
55503.4281019027	1.001376521607653	0.000535603488431107
55503.44853467079	1.0000133560769222	0.0005354971194371809
55503.468967338886	1.0005421607812466	0.000535541893456118
55503.489399906866	0.9995547254882025	0.0005353951837912332
55503.509832674725	0.9998851559516096	0.000535432655350115
55503.53026534247	1.0002933243171428	0.0005354534341514074
55503.55069791022	1.0000833529713826	0.0005354513393405465
55503.57113067785	1.0001535129870518	0.0005354256588627446
55503.59156334548	0.9998227815394821	0.0005353950963718264
55503.61199591288	0.999507755253129	0.0005353864128239056
55503.63242868027	1.0002132864733655	0.0005354717528187673
55503.65286134767	1.0006599167817143	0.0005354711011596202
55503.693726681995	1.000855257911749	0.0005355057739396541
55503.714159349045	1.0005533130571351	0.0005354858285589754
55503.73459211609	0.9998368261697321	0.0005353980127944149
55503.75502468302	0.9998072134945938	0.000535419895990739
55503.77545734984	0.9996554199391218	0.0005353801213391565
55503.79589011665	1.0010224349415324	0.0005355205539318847
55503.81632268323	0.9993496498744507	0.0005353875410011617
55503.836755349934	0.9997197832685849	0.000535392053566937
55503.857188116395	1.000297497993564	0.000535463888770283
55503.87762078286	1.0002183228734514	0.0005354442958872989
55503.898053449215	1.000569419023177	0.0005354500725333083
55503.91848611544	1.0001889788671885	0.0005354342989681616
55503.93891878168	1.000045048391398	0.0005354314041685311
55503.97978411391	1.0002290386806896	0.0005354450452906863
55504.00021677991	0.9993598303685626	0.0005354132381756793
55504.020649445796	0.9994334835237798	0.0005353796995521611
55504.04108211156	1.000613800385613	0.00053548790300426
55504.06151467733	1.0000153363223518	0.0005354389605959636
55504.08194744298	0.999128474033393	0.0005353642447296878
55504.10238010851	0.9993072252818808	0.0005353702597243686
55504.12281287405	0.9994651047547157	0.0005354040358922874
55504.14324543947	0.9968599406542674	0.0005351646836944217
55504.16367810488	0.9973771827962755	0.0005352111412530897
55504.18411087007	0.9967795133597198	0.0005351705404476985
55504.20454343537	0.9967278361229251	0.000535127333389725
55504.224976100435	0.9967710764212864	0.0005351560214044206
55504.24540886551	0.9960414601115704	0.0005351059026032385
55504.26584143046	0.997301903995986	0.0005351972772328924
55504.28627409529	0.9957582313993213	0.0005350612641740276
55504.30670686013	0.9977154902802543	0.0005352147257097085
55504.32713942497	0.998948310498245	0.0005353492069848683
55504.347572089566	0.9999076624006187	0.0005354664391333874
55504.36800485417	0.9999707276173299	0.0005354809376682341
55504.38843751866	0.9995245564679154	0.0005354368370446202
55504.40887018314	1.0000519876677774	0.0005354700968465476
55504.429302847515	0.9992627951975481	0.0005353849158415955
55504.44973551177	1.0001519209753047	0.0005354770251051326
55504.4701681759	0.9999461453678724	0.0005354685703054109
55504.49060084016	1.0005558521755111	0.0005355023204060621
55504.51103350418	1.0007986111489235	0.000535540645820497
55504.5314661682	0.9994492195693144	0.0005354023417635906
55504.55189883199	0.9998089544004608	0.0005354373131054641
55504.572331495896	0.9995481174985897	0.0005354119073254581
55504.59276425968	0.999162131563492	0.0005354042617953189
55504.61319682335	0.9995231329190245	0.0005353917281389291
55504.63362958691	0.9999637369500091	0.0005354511968465084
55504.65406215046	1.0002141236223714	0.0005354638295827616
55504.6744948139	1.0003017800688232	0.0005354653783362627
55504.69492757734	0.9997935999897304	0.0005354100945761683
55504.71536014066	0.9997899980817837	0.0005354272494014306
55504.75622556708	0.9995360581050866	0.0005354049001974174
55504.77665813016	1.0000228989108517	0.0005354516514770969
55504.79709079314	0.9997822017019532	0.0005354298594309124
55504.81752355611	1.0000622638574674	0.0005354528101547201
55504.837956118965	1.0011609063750153	0.0005355564152588671
55504.858388881825	1.0001956725364807	0.0005354586198943793
55504.87882154457	1.0007571150397598	0.0005355084499842535
55504.899254107186	0.9997635966936593	0.000535422428756408
55504.919686869696	1.000305865796309	0.0005354844686012547
55504.940119532315	1.0000299838048536	0.0005354601092406513
55504.96055219471	0.9995415653363336	0.0005354196212415635
55504.9809848571	0.9997617941428028	0.0005354158037725578
55505.00141751938	1.0007923921836268	0.0005355203486800269
55505.02185018153	1.0000908437335132	0.0005354713011647264
55505.042282943694	1.0004078012134507	0.0005355279952782619
55505.06271550573	0.9996527698586622	0.0005353964505457703
55505.083148167774	1.000143926128109	0.0005354419826058564
55505.1035809297	0.9996719646060971	0.0005354143516598165
55505.1853114767	1.0003081135772227	0.0005354644554099914
55505.20574423828	1.0002763563327588	0.0005354212024757729
55505.22617689986	1.0006559879035573	0.0005354644723646922
55505.246609461195	1.000238752763287	0.0005354199770119516
55505.26704222266	0.9996560398489155	0.0005353980964498987
55505.28747488389	0.999439458872576	0.0005353522305243214
55505.30790744511	0.9999573882538948	0.000535398564116407
55505.32834020622	0.9996490124058816	0.0005353535119055514
55505.348772767335	1.0000180447542475	0.0005353649935231291
55505.369205528325	1.00018373318478	0.0005353911483268628
55505.38963818932	0.9997209163410459	0.0005353685397094817
55505.4100707502	0.9999543439131806	0.0005353782514211822
55505.43050351096	0.9997218741638922	0.000535325743756982
55505.45093617172	0.9997823820996956	0.0005353419977292796
55505.49180149289	0.9998180275121711	0.0005353243945845596
55505.51223415342	1.0004671411184114	0.0005354125558685643
55505.53266681395	1.0000313400718654	0.0005353441085458814