56229.925035497465	1.0003758344222566	0.0005446712301828546
56229.945468278594	0.9998613212251133	0.0005446350431445883
56229.9659011595	1.000545071098631	0.0005447127931333083
56229.98633384017	0.9999672859637009	0.0005446459220025646
56230.0067666206	1.0004732812786072	0.0005446674399352758
56230.02719950104	0.9991587829341897	0.0005445368874652085
56230.047632181246	0.9997718769217188	0.0005446231737513547
56230.06806496121	0.9997740265626406	0.000544612343060544
56230.088497841185	1.0000147250871843	0.0005446780456852764
56230.108930620925	0.9995154410291701	0.0005446062665264729
56230.1497961797	0.9997172736013906	0.0005446067423516738
56230.17022895874	1.0001564059568144	0.0005446627048320085
56230.190661737775	0.9998771042295426	0.000544641304991621
56230.211094516584	1.0004237802822968	0.0005446944509696459
56230.23152729539	0.999713058655144	0.000544605366455188
56230.25196017373	1.000750546738576	0.0005447291083334289
56230.27239285207	1.0006870678929067	0.0005447229218097542
56230.29282563018	1.0000306835601829	0.0005446662460095148
56230.313258508286	0.9992483232338153	0.000544593734037851
56230.33369118593	0.9993928248933451	0.0005445903369095603
56230.354123963574	1.0008631388245142	0.0005447245807596935
56230.37455684121	0.9995138741637825	0.0005445995937309581
56230.39498951839	1.000769227172002	0.0005447338202387717
56230.41542229557	1.0000657587325001	0.000544649777463896
56230.43585517251	0.9990516499605936	0.000544531339882156
56230.47672072593	0.9987946301621771	0.0005445505316619095
56230.497153402175	1.0002211523351872	0.0005446637727323877
56230.51758617842	0.999698713482854	0.0005446238790702525
56230.53801905467	0.9997953195597307	0.0005446582807553293
56230.558451730445	0.9986963412682288	0.0005445306088705237
56230.57888450623	1.0002520646041193	0.000544677011842383
56230.59931738177	0.9993987283776652	0.0005445996546510009
56230.61975015732	1.0002178588622637	0.0005446643882126909
56230.640182832634	0.9999148550604076	0.0005446450107253775
56230.66061570772	1.000820217994491	0.0005447370122254085
56230.68104848256	1.0007166925772244	0.0005447281321659873
56230.70148125718	1.0001449920368122	0.0005446592139645447
56230.72191403179	1.0012270444604874	0.0005447453312074084
56230.742346806175	1.0007641480903828	0.0005446957018305399
56230.76277968056	1.0007356859047345	0.0005447344216296142
56230.78321235448	1.0000760482379196	0.0005446253102826366
56230.80364512839	0.9991866746376173	0.0005445478623357061
56230.82407800208	1.0000328848228084	0.0005446482115802291
56230.84451067576	1.0000257807825241	0.000544653376320773
56230.86494344898	0.9988449745607882	0.0005445392361933414
56230.8853763222	1.0002477824100904	0.0005446657523182647
56230.90580899542	0.9994947007933191	0.0005446068918030433
56230.92624176817	1.0004055639294702	0.0005446803657715762
56230.94667464092	1.0010024714716366	0.0005447391473419173
56230.96710731344	0.9998855287221367	0.0005446464751593433
56230.98754018596	0.9994222497006996	0.0005445806975933264
56231.00797295802	1.0002524970403275	0.0005446497033516863
56231.02840563007	1.0005151368185543	0.0005446709068339507
56231.04883850189	1.000187807076374	0.0005446566582752279
56231.069271273715	1.000206723585454	0.0005446590395530853
56231.0897040453	1.0011565846372266	0.0005447213083194877
56231.11013681666	0.9994557503190926	0.0005445938009978713
56231.13056958778	0.9990195749539855	0.0005445329025947923
56231.1510023589	0.9974605419963876	0.0005443999004369501
56231.17143512979	0.9979720942730654	0.0005444263621349706
56231.19186790045	0.9970547101179142	0.000544361019812425
56231.2327334413	0.9970251286058625	0.0005443550994777762
56231.25316621149	0.9964697956378734	0.0005442809419875354
56231.27359908145	0.997302577003865	0.0005443639945953791
56231.29403175141	0.9972756943380054	0.0005443461054229876
56231.314464521136	0.9975056850822748	0.0005443660013847636
56231.334897390625	0.998753488416296	0.0005445114040751443
56231.35533006012	1.0002328138668657	0.0005446649419780066
56231.37576282915	0.9996926803004991	0.0005445866097659974
56231.396195698406	1.000259616696356	0.0005446617107599392
56231.4166283672	1.0002698431412618	0.0005446247461194192
56231.437061135766	0.9999918563146325	0.0005446026875871922
56231.457494004324	1.0002433540228044	0.0005446451148798952
56231.47792667289	1.0004443730929857	0.0005446241297524145
56231.49835954099	1.0003358407966587	0.0005446448679495255
56231.51879230908	0.9987942955856586	0.0005445171055150351
56231.53922497694	0.9996322884696168	0.0005445886118206592
56231.55965784458	0.9998576896788692	0.0005446090051905225
56231.5800906122	0.999718680673942	0.0005446086293451445
56231.62095614677	0.9999955204190798	0.0005445872527784727
56231.64138891393	1.0001828226775484	0.0005446192244650396
56231.66182168063	0.9994394564204875	0.0005445920378715093
56231.68225444756	0.9993229324174364	0.0005445472103150919
56231.70268721403	1.0002516292156314	0.0005446527799671235
56231.723119980496	1.0002146144891357	0.0005446058603824448
56231.743552846725	1.0003509271218265	0.0005446477073093545
56231.76398551273	0.9999878371261627	0.0005445943580322577
56231.7844183785	0.9995548833109933	0.0005445933067031725
56231.80485104426	0.9997885073297165	0.0005446268403988097
56231.82528381003	0.9994702382267385	0.0005445539213384794
56231.845716675336	1.00111495951378	0.0005447241465310615
56231.86614934064	0.9999297401469093	0.0005445929829765115
56231.886582105704	1.0004947928668018	0.000544641496129791
56231.907014970544	0.9991828405234979	0.0005445199244919834
56231.927447635375	0.9994477886350008	0.0005445469078411706
56231.94788039998	1.0001124090761262	0.0005446327748058575
56231.98874592873	1.000286689682597	0.0005446324424312655
56232.02961155677	0.9982369369625487	0.0005444336436393114
56232.050044220436	0.9998781566081029	0.0005445790138955416
56232.07047708411	0.9998599009296943	0.0005445631390582329
56232.09090984755	0.9993316400720262	0.0005445249516851144
56232.131775373964	0.9999172782876756	0.0005445732262001017
56232.15220813694	0.9992894235621386	0.0005445453043589645
56232.17264089968	1.0000037712443748	0.0005445799539985182
56232.19307366242	1.000367338274472	0.0005447983272194827
56232.21350642493	1.0005463526455718	0.0005448394815052997
56232.2339391872	1.000303029295431	0.0005448069737963502
56232.25437204925	1.0002002576657432	0.0005446369092778122
56232.27480471129	1.0006208757634956	0.0005448297205269491
56232.2952375731	0.9999886509853428	0.0005449466010692531
56232.315670334676	0.9989683899946808	0.0005444947349934125
56232.336102996254	1.0006168826866269	0.0005450112011766464
56232.356535857594	1.0000860047839426	0.0005449670648051936
56232.37696861871	1.0001195954343807	0.0005449589288066234
56232.39740127982	0.9994222385443909	0.0005449038130736829
56232.417834140695	1.0000113670786366	0.0005449716492347074
56232.43826690134	1.0009636568162068	0.0005450284411932832
56232.45869956199	1.0001435617898589	0.0005449683169796135
56232.4791324224	0.9990229138634219	0.0005448449244470085
56232.49956518258	0.9997657705667238	0.0005445984420249911
56232.51999784253	1.0011001941718625	0.0005450565887118295
56232.54043070247	1.000823465072211	0.0005450477777431955