55191.34316083798	0.9994885996208648	0.0005455124179317296
55191.36359377732	0.9996700933201544	0.0005455378342601472
55191.40445955694	0.998958358082634	0.0005454156520049232
55191.424892597104	1.0013467512932324	0.0005457073658428238
55191.44532553749	1.0004032847726105	0.0005456422983615922
55191.46575837823	1.0004709403708432	0.0005456124155376442
55191.486191419084	1.0013666179765985	0.0005457389903943232
55191.50662436029	0.9990943688594506	0.0005454752932789783
55191.52705720173	0.9993144622925773	0.0005454841846316466
55191.54749014352	1.000538092453972	0.0005456484575450089
55191.56792318542	1.0007865299405594	0.0005456823796881583
55191.58835602768	1.0001874512054993	0.0005456156577552694
55191.60878897017	1.0001123900608375	0.0005456086420831794
55191.62922201288	1.0006315006634297	0.0005456428870781765
55191.64965485595	1.0011711614619607	0.000545735391729716
55191.67008779914	0.9983839567077497	0.0005453731733613911
55191.69052084267	1.0006306670862162	0.0005456668218588646
55191.71095378644	1.0008315925045597	0.0005456659286643223
55191.73138663044	0.9998624439156931	0.0005455541185103349
55191.751819674784	1.0000967173498871	0.0005455978742058037
55191.77225261925	0.9994498257487419	0.000545494447759428
55191.79268546407	0.9994581015050539	0.00054550154070043
55191.81311840911	1.0002871924340935	0.0005456086798917673
55191.833551454394	1.0000641877358907	0.000545563334671152
55191.853984300025	1.0002425871057874	0.000545634580300263
55191.87441724588	0.9998139138972273	0.0005455352133551567
55191.89485029198	0.9998876172419955	0.0005455383116864507
55191.91528313831	0.999745508977225	0.0005455275990534039
55191.93571608487	1.000107213779001	0.0005455663355641051
55191.95614913178	0.9991307766208389	0.0005454495048844767
55191.976581978925	1.0014032951248004	0.0005457710076148592
55191.997014926295	0.9998139042555514	0.0005455134524721043
55192.01744797391	0.9999144610736065	0.0005455665993673779
55192.03788092187	0.9992346933319862	0.000545471292480626
55192.05831377005	0.9994009510599262	0.0005454673214840893
55192.07874671848	1.002445000157164	0.0005458220171116804
55192.09917976713	1.000489062977424	0.000545572261741479
55192.11961261602	0.9998586741644829	0.0005455357281495949
55192.14004556526	0.9995843484711119	0.0005454810192068098
55192.160478614736	1.0002607161731443	0.0005455431300363123
55192.180911464435	0.9995278338347082	0.0005454857961575589
55192.201344414374	1.0010066765583034	0.0005456501655624761
55192.221777464656	0.9997652833794434	0.0005455246663639035
55192.24221031518	0.9988590810256182	0.0005453764148670738
55192.26264326593	0.9990728209053426	0.0005454149469451112
55192.28307621692	0.9997665230093153	0.0005455180954662366
55192.30350916825	0.9995969856174853	0.0005454788273591243
55192.323942119816	0.9994012955870301	0.0005454443771799168
55192.34437507161	0.9996432374712935	0.0005454576549218706
55192.364808023645	1.0001210407292338	0.0005455342092147399
55192.38524097591	1.0011165598563931	0.0005456354260470491
55192.40567382853	0.9992128236171007	0.0005454103177152209
55192.42610688137	0.999907762404958	0.0005455260084288674
55192.446539834455	0.999887569121739	0.0005454786479316267
55192.466972687886	0.9992108816908302	0.0005454236193776153
55192.48740574143	0.9990866050507129	0.0005454043468442885
55192.507838695325	0.9991321207114563	0.0005454153587077763
55192.52827154957	0.9999481562767811	0.0005455027618674653
55192.548704503926	0.9972545222211928	0.0005451815192422186
55192.56913755864	0.9966784052543934	0.0005451016886267553
55192.58957051358	0.9973311784148986	0.0005451722104472414
55192.610003368754	0.9981416141416734	0.0005452572229613049
55192.630436424166	0.9962765042276088	0.0005450599439347109
55192.650869379926	0.9962758583863766	0.0005450403133154204
55192.67130223591	0.9972051614669584	0.0005451429531860189
55192.69173529214	0.9972151060646964	0.0005451519584029936
55192.732601105396	0.9971587297213617	0.000545171312459311
55192.75303416244	0.9988087246695362	0.0005453807553958083
55192.77346711971	1.0000575185909812	0.0005454952663531963
55192.793899977325	0.9995380368632916	0.0005454431436135982
55192.814332935064	0.99955801946133	0.0005454423092009668
55192.834765993146	0.9998603129945853	0.0005454589033784012
55192.85519895147	0.9986135313367632	0.0005453777848829779
55192.87563181014	1.0002475335658085	0.0005455221426152895
55192.89606486904	1.0008775062226594	0.0005455985382119559
55192.91649782817	0.9996273795521664	0.0005454315698589078
55192.93693068754	1.000837527474463	0.0005456089307450568
55192.95736374713	0.9994648708951585	0.0005454178406387967
55192.977796707084	0.9999091637931324	0.0005454856268055803
55192.99822956727	1.0000174385590628	0.0005455114469601497
55193.018662627685	1.0012299475523818	0.0005456310005090546
55193.03909558844	1.000164177060022	0.0005455182643701058
55193.05952844944	0.9995240939528848	0.0005454105316990788
55193.07996141067	1.0011334305269568	0.0005456229000751464
55193.10039447213	0.9992202779155899	0.0005453985602951027
55193.12082733394	0.9999330677366294	0.0005454935351875804
55193.14126029599	0.9999926717440362	0.0005455021194300064
55193.16169325826	0.9995840912788928	0.0005454328195901093
55193.182126220774	1.0004537787076502	0.0005455256857713566
55193.202559183635	1.0011375433377927	0.0005456405018684386
55193.24342511005	0.9997757929891792	0.0005454515755976792
55193.26385807361	0.998967787331209	0.0005453522090904348
55193.28429113751	1.0003373633171146	0.0005455304642888639
55193.30472400165	1.0003573388464717	0.0005455124032022345
55193.32515696603	0.9994831241691828	0.000545408656152637
55193.345589830744	0.999913042804115	0.0005454876497242469
55193.3660228957	0.9998335648305648	0.0005454403305347829
55193.38645586089	1.0008670468217882	0.0005456125769740472
55193.406888726306	1.0000820857855468	0.0005454805248623653
55193.42732179208	0.9998311655355383	0.0005454816865184784
55193.44775475808	1.0004455381329906	0.0005455235381201233
55193.46818772431	0.9999998468878865	0.0005454835422226495
55193.48862069078	1.0000856054881617	0.0005454976324828389
55193.5090536576	0.9997715071473599	0.0005454273771073965
55193.52948662465	0.9989874310956051	0.0005453300805856002
55193.54991959205	0.9993889448200296	0.0005454079376984809
55193.59078552743	1.0006248961035074	0.0005455345001714446
55193.63165146398	1.000027698883557	0.0005454876973210323
55193.65208443265	1.0004796823151616	0.0005455348881279563
55193.672517301566	1.000041426665851	0.0005454989270031166
55193.692950370714	1.0004599362403275	0.0005455422067468465
55193.71338334009	0.9999777635751381	0.0005454799778797436
55193.73381630982	1.0006908399257644	0.0005455727861667116
55193.75424927978	1.0011023930137255	0.000545618708161669
55193.774682250085	0.9998227970078796	0.0005454701316546658
55193.79511522063	1.0002055703332233	0.0005454826990807501
55193.81554809141	1.0008758184443003	0.0005455876292919425
55193.83598116241	0.9999450452474736	0.0005454768806424841
55193.85641413377	1.0000839117053244	0.0005455024190758449
55193.87684700536	0.999879018198756	0.0005454629637577711
55193.91771304924	1.0001682310442699	0.0005455094922374044
55193.938145921646	0.9990700868344793	0.0005454030303512229
55193.95857899428	0.9992632554374498	0.0005454116501710333