55918.350802974186	0.9996160044006278	0.0005318522981998322
55918.37123573914	1.0002828459373236	0.0005320638062693747
55918.412101269685	1.0007909743604404	0.0005320106437032684
55918.432534035164	1.000088921596187	0.0005319149314524399
55918.45296690087	0.9998191260650686	0.0005318955379034749
55918.4733995667	0.9999392184196764	0.0005318996799317013
55918.49383233276	0.9994964807505101	0.0005318686250476543
55918.51426519893	1.0006108664008568	0.0005319843342047256
55918.53469786528	0.9999989917654614	0.0005319229004761157
55918.55513063187	1.000914398514283	0.0005320061852006382
55918.57556349856	1.0002876995705416	0.0005319438178397989
55918.59599616544	0.9987588229178936	0.0005318070285624403
55918.616428932546	0.9990667687948931	0.0005318331829362461
55918.636861799765	0.999745280426218	0.0005319347708739989
55918.657294567165	1.0007020218640015	0.0005320187597478862
55918.67772733474	0.9998531541953941	0.0005319070304021178
55918.69816010254	1.0003670442957238	0.0005319679957917972
55918.718592870464	0.9999609385701106	0.0005319752217418523
55918.739025638555	0.9991107425419047	0.0005318740871242429
55918.75945840683	0.9995020146164819	0.0005318970769745292
55918.80032394396	1.000576001325049	0.0005319957617167698
55918.82075671275	1.000290038935407	0.0005319881951966802
55918.86162225086	0.99985066899932	0.0005319402073470782
55918.882055020236	1.0013991527414638	0.0005320699400543435
55918.9229205594	1.0007384988880839	0.0005320430869148934
55918.9433533293	1.0005021969611774	0.0005320461025443142
55918.96378619932	0.9991571395261021	0.0005319279272724864
55919.00465163987	1.0002022909400934	0.0005320006497801677
55919.025084510475	0.9997242208154511	0.0005319595992415351
55919.04551718119	0.9999101642568924	0.0005320099746295182
55919.06595005208	1.0004062140484875	0.000532047343450181
55919.0863828232	0.998984561281948	0.000531891158160774
55919.10681549444	1.0007877756358805	0.0005321026153750572
55919.12724836591	0.999729864485832	0.0005320369703594183
55919.1476811375	0.9994838974237524	0.0005319720426939312
55919.16811390932	1.0009909209878154	0.0005321142900586008
55919.18854668132	0.999979197143824	0.0005320027920221692
55919.20897945343	0.9998795628175627	0.0005320333144565083
55919.22941222577	1.0005595906735116	0.00053210059110483
55919.249844998296	1.0002616647126845	0.0005320747237574322
55919.2907106438	1.0003279848312636	0.0005321151814981423
55919.331576090066	1.0002026094539989	0.0005320920056618375
55919.352008963455	0.9993814656773685	0.0005320176776815284
55919.372441637024	0.9984188182548067	0.0005319063416592271
55919.39287441077	0.9998761941736647	0.0005320474169473093
55919.41330728468	1.0003961812433741	0.0005321138098828548
55919.43373995883	0.9994426839018471	0.0005319924160645862
55919.4541728331	1.0003943865463123	0.0005320934975794083
55919.47460560754	1.0008130005132483	0.0005321347612279458
55919.49503828221	0.9999043454575105	0.0005320454637805967
55919.51547115701	0.99946774143567	0.000532031323280045
55919.53590393197	0.9995129530154763	0.0005320216641845881
55919.556336607166	0.998423885173657	0.0005318915524539764
55919.597202258024	0.9960781724945342	0.000531660693190411
55919.61763493375	0.9964653110167742	0.0005317258062787437
55919.63806780965	0.9960520437479021	0.0005316706873545393
55919.65850058571	0.9967742079735346	0.0005317568616341687
55919.67893346196	0.9969188469643327	0.0005317604416532802
55919.699366138375	0.9981360609468592	0.000531865135278888
55919.71979891497	0.9968824703835051	0.0005317661542983867
55919.7402317918	0.9975338732631195	0.0005318378346663157
55919.76066446875	0.9994535499424457	0.000532024127192584
55919.78109724592	1.0002292870309746	0.0005321035155804525
55919.801530123215	1.0001233779676122	0.0005320926879878827
55919.821962800735	0.9990356282860279	0.0005320303219964925
55919.84239557844	0.999497049413875	0.0005320312911028727
55919.86282845626	0.9998536508553839	0.0005320540190662263
55919.88326123436	0.9994909209645927	0.0005320639017189154
55919.90369401259	1.000604955865955	0.0005321630444136323
55919.92412679099	0.9990603302443616	0.0005320168667226325
55919.94455956956	0.9996310610927714	0.0005320821338966813
55919.96499244831	1.0014021956297325	0.0005322376305030397
55919.98542512729	0.9999079240493622	0.0005320955087804742
55920.00585790644	1.0004902005806229	0.0005321592041420962
55920.026290685775	0.9993572192131274	0.0005320810636409805
55920.04672346528	0.9992547899047584	0.000532076922383324
55920.0671563449	1.0004002936064254	0.0005321684106855254
55920.08758902481	1.0000259547919401	0.0005321365224253613
55920.108021804845	1.0006331348434394	0.0005321884325045695
55920.128454685044	0.9998359947249723	0.0005320945328920085
55920.14888736548	0.9991063744432432	0.0005320255371173256
55920.16932014604	0.9997275802830787	0.0005321149639539544
55920.18975302682	0.9991817274901268	0.0005320286473457259
55920.23061848892	0.9994459982763781	0.0005320674425019938
55920.25105137022	1.000185001414479	0.0005321522564682169
55920.27148405171	0.999105905006712	0.0005320350921356212
55920.29191693343	1.001620755767514	0.0005322825636685695
55920.312349715256	1.0000809155749362	0.0005321348096274406
55920.332782497324	1.000019585883731	0.0005321109885442005
55920.35321527957	1.000305394117128	0.0005321528546059018
55920.37364806198	1.0001705211244867	0.00053213002556193
55920.39408084457	1.0001464298332527	0.0005321294673307981
55920.41451362734	0.999753543567703	0.0005320825710950283
55920.43494641033	0.9992111869014507	0.0005320564615425681
55920.455379293446	1.0001674499239892	0.0005321394504842479
55920.49624476031	0.9996585765252493	0.0005320901304974108
55920.51667764401	1.0007272060883716	0.0005321894336398728
55920.537110427875	0.9998750891908428	0.0005320989077345594
55920.55754311198	1.0006104851705224	0.0005321652550105217
55920.5779759962	1.0002474046993621	0.000532133510646327
55920.59840878066	1.000900147414257	0.0005322128541725507
55920.61884146528	0.9990014618472638	0.0005320502264266931
55920.659707135055	0.999312156930675	0.0005320496230341507
55920.68013992027	1.0003360315298484	0.0005321562145508956
55920.700572705595	1.0004639130556492	0.000532166757814509
55920.721005391155	1.000172454499976	0.0005321265587752975
55920.741438276884	1.0008942613503389	0.0005322193801825845
55920.761871062794	1.0003152417471057	0.0005321446657615284
55920.782303748936	1.0000313091524613	0.0005321195865006417
55920.82316942168	1.0001492358946398	0.0005321420377552282
55920.84360210835	0.9992192702672122	0.0005320700995679507
55920.86403499518	0.9996873283436318	0.0005321074178141947
55920.8844677822	1.000723777654746	0.0005322148907046528
55920.90490066944	0.9997508085095074	0.000532087125703488
55920.92533335686	1.0001379969577013	0.0005321758786911053
55920.9457661444	0.9995912317911366	0.0005320859488039128
55920.96619903217	1.0004231434848776	0.0005321885364535699