55762.56876749813	0.9998243712475047	0.0005200422056047532
55762.58920165215	1.000309093815952	0.0005200822460400332
55762.6096356057	1.0012063254474146	0.0005202163063253733
55762.63006965902	1.0000718228500742	0.0005200629035004042
55762.65050381234	0.9997600075129686	0.0005200276781576887
55762.6709378652	1.0002442352290335	0.0005200645326206114
55762.69137191782	0.9999092546552755	0.0005200124363319975
55762.71180596998	0.9995964127547281	0.0005199675189561957
55762.73224002214	1.0009217280140468	0.0005201352440051192
55762.75267407406	0.9996253087294527	0.0005199784913709545
55762.77310812552	1.0000641594614392	0.0005200052111610779
55762.81397632797	1.0010664712753292	0.0005201124096139003
55762.99788277573	0.9993260415139951	0.0005198894850110378
55763.01831672416	1.0002202620980674	0.000519994002606291
55763.038750872365	1.0007795009908793	0.0005200514475925007
55763.05918492033	0.9991655825839514	0.0005198859252684971
55763.07961886783	0.9998670666162144	0.0005199518482907634
55763.10005301533	0.9994637545267504	0.0005199101235937996
55763.12048706236	0.9998680707563283	0.0005199184934496118
55763.1409211094	0.9997063152617277	0.0005198786343702023
55763.16135515597	0.9998130194889011	0.0005199150934834663
55763.1817892023	1.0007673121518599	0.0005200251245781226
55763.20222324841	1.00035507667918	0.0005199741321336557
55763.22265729428	0.9995356137796814	0.000519872187860571
55763.243091339915	0.9997137750043787	0.0005198779192222144
55763.26352538509	0.9995865733853602	0.0005198834042063037
55763.283959430264	1.0002259473526822	0.0005199412824961681
55763.304393474966	1.0002838680160697	0.0005199322570288287
55763.32482751944	1.000509745429475	0.0005199403089201038
55763.34526156392	0.9998508139295238	0.0005198702389702191
55763.3861297517	1.0006762801151303	0.0005199562152329952
55763.40656369501	0.9993752847761903	0.0005198212003587889
55763.426997738316	0.9999185923986902	0.0005198545067842554
55763.46786582401	0.9998625446973604	0.0005198482061642777
55763.48829986638	0.9995194905010782	0.0005197949892773942
55763.50873400853	0.9996896957447723	0.0005198434531983115
55763.529167950444	1.0002737166774895	0.0005198603855371313
55763.54960209212	1.0001526291140364	0.0005198587474701723
55763.57003613357	1.0001461632036939	0.0005198647413315698
55763.590470074785	0.9997372510370068	0.0005197971073878868
55763.61090421553	1.000355888390715	0.0005198778188398527
55763.63133825628	0.9992826415558681	0.0005197602286445924
55763.651772296565	1.000007004887541	0.0005198244095411423
55763.67220633661	0.9992706425486516	0.0005197415860641035
55763.69264037643	0.9997909470502702	0.0005197885335246611
55763.71307441601	0.9996405622638367	0.0005197802670853563
55763.73350845536	0.9994869452072279	0.0005197399108354784
55763.753942494484	1.000981120065481	0.0005198840047754137
55763.77437653313	0.9980378696439541	0.0005195764544003045
55763.79481067179	0.997990246664361	0.0005195561108824876
55763.81524460998	0.9963755753111379	0.0005193794215635442
55763.83567874793	0.9966534776122401	0.0005194133755980366
55763.85611278565	0.9965510661060344	0.0005194213069211727
55763.87654672314	0.9965896663591683	0.0005193862494844043
55763.896980860394	0.9968650960165445	0.0005194413359317134
55763.917414797186	0.996902109687832	0.000519437521959526
55763.93784883398	0.998143820067708	0.0005195561469209348
55763.9582829703	0.998312329019575	0.0005195622301034879
55763.978716906626	0.9993253709604503	0.0005197175786235174
55763.99915094249	1.00015006237543	0.0005197654679046507
55764.01958507811	0.9998654836026929	0.000519727543484253
55764.040019013504	0.9999797306307089	0.0005197441378542708
55764.060453048434	1.0012269208745552	0.0005198677800106961
55764.08088718336	0.9992805872767271	0.0005196733900491942
55764.101321118054	0.999966633251903	0.0005197247228894552
55764.12175525229	0.9999987929301712	0.0005197384684605676
55764.14218928628	0.9991004153856916	0.0005196399312487476
55764.16262322004	0.9998254683525345	0.0005196886785288555
55764.18305735358	1.0002183241014737	0.0005197243279921171
55764.22392541994	1.0003379031403559	0.0005197229525984344
55764.24435945254	0.9997123235073705	0.0005196779308278991
55764.264793485134	1.000182791518303	0.0005197093599231457
55764.28522751727	0.9996632252303085	0.0005196482899596421
55764.30566164917	1.0003121042161123	0.0005197202895088855
55764.32609558084	1.0001373260128807	0.0005196741445642661
55764.346529712275	0.999417967157236	0.0005196129185779729
55764.36696374348	1.0004180857669185	0.000519721548351545
55764.38739767444	1.0003088060591898	0.0005196943886073591
55764.40783180495	0.9992946061279472	0.0005195900643391096
55764.42826583545	0.9998367890110242	0.0005196526384091203
55764.4691338953	1.0008783383218016	0.0005197371095832258
55764.48956792487	0.9990129696920187	0.000519564837580391
55764.51000185421	0.9998756933637732	0.0005196187615503352
55764.53043598332	1.0001181295535397	0.0005196403438319441
55764.55086991196	0.9997510897473105	0.0005196126597065857
55764.5713039406	0.9995002171640766	0.0005195811621199146
55764.591738068775	1.000337203401787	0.0005196510598847371
55764.61217199672	1.00031177219913	0.0005196483865230476
55764.632606124425	1.0001827342504168	0.0005196168718655618
55764.653040151905	1.000125247804294	0.0005196016501142483
55764.673474179144	0.9995283489231321	0.0005195596266950713
55764.69390820616	1.0002239009180338	0.0005196235454490605
55764.714342232706	1.0002566616992317	0.0005196249848242192
55764.734776259254	1.0006917196627942	0.0005196662128131774
55764.75521028533	1.000053750908509	0.0005195868097927724
55764.77564431118	0.9999716125959759	0.0005195822390692012
55764.79607833679	1.0011428851422375	0.0005196816183214587
55764.816512462174	1.0000461508127811	0.0005195763313705927
55764.83694638709	0.9996329639448261	0.0005195633782444951
55764.85738041201	1.0003259254796268	0.0005195830239846965
55764.877814536456	1.000221400023721	0.0005195887337009158
55764.89824846091	1.0003727049419433	0.000519590928716778
55764.91868258489	1.0000908359454612	0.0005196225581172452
55764.93911660864	0.9986532542298643	0.0005194180981807574
55764.95955053216	1.0005026516049211	0.0005196042434958341
55764.97998465521	0.9989123044990694	0.0005194250569100041
55765.00041867827	1.0003072455453945	0.0005195670394620036
55765.02085260086	0.999904286160788	0.0005195236352603254
55765.04128672344	1.0004390684101037	0.0005195592871339466
55765.061720745565	0.9997470463135181	0.0005194921271006893
55765.082154667456	0.9995668751321245	0.0005195007537882979
55765.10258878911	1.0011793901097772	0.0005199703602411709
55765.123022810534	0.9995775730313449	0.000519467524971689
55765.143456831494	0.999635634204748	0.0005194799644012878
55765.16389085245	1.000876250337372	0.0005196015347356377