55243.28468389492	0.9991253531740435	0.0005483862190529777
55243.30511754789	0.9999601897355108	0.0005484430483426836
55243.325551301205	0.9998018720798364	0.0005484274594342512
55243.345985154876	1.0001025354723836	0.0005484290768821584
55243.366418909005	0.9993696917484114	0.0005483428835854153
55243.38685256326	1.0001249666860532	0.0005484272174377943
55243.407286417976	0.9997460750813221	0.0005483819647415371
55243.427720173044	1.0006967356561667	0.0005485654811704008
55243.448153828336	0.9999629759090806	0.0005483954093819489
55243.4685876841	0.9999053182942595	0.0005483944802741369
55243.489021440095	1.0001647254051198	0.0005483943726333452
55243.50945509644	0.9986036340080265	0.0005482579413641405
55243.52988895314	0.9991352172418977	0.000548299702131169
55243.55032271007	0.9990011232901185	0.0005482686907359017
55243.57075636746	1.0002271052456717	0.0005484395486993904
55243.59119012509	0.9988411742185687	0.0005482403891606004
55243.611623983175	1.0003967502446154	0.0005484279912128031
55243.6320577415	0.9997343863426337	0.0005483907160508308
55243.65249140018	1.0011755378038674	0.0005485347942392031
55243.6729252592	1.0000595755061301	0.0005483966604696144
55243.693359018456	1.0002573728500441	0.0005484092604992781
55243.71379267818	0.999543969920639	0.0005483415033197514
55243.73422653813	0.9994745466512459	0.0005483089238956664
55243.754660198436	0.9997583652255395	0.0005483588355468908
55243.77509395909	0.9995422755564956	0.00054831380245501
55243.79552782009	1.0002757229788892	0.000548408263712346
55243.81596148144	1.0009158691247682	0.0005485058572371192
55243.83639524315	1.0000514632567148	0.0005483924934814956
55243.856829105076	0.9999820301838301	0.0005483504629904083
55243.87726276748	0.9998545395080024	0.0005483339395719016
55243.89769653011	1.0001434726582226	0.0005483978403021841
55243.91813039309	1.0004236663521147	0.0005484303679213811
55243.93856405642	1.0007207812414622	0.0005484353649930069
55243.958997820104	1.0013324001938917	0.0005485191123385547
55243.97943168401	1.0001621325653676	0.0005484166917888573
55243.99986534839	1.0005048622297426	0.0005484562650171273
55244.020299113006	1.0005033727531008	0.0005484467567896216
55244.04073287797	1.000097062257538	0.0005483923608469305
55244.061166743275	1.0010058424139674	0.0005484833265723296
55244.081600408936	0.9987990469725042	0.0005482208675143916
55244.10203417482	1.000070488740942	0.0005483666861716481
55244.12246804118	1.0004308204417944	0.0005484219131097
55244.16333547472	1.0007101593311674	0.0005484308813218301
55244.18376934212	1.0000856817737782	0.0005483538566276386
55244.20420300976	1.000781905961501	0.0005484455410470497
55244.224636777624	0.9997776911000323	0.0005483300377168241
55244.245070645964	0.9999119442644792	0.0005483533046562543
55244.265504314535	1.0007273650289752	0.0005484246786623234
55244.28593808357	0.9998906023743256	0.0005483550632348764
55244.306371952836	0.9993563570334586	0.0005483135122446919
55244.326805622455	0.9998199219479514	0.0005483334770978853
55244.3472393923	1.0003059992905248	0.0005483941720351871
55244.36767316262	1.0005470374693441	0.0005484163792062461
55244.38810703317	1.0006276453854084	0.0005484393765318731
55244.408540704186	1.0004003362680363	0.0005484107649080118
55244.42897447543	1.0003604803540582	0.0005483894926024476
55244.44940834703	0.9997789754170281	0.0005483222305723521
55244.490275791264	0.9986139547513396	0.0005481609596412473
55244.510709563794	0.9966079283084636	0.0005479035947941763
55244.53114333667	0.9973664041572051	0.0005480053624752201
55244.55157711001	0.9959366081653345	0.0005478600952285612
55244.57201088359	0.9961971338275544	0.0005478693842181914
55244.59244465751	0.9961810165437931	0.0005478861760884908
55244.61287843167	0.9957028918686113	0.000547811270460631
55244.63331220629	0.9962653086943458	0.0005478944134825455
55244.65374598115	0.9968234743416579	0.0005479473706443286
55244.67417975647	0.9985335184554976	0.0005481463928493889
55244.694613532025	1.0001754677388788	0.0005483232874723433
55244.715047307924	1.0007909072081926	0.0005483982965103855
55244.73548108406	0.9997223450809289	0.0005482727756788839
55244.755914760666	0.9992717386850121	0.0005482153797914141
55244.776348637504	0.9998622432508046	0.0005483029743868186
55244.7967824148	0.9996230783573815	0.0005482637000825724
55244.817216092335	0.9999430479333246	0.0005482923648585384
55244.83764997021	0.9998359172361017	0.000548294291759035
55244.85808374833	0.9998448693392975	0.0005482852048642669
55244.878517526915	1.0006853791362151	0.0005483890608225659
55244.89895130585	1.0002167469049823	0.0005483457546476262
55244.919385085006	0.9988221394288143	0.0005481661333588927
55244.93981886452	0.9998199128079523	0.0005482874261082694
55244.96025264438	1.0007019121683884	0.0005484049365437915
55244.98068642459	0.9998618466657004	0.0005483231499134252
55245.00112020504	0.9999782727975478	0.0005483101695202803
55245.02155398595	1.000587926639637	0.0005483775050020539
55245.04198776709	1.0002906688067879	0.000548333009077337
55245.06242154858	0.9996947177084555	0.0005482544988854783
55245.08285543042	0.9993507697888114	0.0005481883219259506
55245.10328911261	1.0000404595698444	0.0005483018100833758
55245.12372289515	0.9993649153166202	0.0005482451120339123
55245.16459046104	1.0001079235116301	0.0005483244760214851
55245.18502424463	1.0004862813313007	0.0005483578200988117
55245.20545802833	0.9999416134514597	0.0005483079900681653
55245.2258918125	1.000534427467882	0.0005483671362224156
55245.24632559702	0.9999069660354227	0.0005482844023640722
55245.266759381775	0.9996715681872761	0.0005482832446765878
55245.28719316699	1.0007849457628488	0.0005483962708598452
55245.30762695244	1.0002428427437746	0.0005483146821433567
55245.32806073823	0.9999361529266697	0.0005482943158691513
55245.34849452427	1.0002332310701927	0.0005483444503371263
55245.36892831077	0.9992589159469196	0.0005482098249344788
55245.3893619975	0.9989174629840433	0.0005481511758462456
55245.40979588469	0.9991082834019881	0.0005481987347800227
55245.43022967212	0.9992052402841809	0.0005482058911850219
55245.450663359894	0.9998294110521531	0.0005483039233392459
55245.49153103639	0.9997012765332429	0.0005482916801988574
55245.5119647251	1.000044971400205	0.0005482957180233214
55245.53239851427	0.9998041721493879	0.0005482742306339118
55245.55283240368	0.999217691886195	0.0005482010569363761
55245.573266193314	0.9993509361286091	0.0005482518633894946
55245.59369988342	1.0000157395727909	0.0005483195889198942
55245.61413377388	0.999534347857884	0.0005482576202056703
55245.634567564564	0.9998651988652504	0.0005482904954371619
55245.6550012556	0.9994540242917446	0.0005482573840823298
55245.67543514699	1.0002618333472406	0.0005483305651310581
55245.695868938725	0.9997882939016217	0.0005482557421737571
55245.716302630695	1.0007993840360363	0.0005483675966719545
55245.73673652313	1.000205639299263	0.000548316258321337
55245.757170315796	1.0005040547875268	0.0005483337687162509
55245.777604008814	1.000774440137616	0.0005483650776823262
55245.79803790218	1.0014587704799118	0.0005489473625500273
55245.81847169589	0.9998599361809665	0.0005482840187856972
55245.83890538996	0.9998861591252369	0.0005482719982393367
55245.85933928426	0.9999768462059628	0.0005483153743716572
55245.8797730789	0.9999712257916477	0.0005482948703775227