55751.350889913054	1.0000653094119354	0.0001139887057053786
55751.37132410549	1.0000063810290034	0.00011308570561149226
55751.39175809769	1.0000581940645394	0.0001101404807540462
55751.41219228966	0.9998667350280976	0.00010077371107711767
55751.43262638117	1.0000186319042526	0.00009770979794883159
55751.453060372674	1.0000719502021822	0.0000964379935262292
55751.47349456372	1.0000887792688127	0.00009710396837942967
55751.49392865452	1.0000878133646718	0.00009624051533512371
55751.51436264486	0.9999773683469931	0.00009727056392269823
55751.5347968352	1.0000218617085839	0.0000953995350670688
55751.55523092508	1.0000724634238094	0.00009562472621711555
55751.57566491472	0.9999545478138702	0.00009652028957229079
55751.596099104136	0.9998971391369792	0.00009778573719449211
55751.61653319331	1.0000965447720647	0.00009928058086087033
55751.636967382256	0.9998271827556274	0.00009997226898592983
55751.65740137073	0.9997300313810372	0.00009792930152853825
55751.67783545898	1.0001686870723785	0.00010129169492786859
55751.69826964699	0.9999447643543039	0.00009909627358235547
55751.71870363477	0.9999853351566974	0.00009881872005764501
55751.73913772232	0.9999551972894828	0.00009999479584930953
55751.7595718094	1.000098145770567	0.0000979703667784431
55751.780005896246	1.0000118033773568	0.00009751064850228309
55751.82087406925	1.000145490113385	0.00009810624886714954
55751.841308155395	0.9999191775803922	0.00009747623128403232
55751.861742241315	1.0001475220706806	0.00009680708705441539
55751.902610411984	0.9998536848945477	0.00009567377388408235
55751.92304459697	0.9999879440315939	0.00009532328982553135
55751.94347868173	1.0000530904930147	0.00009577846976570622
55751.96391266601	1.0000408026080525	0.00009544733456786753
55751.9843468503	0.9999765914701778	0.00009558403982569134
55752.00478093413	0.9999543943447295	0.00009573252110442582
55752.02521491771	0.9998077340972681	0.00009587564627444181
55752.04564910084	0.999848805393765	0.00009564867137524155
55752.06608318396	0.9999544333391779	0.00009611913690488792
55752.086517166616	0.9997616210218607	0.00009616984147622959
55752.10695134928	1.000090531600296	0.00009621483115680083
55752.12738543147	1.0001388047123243	0.00009616509108750315
55752.147819613194	0.9999565112720189	0.00009717506630341055
55752.20912185744	1.000199885008	0.00009573977001843176
55752.22955583824	0.9998690504349731	0.00009558482062267458
55752.2704240989	0.9999865437684814	0.00009535482281118341
55752.33172633802	0.9999034913949862	0.00009664454634278821
55752.35216041719	1.0000394954631222	0.00010012855214727139
55752.39302857459	1.0000903827833627	0.00009975852761974264
55752.413462552824	1.0000908698992568	0.00009756284213979671
55752.43389673083	0.9999941102537125	0.0000954140634261469
55752.45433080859	0.9998096894441236	0.00009611120022021132
55752.47476478613	1.0001343820339146	0.00009544370259756174
55752.495198963195	1.0000883847610818	0.00009753820095889311
55752.515633040035	0.9999680935819304	0.00009631815751377668
55752.53606701664	1.0000816406144395	0.0000981668710273876
55752.556501193016	1.0000345132408672	0.00009924765223910202
55752.57693526915	1.0001163393647254	0.00009587300296491082
55752.597369244824	1.0002047503217166	0.00009641218619080042
55752.61780342049	0.9999465299769509	0.00009606980663958216
55752.6382374957	0.9998305162822226	0.00009616438966739556
55752.65867167068	0.9999758323694835	0.00009598367760238436
55752.67910564519	1.0000487707730685	0.00009942020522436778
55752.699539719695	1.0001736813422075	0.0000964213573422117
55752.740407867546	1.0001224618004796	0.00009655500503177351
55752.760841941126	0.9999540311606685	0.00009660327445224768
55752.781276114474	0.9999571554931748	0.00009663653265000521
55752.80171018735	1.000011983139007	0.00009625288338769054
55752.822144159996	1.0001422168846716	0.00009670927428589657
55752.842578332646	0.9999400387745272	0.00009714989316159949
55752.86301240459	1.000168842076586	0.00009672417532276278
55752.88344637654	0.9999272707024688	0.00009670714853998962
55752.903880548256	1.0000723327069718	0.00009670152691801745
55752.9243146195	0.9999321733672554	0.00009575326714315626
55752.94474879052	1.0000757179044775	0.00009609446501184243
55752.98561683162	0.9999291490709195	0.00009567230009352035
55753.00605090194	1.0002142486352912	0.0000957339308929508
55753.02648497179	0.9999477978946472	0.00009642016743570732
55753.04691904141	0.9997992893989919	0.00009532971644863132
55753.0673531108	0.9999158543281104	0.00009539077229054345
55753.08778717972	0.9999370702183169	0.00009554180664338333
55753.108221248636	0.9999614526316767	0.00009539078314867909
55753.128655317094	1.0000079724741142	0.00009615268334208852
55753.14908938532	0.9999452979146796	0.00009549337047636515
55753.169523553304	0.9999017035317582	0.00009577490633983746
55753.210391588356	0.9999730927219298	0.00009587629001281287
55753.23082575541	1.0000656974390283	0.00009587449544971474
55753.25125972224	1.000066552514328	0.00009553182027779598
55753.27169378883	1.0000160510353058	0.00009740903842670769
55753.292127954956	0.9999393406092238	0.00009743066273875753
55753.312562021085	0.9999989773945149	0.00009558884301811604
55753.33299598675	1.0001724312170632	0.00009582333314664586
55753.35343015217	0.9999282499437393	0.00009550636147534457
55753.37386421737	0.9999295939742898	0.00009544430654256767
55753.3942981821	1.0000573836995157	0.00009665552767499223
55753.414732346595	0.9998740480819921	0.0000958513384925344
55753.435166411095	0.9999400864683541	0.00009545666748868255
55753.45560047513	1.0000536072295096	0.00009541166962804209
55753.47603453869	0.9999230116786881	0.00009537893342428774
55753.49646860226	0.9998287324632616	0.00009535794258489206
55753.51690276536	1.00017654830082	0.00009866095310159905
55753.53733672822	0.9999428116579596	0.00009681051569702606
55753.55777079086	0.9999869477426921	0.00009539582430405363
55753.57820495326	0.9999678761319675	0.00009545340828181525
55753.598638915195	0.9998464488952609	0.00009544482670402856
55753.639507138374	0.9998666823967801	0.00009946092646063434
55753.659941099606	0.9999623751189983	0.00009560214829075294
55753.68037516061	1.0000668737468716	0.00009809774074643027
55753.70080932115	1.0001658873648775	0.00009619278700537906
55753.721243281456	1.0000698635860894	0.00009619962822058054
55753.74167744153	0.9999535918448176	0.00009615385770232056
55753.762111501375	0.999893883182487	0.00009571159592592551
55753.80297962012	1.0000180663380138	0.00009716941154749834
55753.82341357903	0.9996599747377433	0.0000963209247688156
55753.843847637705	0.9965722784559464	0.00010975444087530117
55753.90514981187	0.993437641676772	0.00015226360917681156
55753.92558396939	0.9929765872001662	0.00014599150935613525
55753.94601802666	0.992636238807264	0.00015143056763628238
55753.96645208371	0.9926027222170981	0.00017000764130871882
55753.986886140294	0.9925606297612333	0.00015819414460374956
55754.00732019688	0.9925192530645522	0.00016145451722457608
55754.02775435299	0.9922234075901752	0.00015388810733067207
55754.04818830864	0.9922746504784519	0.00017109835115723183
55754.068622364284	0.99242829054951	0.00017032280643893637
55754.08905651947	0.9922434482296714	0.00016424418237338936
55754.109490474424	0.9925877431887923	0.00016605657538727164
55754.12992452914	0.9927436966669781	0.00016711419369613481
55754.150358683626	0.9928273836880361	0.0001564580542446185
55754.17079263765	0.993130684356089	0.0001445008594556046
55754.19122669166	0.9934567069618127	0.0001474987201680559
55754.21166084522	0.9939228123013205	0.00013490654665251407
55754.23209479854	0.9948019694431433	0.000127871330721197
55754.252528951394	0.9974672906198859	0.00010156501986945486
55754.293396956644	1.0001354207221467	0.00009870993905081997
55754.3138311088	1.00008041337568	0.00009951252096973174
55754.33426516072	0.9999091825418563	0.0001032358964291272
55754.354699212185	1.0001514088376104	0.00009920051451783468
55754.375133263406	1.0001342789132333	0.00009872870524405105
55754.395567314634	1.0001744880896204	0.00009869539759663589
55754.41600126516	0.9999975346528575	0.00009865162513722482
55754.436435415686	0.9999495612471971	0.00009859207402718427
55754.45686946575	0.999969597021703	0.00009852183456833019
55754.477303515814	1.0000403152641464	0.00009827779552979309
55754.497737565405	1.0000637091297262	0.00009834340320823326
55754.51817161454	0.999916065097662	0.00009822115099085463
55754.538605763664	1.0000121728607694	0.00009809408464724913
55754.55903971233	0.9999001110563809	0.00009794658730371942
55754.579473760765	1.0000489907620262	0.0000982202548990853
55754.59990790897	0.9999314178406946	0.00009738587696225874
55754.62034185693	1.000164301843125	0.00009630945072074285
55754.64077590466	0.9998992757742288	0.00009589513552660867
55754.66121005193	0.999862431397633	0.00009547759585122946
55754.68164399896	1.000038297503071	0.00009578695362406846
55754.70207804577	1.000053275304353	0.00009647624434487787
55754.72251219211	0.9999008499521982	0.00009567160273126428
55754.74294613844	0.9999898766377577	0.00009602970850350559
55754.76338028431	0.9999794824666942	0.00009594459296171765
55754.783814329945	1.0000695183369843	0.00009608008562439546
55754.80424827512	0.9999854548714003	0.00009610323794793357
55754.824682420294	0.9999630595543719	0.00009583990368284022
55754.845116465	0.9998081773632526	0.00009567606840170452
55754.86555050947	1.0000495996136436	0.00009559551149780319
55754.885984553715	1.0000441165438183	0.00009564555596846256
55754.906418597486	1.00004947386472	0.00009555638188225382
55754.92685264126	0.9999466905918455	0.0000964695154837272
55754.947286684575	0.9998781189188307	0.00009590291808551065
55754.967720727655	0.9999551544847792	0.00009666692018414326
55754.98815477026	0.9999018149476098	0.00009608696570616723
55755.008588912875	0.9999331930699319	0.00009553350680638002
55755.04945699693	1.000159394125792	0.00009610614939685526
55755.06989093861	0.9999412342999059	0.00009667831526566942
55755.09032497983	0.9998037823198318	0.0000966103521703332
55755.11075912104	0.9999753540816481	0.00009694255765407254
55755.13119306179	1.000062058426205	0.00009731233341663109
55755.1516271023	1.000155114969008	0.00009791242047812422
55755.17206124235	1.0000602268121617	0.00009593580650083348
55755.192495182404	1.0001548403230691	0.00009647553139304095
55755.21292922199	0.9999769444290401	0.00009596838097130157
55755.23336336134	1.0000119382152457	0.00009623818724706426
55755.25379730046	1.0000308566606146	0.00009559470473989924
55755.27423143911	0.9999371984295695	0.00009591134527509868
55755.29466547753	1.0000778250924356	0.000096551956962214
55755.31509941595	1.000200848534799	0.00009575144432246302
55755.33553355367	0.9999600431716145	0.00009619781739800871
55755.35596759139	1.0001701793392088	0.00009635788115172186
55755.37640162865	0.9999276400668567	0.00009785453903918071
55755.41726970246	1.0000460634888348	0.00009676077032490171
55755.43770373902	1.0000208607727676	0.00009718701710958781
55755.45813777534	0.9997841895587875	0.00009802530254462658
55755.4785718112	1.000046421286738	0.00009667896450991037
55755.49900584683	0.9998484151906212	0.00009686160931143196
55755.51943998222	0.9997756874806659	0.0000964915919928828
55755.56030805185	1.000038342304194	0.00009870399108197322
55755.58074208654	1.0002105903068068	0.00009861168011998199
55755.60117602054	1.0000688389465342	0.00009796937621911722
55755.621610154536	1.0000382560344854	0.00009831213349647673
55755.64204418806	1.000007153845994	0.00009862408240427456
55755.662478121594	0.9999282598115251	0.00009890919083601562
55755.68291225466	1.0000025310064953	0.00009914093527213595
55755.70334628726	0.9999307099309738	0.00009931525191199729
55755.72378021986	1.0000058994908902	0.00009944888230592191
55755.744214351995	1.0000129159213453	0.00009878856733984603
55755.76464838389	0.9999823136711493	0.00009878033691110673
55755.78508231556	0.999992441783887	0.00009910858385693512
55755.805516446766	1.0000898225841486	0.0000982063194223822
55755.82595037796	1.0001834824327511	0.00009888207154729666
55755.8463845087	0.9999492243021801	0.00009866197445758932
55755.866818538976	0.9999420258403541	0.00009749505509742445
55755.88725256924	1.0000698183848753	0.00009824532266992899
55755.90768659905	1.0000144492824756	0.0000978870061718904
55755.92812062886	0.9999622683119223	0.00009751517959911031
55755.94855465796	1.0000659746101837	0.00009736387820762147
55755.96898868707	0.9999717021826651	0.00009677990208275156
55755.989422715946	0.9999844645676891	0.00009579058873974339
55756.00985674435	0.9999625467935479	0.00009614083196821344
55756.05072480024	0.9999889929288536	0.00009640512880373907
55756.071158927945	1.000130545449156	0.00009560980615294002
55756.13246100898	0.9999543347650593	0.00009618052760493582
55756.15289503553	1.0000843301437323	0.00009625450765572371
55756.17332896161	0.9998864030837	0.00009614294507072764
55756.19376308745	0.9999714183025303	0.00009585767357983523
55756.21419711307	1.0000703044976766	0.00009694179258900257
55756.23463103822	0.9999288750605027	0.00009562414779487724
55756.255065163365	0.9999188237856906	0.000096041245225095
55756.27549918805	0.9999126700026146	0.00009609610969041452
55756.2959331125	1.0002714384890272	0.00009614857237627194
55756.316367236715	0.9998704951620531	0.00009586053844923888
55756.33680126047	1.000086588381544	0.00009599842095544277
55756.357235383985	0.9998224205515308	0.00009609640062496993
55756.37766930727	1.0001358738223127	0.00009651906358045365
55756.39810333033	0.9999995531913457	0.00009623178649016952
55756.41853735292	1.0000118019979536	0.00009789162474099898
55756.43897137527	0.9999885187790833	0.00009695969710618021
55756.45940539739	1.0001210369211673	0.00009672117760419924
55756.47983941928	1.0002544733641239	0.00009685063361488694
55756.500273440935	1.000056754828235	0.00009622994963601062
55756.52070746213	1.0001492933856224	0.00009633505357709088
55756.54114148308	0.9998951617870492	0.0000985593023620674
55756.56157550381	0.9999914103866038	0.00009785524694446961
55756.58200952407	0.9999219404493958	0.00009718110636410291
55756.602443644326	0.9998602279352062	0.0000967182487894955
55756.62287756412	0.9997849507285798	0.00009603188019742732
55756.643311683685	0.999967683013212	0.00009746376653359858
55756.663745702775	0.9999374307736993	0.00009556164535729851
55756.68417962187	1.000014586717133	0.00009647518086553064
55756.704613740505	0.999975083907809	0.00009742871377844102
55756.725047758664	1.000192829758537	0.00010658020811152645
55756.74548167683	1.0000344243321193	0.00010326167215538243
55756.76591579453	0.9999559690395186	0.00010156319804608665