55429.5628670884	1.0000456900540446	0.00011546345450944903
55429.5833003125	0.9999926173419552	0.00009516467635846076
55429.6037337366	0.9999228315895238	0.00009589627510486789
55429.624167060225	1.0000673401902005	0.00010042712841431991
55429.64460028339	0.9998734475715423	0.00010264157363600385
55429.665033706326	0.9999155420352022	0.00010210716763183318
55429.68546702902	0.9999940854573233	0.00010001734480650591
55429.705900251254	1.000053506364238	0.00009752777980550386
55429.74676699502	1.0002415683154302	0.00009443928943185589
55429.787633637396	1.0000593161303195	0.00009447228191854912
55429.80806695823	0.999951359112411	0.00009504213565097778
55429.84893359874	1.0000148649528051	0.00009599688933051237
55429.86936691864	1.000015878985723	0.0000961541640210912
55429.88980023808	0.9999694121427574	0.00009607086214234453
55429.91023355706	1.000003581431673	0.00009579168559405376
55429.930666876025	0.9999536947191873	0.00009541359711444657
55429.951100194536	1.0000638227298857	0.00009504830715516934
55429.97153351258	1.000010519065555	0.00009467035190771902
55429.99196683062	0.9998948740260603	0.00009441078361270779
55430.0124002482	0.9999048548231473	0.0000942253390487869
55430.03283346531	0.9998810663670242	0.00009414815716414457
55430.05326678218	0.9999805710111849	0.00009413001418668343
55430.07370019883	0.9999592429975532	0.00009413017186392337
55430.09413341501	0.9999837227480948	0.00009417373744076857
55430.11456673119	0.999881885811292	0.00009420415258243266
55430.13500014667	0.9999407492091457	0.00009421238139050616
55430.15543336215	1.0000877167787499	0.00009422078451295287
55430.175866677164	0.9999608505216409	0.00009418755286093311
55430.19630009172	0.9999816263292227	0.00009415635295080245
55430.216733306035	1.0000400550766078	0.00009413734369860493
55430.237166720115	1.0001385884619045	0.0000941245303828643
55430.25760003397	1.000058058579262	0.00009411777180610662
55430.278033247356	0.9999503971477797	0.00009415096569066937
55430.298466660504	1.0001858220656317	0.00009420622989091562
55430.318899973194	0.9999412077164709	0.00009424588039915265
55430.33933328565	1.0000863480101703	0.00009432057188480909
55430.35976659787	1.0001847946725086	0.0000944110480194057
55430.380199909625	1.000006940095564	0.00009444494837979037
55430.40063322114	0.9998227887501122	0.00009447680444073905
55430.4210666322	0.9999961232292263	0.00009450398598835592
55430.44149984326	0.9999430058155665	0.00009449498971045762
55430.46193315362	0.9999140582813661	0.00009443093934477655
55430.48236656398	1.000147668197031	0.00009439229940957035
55430.50279977387	0.999871824513831	0.00009431114694332734
55430.52323308353	0.9999775971738536	0.00009424450544382899
55430.543666392725	0.9998375143449723	0.0000941801771478559
55430.58453301042	1.0000644290075562	0.00009411852271904762
55430.60496631868	0.9999879586053275	0.00009412011298287746
55430.62539962671	1.0000389127319669	0.00009415067885821598
55430.64583303427	0.9999521176627888	0.00009419109838168215
55430.66626624184	1.000051772406357	0.00009424430029791894
55430.68669954871	0.9999729291148567	0.00009431029025605801
55430.70713295557	0.9999252741716953	0.00009436034168064488
55430.72756616197	1.00008049788201	0.00009438699154468788
55430.74799946814	0.9999150923893598	0.00009438997818158423
55430.76843287384	1.000003607108538	0.0000943905714857834
55430.78886607931	0.9999917992448422	0.00009434268883964651
55430.80929938455	0.9999853162882999	0.0000942963245779937
55430.829732789316	1.0000896988044397	0.00009424521017427065
55430.85016609386	0.9998809609398522	0.00009416942871644127
55430.87059929793	1.00004432546192	0.00009412800028223587
55430.891032701766	0.9999368958462835	0.00009412160307135861
55430.911466005375	1.0001248568086831	0.00009415948966722351
55430.93189920875	0.9999303324455859	0.00009421654076135283
55430.952332611654	0.9999573430809392	0.00009435303694798751
55430.97276591433	0.999996928989114	0.00009452295283613267
55431.013632518516	0.9999847835063074	0.00009490780647907034
55431.03406582003	0.9999567609914995	0.00009508755624509657
55431.054499221544	0.9999508474338679	0.00009519784431315847
55431.07493242258	1.0000630884200383	0.00009524213537158767
55431.095365723166	1.0001152581247195	0.00009517185578213236
55431.115799123516	1.0000162325508608	0.00009502589787321314
55431.136232323624	1.0000088666443046	0.00009477167943629117
55431.15666562351	0.9999455916915516	0.00009447030416949263
55431.177098922926	1.0000934167357545	0.00009422820855802768
55431.19753222187	1.0000851211254989	0.00009412818904266999
55431.217965520824	0.9998998666247598	0.00009436069696017968
55431.23839881931	0.9999707710243991	0.00009517477373853
55431.279265415345	0.9999069815794406	0.00009942269109231274
55432.21917537449	0.9936593394283068	0.0005287495931181419
55432.23960855761	0.9933839748597821	0.0004918838396356175
55432.26004194026	0.9934770216609231	0.00045543694049198505
55432.28047522245	0.9931797552934432	0.00036926888929858607
55432.300908404635	0.9929847769803176	0.0002977530364715758
55432.32134178635	0.9931195300798561	0.00027034462315690124
55432.34177506761	0.9930993381376287	0.000192147776916766
55432.362208348866	0.9932670037687178	0.00016562913804251964
55432.38264162942	0.9935054743411614	0.00017532322442309948
55432.40307490998	0.9936362065518423	0.00019404449765323268
55432.42350819007	0.9939558772006487	0.00018019726173680968
55432.44394146992	0.9944236746489755	0.00016517193812330683
55432.46437474955	0.99493868564435	0.00016246706203819537
55432.48480802871	0.9973758927790298	0.0001454772156221414
55432.56654124232	1.0000825997686007	0.00011149336310824306
55432.58697441985	1.0001815642750715	0.00010786674570582404
55432.60740779714	0.9999429943438999	0.0001097360823625279
55432.62784107421	1.0002853141461083	0.00010524235102971329
55432.64827425081	1.000031043855017	0.0000955675166159317
55432.66870762718	1.0000612887102263	0.0000944423317544783
55432.689140903305	1.0000050989906157	0.00009607370255973802
55432.709574078974	0.9999114855837462	0.00009484342833364369
55432.730007454404	0.9999653974218184	0.00009876253751177196
55432.750440729375	1.0000174685094823	0.00009520482088185304
55432.770873904345	1.0001084229534445	0.00009472320528248987
55432.79130727862	1.0000209095349573	0.00010003279450767965
55432.81174055288	0.9998166081059305	0.00009666163405120646
55432.83217382669	0.9998972059359074	0.00009707673360465591
55432.852607100256	1.0000447041864298	0.00009457852354523275
55432.87304027336	0.9998790272502922	0.00009842741235850497
55432.89347364624	0.9999915685335474	0.00009879998192501348
55432.91390691888	1.00002675169921	0.00009869047100979713
55432.93434019105	0.9999342141542634	0.00010705305079958442
55432.954773462996	1.0001718801340826	0.00009556559107757786
55432.9752067347	0.9999649973977079	0.00010216641884240338
55432.995640005945	1.0003021091576942	0.00009922018192798967
55433.03650654774	1.0000247512790732	0.00009634104426785225
55433.056939818045	0.9999391631872266	0.00009680698945589426
55433.07737318813	1.0000130527536435	0.00009651543601256155
55433.09780635797	0.9999065225484961	0.00009446291973250358
55433.11823962735	1.0000355502721288	0.00009476783955303803
55433.1386729965	0.9998869426386313	0.00009470146645517813
55433.159106165185	1.000099394514047	0.00009463166639102889
55433.17953943363	1.0000067597305806	0.00009615559079779171
55433.19997280185	0.9999271081246054	0.00009679690748535464
55433.220405969594	0.9998645556859158	0.00009527813054063175
55433.24083933735	0.9999078035715971	0.00009690546983972528
55433.2612726044	1.0000701904232614	0.0000950649731138208
55433.28170577146	0.9999823561432115	0.00009627701329370958
55433.30213913804	1.0001588350622417	0.00009530413374665799
55433.32257240416	1.0000109986945955	0.00009637145158359134
55433.34300557028	0.999870478132419	0.0000945845133477748
55433.363438935936	1.0001434590478995	0.00009886837350824018
55433.38387220113	0.9999194217476483	0.00010440564839897129
55433.40430546631	1.000064239375158	0.00009551861047848844
55433.42473873104	0.9998988715171443	0.0001000008816747261
55433.4451719953	0.9999570047878389	0.00009472334261342882
55433.46560525932	1.0001012043827373	0.0001001561202614201
55433.486038623116	0.9998829092438157	0.0000961514125232323
55433.50647178668	0.9999342438241434	0.00009527776736813513
55433.526905049766	1.0002746925391877	0.00009456525407791545
55433.54733831263	1.0000632367267555	0.00009484513604552214
55433.56777157503	0.9999390908833462	0.0000948169840339541
55433.58820493742	1.0001538426591454	0.00010033706570935966
55433.60863809912	0.9999795886152759	0.00009499322056442812
55433.62907136082	1.0001821548180234	0.0000961606745033019
55433.649504722045	0.9999556796709965	0.00009611739494808815
55433.669937883045	1.0001120943828938	0.00009639123774450402
55433.69037114358	1.0000108674863073	0.00009634654239519923
55433.71080450388	0.999948756853214	0.00009630155430123731
55433.731237663946	1.0000469057202073	0.00009614027788641414
55433.75167092355	0.9998414535716894	0.00009631120143281355
55433.772104282914	0.9998840241845803	0.0001011625451112752
55433.812970700725	0.9998412478772184	0.00009714260156787115
55433.83340405916	0.9998959645890376	0.00009745142933724073
55433.853837317365	1.00004918848764	0.00009620682749843176
55433.87427057511	1.0000261278473022	0.00009898242745144838
55433.89470383261	0.999939313174529	0.00010045183650756095
55433.91513708988	1.0000639916487262	0.00009992203732603172
55433.93557034669	1.0000077170359907	0.00009538205623698202
55433.95600360326	0.999752330336964	0.00010502507595768738
55433.976436859375	0.9999629264251075	0.00010044595598906633
55433.996870215255	0.9999275604798575	0.00010597524101852396
55434.01730337089	1.0001451857231898	0.00009858879539429397
55434.037736626306	1.000059472575621	0.00009881755357552427
55434.05816998125	0.999899156568896	0.00010885156011516342
55434.07860313596	1.0000673653067675	0.00009470993379938458
55434.09903639021	0.999900948297812	0.0000948223165048986
55434.119469744226	0.9999230981354641	0.00009711153116390915
55434.139902898	0.9999933180923753	0.00009487693927677411
55434.16033615155	1.0000896702330597	0.00009486190180236854
55434.18076950463	1.0000009550221653	0.00009464843664562342
55434.20120265748	0.9998421196184116	0.00009481060799010052
55434.22163590987	1.000137495412331	0.00010175285492611578
55434.262502413934	1.0000741874020287	0.00009926188977725632
55434.28293576539	0.9998379162057118	0.00010229507640071821
55434.30336891661	1.0001324467901669	0.00009828032739420676
55434.32380216759	0.9999086524790387	0.00010159745197440792
55434.34423551812	1.0000980939054822	0.00010565161510276444
55434.36466866841	1.0001532860033924	0.00010831120924026669
55434.38510191846	1.0000450691576872	0.00010957493804084824
55434.40553526805	0.9999509256814731	0.00010939521375862283
55434.425968517404	1.0000619806336617	0.00011154846180105503
55434.44640166653	0.9999511368302355	0.00011196135656032305
55434.48726826362	0.999839085174642	0.00010737700568469132
55434.507701411574	1.0002490387773473	0.00010292367277461395
55434.52813475954	1.0000775038331275	0.00010035466851185526
55434.54856800703	1.0001003901437786	0.00010061614823644574
55434.56900115406	1.0001220855090884	0.00009595446494342352
55434.58943450086	0.9999121655610631	0.00009737082156608164
55434.609867747415	1.0001444728383588	0.0000970985704631191
55434.63030109375	1.0000487460305987	0.00009597903632799974
55434.650734239614	0.9998792246444191	0.00009720589139950338
55434.67116748524	0.9999845268711041	0.00009706978738804089
55434.69160083041	0.999925814663259	0.00009855130158471931
55434.71203397558	0.999782441008752	0.00009644532708783557
55434.73246722004	0.9998248997818707	0.00009831373588701574
55434.75290056451	0.9998860297210578	0.00009467709078758736
55434.773333708516	1.000091857748492	0.00009495684700914627
55434.79376695228	1.0000747781327988	0.00009612484627627982
55434.81420029559	1.0000458978197608	0.00009516272254202545
55434.83463343866	1.0001607436908395	0.00009470394416402706
55434.85506668149	0.9999952933843299	0.00009578681516423805
55434.8754999241	0.999939520785179	0.00009765988419385219
55434.89593316624	0.9999097099612736	0.00009561641292511987
55434.91636640814	1.0000464218222536	0.00009483719168121678
55434.93679974959	0.9999531343065714	0.0001001435187914942
55434.957232890796	0.9999966588808085	0.00010326228849495444
55434.97766623177	0.9998127406308673	0.00010221510329810904