55496.562178184744	0.9998039153626861	0.0002498469579885582
55496.58261121791	0.9998610756718408	0.00024986288911179656
55496.60304405097	0.9998499841993347	0.00024988085878690266
55496.62347708414	1.0000757312184414	0.0002499002993058048
55496.64391001708	1.000059704468703	0.00024990152398886973
55496.664342850025	0.9999421170485269	0.0002498745010496436
55496.68477588296	1.0000920644277247	0.00024986565946951886
55496.7052088159	1.0005219846669238	0.00024993944758697293
55496.72564164861	1.000257140398439	0.000249911617145677
55496.74607468143	0.9997600512285593	0.00024986062653838603
55496.76650751414	0.9998394347327829	0.000249893039753659
55496.786940446735	0.999982140713445	0.0002498905728846739
55496.80737347944	0.9998881127366025	0.00024987380487553076
55496.827806311914	0.9998212806201712	0.000249864469977496
55496.84823934439	0.9997961996893765	0.0002499177367710964
55496.86867227686	0.9995171145860241	0.00024985718179931
55496.88910510922	0.9998637053138122	0.00024989504869449687
55496.90953814158	0.9999735622783048	0.00024989682593389955
55496.929971073936	1.0001788671676302	0.00024988825035503155
55496.95040390606	1.0004500570273889	0.00024992575406735924
55496.97083693831	1.0005375697775634	0.00024992302375129817
55496.99126987043	0.9999297858977895	0.00024987782326752367
55497.011702802556	0.9996737780124446	0.00024985584336632567
55497.03213573457	1.000527472089961	0.00024993503365518
55497.052568666455	0.9998337330876995	0.00024990893479344
55497.07300159847	0.9999034526135625	0.00024987311566160227
55497.09343463036	1.0001050420121849	0.0002498809731206563
55497.11386746213	1.0000136911255493	0.00024990284689597065
55497.13430049391	0.9998723061288457	0.00024984161653927064
55497.154733425574	0.9998072199793332	0.0002499238184991344
55497.17516625723	1.0003538367860532	0.000249958345059486
55497.19559928889	0.9997985690304032	0.0002498900618766207
55497.216032220436	0.9996037595381425	0.0002498730694385587
55497.256898083404	0.9998341440095931	0.00024987486312816185
55497.27733101483	1.0002206460815783	0.0002499509788918443
55497.297763846254	1.0000542392668925	0.0002498812873276961
55497.31819687757	1.0003771399365813	0.00024988769422268863
55497.338629808764	0.9998836048091392	0.0002498945323940759
55497.35906263995	1.0000491909148637	0.000249932190743264
55497.37949567115	0.999861639418271	0.0002498907930933438
55497.39992860223	1.0001781998729065	0.0002498923901383467
55497.4203615333	1.0005550720302674	0.00024991252464904315
55497.44079446438	0.999970917584663	0.0002498685066232098
55497.481660326186	1.0005045984363767	0.00024994451876699853
55497.50209325703	0.9999649803139214	0.00024990172515529206
55497.52252618788	1.000079347364649	0.0002499284417128802
55497.542959118604	0.9998514360014693	0.00024989702692535253
55497.563392049335	0.9997989190758394	0.000249934653544935
55497.583824980065	1.0003585861614464	0.00024997677234706554
55497.60425801067	0.9998918484211488	0.000249891034923948
55497.62469084117	0.9995220379672202	0.0002498821108741914
55497.64512387167	1.0001522993674845	0.00024990450632901
55497.66555680216	0.9998816491484168	0.00024986802513659884
55497.68598963254	0.9998117097788035	0.00024993544552119634
55497.706422662915	1.0001585315697665	0.0002499592432461352
55497.7268555933	0.99994273315274	0.0002498976692742004
55497.74728842356	0.9997736270295562	0.0002498639499248455
55497.76772145383	1.000123728458935	0.000249901961051208
55497.80858721412	0.9994875394027539	0.00024989512818231045
55497.82902024414	1.0001074579724987	0.00024994847382074615
55497.86988600409	1.0005433250357816	0.00024986559724144873
55497.890319034115	1.0002158199000581	0.0002499424835172492
55497.910751963915	1.0004507000928524	0.00024993534035352044
55497.93118499383	1.0001183761951054	0.0002498851183265699
55497.951617823506	0.9999756110219757	0.0002498734500577579
55497.972050753306	0.9999728550067332	0.0002498809406669521
55497.99248378299	1.000123435221854	0.0002499598955092962
55498.012916612664	0.999929765595708	0.0002498655938406253
55498.03334954223	1.0000898386466992	0.00024992238574499315
55498.0537825718	1.0004918262896183	0.00024996506599342584
55498.07421540124	0.9998422053914716	0.00024996856554224687
55498.09464833069	0.9994484169916946	0.0002498377014349804
55498.11508126014	0.9995090365477434	0.0002498997274774186
55498.13551418947	1.0004060743071037	0.00024997239601290183
55498.1559471188	0.9998846471744126	0.0002499122299634341
55498.17638014802	0.9999675507482242	0.00024986695987477646
55498.196812977345	1.0001329273561255	0.00024989031169489804
55498.21724600645	0.9997575018734456	0.00024996081730318935
55498.23767893555	1.0002177492840443	0.0002499413927693137
55498.25811176464	1.0000661863147173	0.00024995757542483455
55498.29897772273	1.000100780198418	0.000249886242863246
55498.31941055159	0.9997431670873733	0.0002498358567856289
55498.339843580456	1.000287302806066	0.0002499249409321285
55498.360276509324	0.9998706391476647	0.0002499087578618885
55498.380709338184	0.9999934573986249	0.0002499073763133559
55498.401142366936	0.999557860587516	0.0002498651217374449
55498.42157529557	0.9996303162654783	0.0002497957933691862
55498.4420083242	1.0000426879019646	0.00024995302852889585
55498.48287408147	0.9994582764056488	0.00024982356091311916
55498.50330710998	1.0000106253907861	0.00024992780779794864
55498.523739938384	1.0004140497825498	0.00024991648367166764
55498.5441728669	1.0000142967956434	0.00024989462627836886
55498.56460589518	0.9998224085617602	0.00024988109664400766
55498.585038723584	1.0004238428612466	0.0002499461105089306
55498.62590468015	1.0002194889976017	0.0002498731487097087
55498.64633760832	0.999976757263686	0.00024991876111840085
55498.66677043649	1.0003253202538993	0.00024988305044374104
55498.687203464535	1.0000478173196037	0.000249886114911167
55498.707636292704	0.9992984102616496	0.0002498383335932363
55498.72806932064	0.999750333748364	0.0002498580816734202
55498.74850224869	1.00035238262227	0.00024988937461382005
55498.768935176624	1.000067955934603	0.0002499148020975229
55498.78936810444	1.0000751346109344	0.0002498740220211145
55498.809801032374	1.0001818063423065	0.00024990531140807736
55498.83023386008	0.9999740429544592	0.0002498822562888227
55498.8506668879	1.0001155719075432	0.0002499088818026421
55498.871099815595	1.0002552344988815	0.0002499596356242464
55498.8915326433	0.999805641362777	0.0002499201485782955
55498.91196567088	1.0002149081745404	0.0002499612001429475
55498.93239859847	0.9996044119094416	0.00024981377980821853
55498.95283142594	1.0001500415553344	0.0002498902964503706
55498.973264453525	0.9997930111600548	0.0002498625976065803
55498.99369738087	0.999798249796714	0.00024987758644796616
55499.014130408344	1.0003292953466556	0.0002499358847397667
55499.054996163046	1.0000609506060174	0.00024995541600525027
55499.075429190285	1.0001713327008794	0.00024988172557444745
55499.09586201752	1.0000532927554597	0.00024990747752179094
55499.11629494475	1.0003228350946312	0.0002499549834438392
55499.136727971876	0.9998139777131853	0.0002499576939078935
55499.15716089899	0.9996324019555058	0.0002498629055075675
55499.25932553378	0.9997168593298709	0.00024983650311434806
55499.27975846066	0.9999681530987325	0.00024982034580969353
55499.320624314205	0.9995092280205543	0.00024983977326353856
55499.34105724097	0.9997889669269056	0.00024987798245867026
55499.38192309428	0.9999160835357656	0.00024992703325532075
55499.402356020815	1.000040992613481	0.00024989329449884697
55499.422788947355	0.9998125776914446	0.00024994717337150735
55499.443221873895	1.0006961185879029	0.000249901865679194
55499.46365480031	0.9999369854068917	0.00024992826157945765
55499.484087726734	1.0000771161782729	0.0002499546584556807
55499.50452065316	0.9997584722300805	0.00024988680386525154
55499.52495367946	0.9999912415853894	0.00024987563085114404
55499.545386505764	1.0004244182410242	0.00024996365798462194
55499.56581943207	0.9997158979382645	0.00024986810430751774
55499.586252458255	1.000227105766917	0.0002499430081790378
55499.606685284445	0.9996353524277379	0.00024987156838418665
55499.62711821052	0.999796894135564	0.0002498995058951071
55499.64755123659	1.000577655185092	0.00024996507745574754
55499.66798416266	0.999961788751487	0.00024987616322939626
55499.688416988734	0.9997864012673291	0.00024990203208783405
55499.708850014686	1.0000946255895622	0.0002499021874265127
55499.72928294053	0.9998207036912643	0.00024991219421267066
55499.749715866485	0.9994683241685531	0.0002498235318326039
55499.77014879232	0.9994308861787582	0.00024986467954916627
55499.79058171816	0.9996066830353066	0.00024984554038472634
55499.8314475696	0.9991816098432031	0.000249804423194876
55499.85188049533	0.9995082772033076	0.0002498740590993745
55499.87231352093	0.9994497917235402	0.00024990502254624767
55499.89274634654	0.999843334817048	0.0002499289798452928
55499.913179272145	0.9996164324627878	0.00024988732006942687
55499.93361229764	0.9995638326226433	0.0002498734150896225
55499.99491107398	0.9992272212385577	0.00024985346346570735
55500.05620974988	0.9995773646169638	0.00024986880376170307
55500.07664267513	0.999600787151279	0.00024989016441568344
55500.09707570039	0.9992682188885645	0.0002499037289020375
55500.13794145067	0.999721803280163	0.0002499221061332483
55500.17880740084	0.9994105643793592	0.0002499204324422046
55500.199240225855	1.0000126559270377	0.00024993908850362784
55500.24010617567	0.9996970934847869	0.0002499254823894139
55500.26053900058	0.9996239198081377	0.00024983348819530073
55500.28097202549	0.9999861960467578	0.0002498428408015775
55500.301404950274	1.0002420307281408	0.00024994556947207833
55500.342270799745	1.0001171728749831	0.0002499284017993418
55500.36270372453	1.0007689317336048	0.0002499534145876487
55500.38313674921	1.0005317926800739	0.00024995011726101213
55500.40356957377	0.999821609113809	0.0002499594093156435
55500.42400249832	0.9999765417018606	0.0002499127214952287
55500.444435522884	1.000322994350082	0.00024992931262969034
55500.464868347444	1.0000258078456932	0.0002499233083621482
55500.48530127188	1.0004436223120392	0.00025000692979622823
55500.50573429633	1.0001275884447987	0.0002498751833229437
55500.52616712077	1.0000378639378287	0.0002499310473909099
55500.54660004509	1.0001847156242092	0.0002499055129672357
55500.56703306942	1.0002585815971803	0.0002499269279661436
55500.58746589375	0.9996394109313669	0.0002498900642525398
55500.60789891795	1.0000961706497564	0.00024993843896312676
55500.62833184216	1.0000783523516634	0.00024992686100983784
55500.648764766374	1.0000590575595294	0.00024992480324103673
55500.66919769046	0.999919698701366	0.00024990055849641795
55500.68963061456	1.0002267422086404	0.0002498861836935479
55500.71006353865	0.9997682046571194	0.000249909259491752
55500.73049646274	0.999729468600312	0.00024987333472556856
55500.75092938672	0.999420505543078	0.00024986856875624304
55500.7713622107	1.0000642040615226	0.00024994092867800644
55500.79179523455	1.0000634188192081	0.00024991975454759897
55500.812228158415	1.000040626425932	0.00024989515123419675
55500.85309400613	1.0001133283784234	0.0002499672516580009
55500.87352692988	1.0000949283511054	0.0002499021140172921
55500.893959953624	0.9995209684965498	0.0002499047606677118
55500.91439277736	0.9998426779270218	0.0002499430522494494
55500.93482570099	0.999878460926846	0.0002499159862930632
55500.955258724614	1.0000174835733942	0.00024990150496675864
55500.97569154824	0.9999110967400577	0.0002498890957930954
55500.996124471756	0.9997569900627392	0.00024986467030521664
55501.036990318775	0.9996020059667597	0.00024990246554409853
55501.05742324229	1.0003529419885764	0.00024991816974351565
55501.07785626568	0.9997572211291853	0.00024985665960085507
55501.098289089074	0.9999954810834585	0.00024998530695084813
55501.118722112355	0.9999085370956109	0.0002499703217699492
55501.13915503575	1.0000765739177107	0.00024989688355920155
55501.159587959024	1.0000577292576132	0.0002498852142856152
55501.18002088219	0.9996986784065305	0.00024978691432160513
55501.20045380546	0.9999860887195255	0.0002498890370153776
55501.220886728624	0.9998197396509341	0.00024991921919562273
55501.24131965179	0.999874422944427	0.0002499413038715096
55501.261752574836	1.0002615635716159	0.00024994756722356546
55501.282185497876	1.000116926346329	0.00024990704798282605
55501.30261842092	0.9991634241893458	0.000249823517140808
55501.343484266894	0.9996225132444924	0.00024990639320823007
55501.363917189825	0.9997937507401932	0.00024989099636842994
55501.384350112756	0.9996647057715923	0.0002499086878505241
55501.404783135564	1.0000986241758665	0.00024987870865479796
55501.425215958494	0.9998295262494078	0.00024984939527773596
55501.445648881185	0.9999320200971201	0.00024985561251972857
55501.466081904	0.9995122576123949	0.0002498966933706228
55501.4865147267	0.9995365320975046	0.00024988864345605746
55501.506947649395	1.0000135267740555	0.0002499346049994295
55501.52738067209	1.0002669239410211	0.00024988457412183023
55501.54781349467	0.9999879483594302	0.0002498503387586328
55501.56824641736	1.0004811761486507	0.0002499453814363673
55501.609112262406	0.9999885117783183	0.000249895988554942
55501.629545284864	1.0004293746168382	0.0002499358039145728
55501.64997820733	0.9999529532543671	0.0002499415547821363
55501.670411029794	0.999795123959421	0.00024987182223646173
55501.69084405225	0.9997464492482785	0.00024996210567479314
55501.7112769746	1.000447969529843	0.0002498991331282814
55501.752142819176	0.9999454676316297	0.0002499218438925424
55501.772575741525	1.0003311054769448	0.0002499187793146426
55501.813441585866	1.0000666017554851	0.0002499265649118508
55501.8338745081	0.9999607263063288	0.0002499275164840456
55501.854307530215	0.9999417509426856	0.0002499132533203005
55501.874740452324	0.9997687583970605	0.00024988856758650495
55501.89517327444	0.9999964237154473	0.00024991856432954464
55501.91560629644	0.9999389536081236	0.0002499364213300318
55501.97690506243	1.0000307481750985	0.0002499596216248662
55501.99733798431	0.9999371010530094	0.00024988361668591
55502.03820382807	0.9999450739164925	0.00024980936396390283
55502.05863664983	1.0002752310709315	0.0002498735480446913
55502.079069571715	0.9997229329386993	0.00024976668888660803
55502.09950259348	0.99989852542389	0.00024989819295478835
55502.119935415125	0.9996500144353837	0.00024990033919499344
55502.14036843573	1.0000474260210412	0.00024993171447209325
55502.16080135738	0.99999438709064	0.00024995766215008073
55502.24253304385	0.999809842644533	0.00024982439122475924
55502.262965965325	1.0002253120261968	0.0002499589879165492
55502.2833988868	1.000050914888368	0.0002499372969265478
55502.30383180827	0.9997221066531667	0.0002499159811626136
55502.344697651104	1.000256848778171	0.00024989340429239286
55502.36513067246	0.9998617631501828	0.00024985611877918637
55502.38556359376	1.000320111900508	0.00024994270306951717
55502.40599641512	1.0002095686713321	0.000249876903472118
55502.42642943635	0.9996645091475773	0.0002498911025883657
55502.446862357596	0.9999052282692985	0.0002499093976955985
55502.46729517884	1.000386868798109	0.0002499768986515946
55502.487728200016	1.0002573209460308	0.00024990012254531336
55502.5081611212	1.0002004670344544	0.0002499522410648034
55502.52859394233	0.9997983206411478	0.0002498467153006567
55502.56945988446	1.0001717777752535	0.0002499417672805304
55502.589892705524	1.0003099487790432	0.00024992228552476016
55502.61032572653	0.999984338825622	0.00024989003679679685
55502.63075864754	0.9999110007958715	0.00024981804294720575
55502.65119156848	0.9998393373536143	0.0002499428953890524
55502.671624489376	1.0007281496628693	0.0002499988080469677
55502.69205741033	0.9999655075629568	0.00024990859931858014
55502.712490331156	0.9994957991296038	0.00024982404092976923
55502.73292325199	0.9996186695817004	0.0002498838668967519
55502.75335617283	1.0002297485708727	0.00025001166616941414
55502.7737890936	1.0000156167889553	0.00024985080952291574
55502.794222014374	0.9999199701895374	0.0002498760270217807
55502.81465493509	0.9999698081746188	0.0002498575867650157
55502.835087855805	0.9996249019271213	0.00024994819662437417
55502.87595379713	1.0002711628774474	0.00024990503837631566
55502.89638671772	0.9996649557781481	0.0002499094016673013
55502.95768547941	1.00026364174102	0.00024999914147040363
55502.97811829989	0.9997563329184388	0.0002498928606427585
55502.99855132038	0.9998358814968116	0.0002499008127629553
55503.039417061285	1.0003595680327448	0.00025001622896897473
55503.059850081656	1.0001248159748535	0.00024997555821402003
55503.10071582239	0.9998726937827156	0.00024993356754410864
55503.1211488427	1.0001534919194504	0.0002499819523977006
55503.141581763004	0.9998391934917567	0.0002499408977464476
55503.16201478326	1.0000335343402917	0.00024988959831103986
55503.18244760345	1.000031269758361	0.00024997788732606524
55503.2028805237	0.9997277324379288	0.00024987962325740814
55503.223313543895	1.00023425927034	0.0002499708248966901
55503.24374636403	1.0000812886338244	0.00024992905130747197
55503.26417928416	1.000160948074854	0.0002499968124185318
55503.2846122043	1.0002338992628346	0.00024992942731549833
55503.305045124376	1.0001932989079048	0.0002498490289663849
55503.32547804439	0.9999694191616174	0.0002498862298421159
55503.34591106441	0.999980095869644	0.0002499778135131741
55503.36634388443	1.0003956344037277	0.000249916045951758
55503.386776904386	0.9997610773420152	0.0002498967484617613
55503.40720982435	1.0002420066778157	0.000249928463490807
55503.42764264425	1.0001580401541637	0.00024994946043909176