55284.09220589541	0.9997799181271899	0.0002559758500036078
55284.11264005671	0.9997541271425128	0.00025595232876297983
55284.13307411809	0.9998388266093018	0.000255934253621118
55284.15350837962	0.9999171402842223	0.00025596854419240053
55284.17394254127	0.9998564347527579	0.000255975219112961
55284.19437660303	0.9996485415876546	0.00025594834281466824
55284.214810864905	1.0000330465901834	0.00025598584845839563
55284.2352450269	1.0001578864581058	0.0002559727935742865
55284.255679088994	1.0001948468202366	0.00025597836599362253
55284.27611335124	0.9999569655379584	0.0002559849521764436
55284.296547513586	1.000067192887815	0.00025598738989290095
55284.31698157605	1.000413582988537	0.0002559761715536238
55284.337415838636	0.9998749435091723	0.00025599062301978094
55284.35784990133	1.000402920349804	0.00025598428897266145
55284.37828406415	1.0000686346983862	0.00025598377816359865
55284.39871832708	1.0002723186972313	0.00025598761636469865
55284.41915249014	0.9998820036354465	0.00025595199717486035
55284.439586553315	1.0004041604370928	0.0002560067640959744
55284.4600208166	1.0001496109548758	0.0002560004290589933
55284.48045498001	0.9999847195147327	0.000255988021994195
55284.50088904353	0.9996281261756671	0.00025594093809610434
55284.52132320717	0.9999048661636286	0.0002559798802944248
55284.54175747093	1.0001505703518376	0.0002559370188092809
55284.5621915348	0.9997101035271061	0.00025597157482796373
55284.582625698786	1.0000105630769156	0.00025598872426345684
55284.603059962894	1.000009165284297	0.00025599190863059146
55284.62349402711	0.9997958624949232	0.00025593375474779054
55284.64392819145	1.0002084468849233	0.00025593401771653736
55284.66436245592	0.9997532197621936	0.0002559456239410458
55284.68479652048	1.0001829066208912	0.0002560160238775148
55284.70523068518	1.0003373699155267	0.0002560000095308055
55284.72566495	1.000082190902946	0.00025600010914358457
55284.7460991149	0.9999193283500802	0.00025599404031592253
55284.76653317995	1.0000539635471575	0.0002559401046039146
55284.78696744509	1.0001503622691779	0.000255981924190138
55284.80740161037	0.9999341764895091	0.0002559544839526549
55284.827835675744	1.0005248395340693	0.0002560312526093037
55284.84826994126	1.0003125140269593	0.0002559377371628393
55284.86870410686	0.9998532438684783	0.0002559244614244269
55284.88913817261	0.9999574080594545	0.0002559661075476722
55284.90957243845	0.9999896954952086	0.00025598255116832125
55284.93000660443	1.0003169173360729	0.0002559761027552621
55284.9504406705	1.0002211604042683	0.0002559949615562213
55284.970874936706	0.9996785001744781	0.0002559425359058214
55284.99130910302	1.0001382942677544	0.0002559713791477078
55285.01174326944	1.0003729432583417	0.00025603504174576336
55285.05261160264	1.0002121942357178	0.00025595678421735674
55285.07304566941	0.9999542117251269	0.00025592509562280454
55285.09347983631	0.9999042577332886	0.0002559913219591766
55285.113914103305	1.000221206368881	0.00025597714844405686
55285.134348170424	1.0000176414598698	0.0002559556758882443
55285.15478233766	1.0001397499450648	0.00025593054388231177
55285.17521660501	1.0000690029583184	0.0002559924803753047
55285.19565067246	1.0002599344746983	0.0002560073823446801
55285.216084840045	1.000243993977587	0.0002559741962357202
55285.236519107726	1.0003007940738822	0.00025599913125673126
55285.27738734345	0.9994308416252522	0.0002559133699164287
55285.29782161149	0.9999247678260311	0.0002559725238079717
55285.31825567963	1.0004022579103016	0.0002559845420019925
55285.3386898479	0.9999958173463867	0.00025597349001417284
55285.35912411628	1.0004916216108768	0.00025599037934240216
55285.39999235337	0.9998291484489223	0.000255885066913562
55285.420426622084	0.9999600280863299	0.00025596649010710794
55285.44086079092	0.9998894517071217	0.00025593353621856257
55285.46129485987	0.9997395587185087	0.0002558965510110644
55285.50216329811	0.9999109240428141	0.00025590926098347286
55285.522597367395	0.9998932677928887	0.00025595576604643504
55285.54303153678	0.9998274703636639	0.00025592127849704286
55285.56346580631	0.9998059452687976	0.0002558738180545656
55285.583899875935	0.9998879490847633	0.000255911013188943
55285.60433404567	0.9997744437613769	0.0002559572366579232
55285.62476831552	1.0002135313050735	0.00025596191258022214
55285.645202385494	0.9998455982801828	0.00025588704153922036
55285.68607082578	0.9997313435468953	0.00025584613567013865
55285.70650499607	0.9997265840985928	0.0002559303912269703
55285.76780750767	0.9998706891263532	0.0002558849516131491
55285.808675849294	1.0002619893549063	0.0002559483415759443
55285.829110020284	1.0002002420398106	0.0002559704785145758
55285.849544091354	0.9995387815986401	0.00025580336840387986
55285.86997836258	0.9998242083520531	0.00025590703774531993
55285.89041243389	0.9999524082094359	0.0002558378643606673
55285.91084660531	0.9999420863435535	0.00025589015097494147
55285.95171494851	1.0003543087896065	0.0002559465894772912
55286.01301746415	1.0002173490296724	0.00025591593780368465
55286.033451636256	0.9995274737093116	0.00025587125484754456
55286.053885908485	1.0001194704113165	0.0002559057742454644
55286.0743200808	0.999744433490627	0.00025583072430305506
55286.09475415322	1.0001459037761147	0.00025593179252841837
55286.115188325784	0.9996390661535718	0.00025579648707338735
55286.135622598435	1.0004675031665868	0.0002558434619673532
55286.15605667121	0.9998560279099601	0.0002559126310242961
55286.17649084409	0.9997099923823272	0.0002558751021356062
55286.19692511709	1.0001415741759194	0.0002558946681221352
55286.21735919018	1.0000336737964581	0.000255887168299842
55286.23779336341	0.9995590794902457	0.0002558711428956436
55286.25822763675	1.000278092359447	0.0002558805209676389
55286.278661710174	1.0004163969694622	0.0002559650794934545
55286.299095883725	0.9999001920706645	0.0002558311780652121
55286.31953015738	1.0002568615772514	0.00025592574159753214
55286.339964231156	0.9999713470189533	0.00025589043770762334
55286.36039840503	0.9998237726643733	0.0002558609580917222
55286.38083267902	1.000031292538055	0.000255804799678905
55286.40126675311	1.0001318551445881	0.00025584114358912646
55286.421700927334	0.9998432524643656	0.0002558859070815779
55286.44213520166	1.0001548812578316	0.00025590211165620736
55286.46256937609	0.9997096388185693	0.0002558348286051265
55286.48300345063	0.9999674766365758	0.0002559122843140202
55286.50343772529	0.999934359899395	0.0002558356111952488
55286.52387190004	1.0001477830823222	0.0002559209212833629
55286.544305974916	0.9996924943205695	0.00025584198222170586
55286.564740249894	1.0000879842239672	0.0002558322686180205
55286.585174424996	0.99995801703937	0.0002558461942345534
55286.60560850019	1.0004239759513727	0.00025589124553535226
55286.62604277552	0.9997334178866357	0.0002558713158243269
55286.646476950926	1.000129927375351	0.0002558718789641596
55286.666911026456	1.0000506660833026	0.0002558611330255916
55286.6873452021	0.9998594233953252	0.00025586971029527685
55286.707779477845	0.9997622349325557	0.00025585996084064874
55286.72821355371	0.9999205744544105	0.00025585419431870584
55286.74864772968	1.0000274429734872	0.0002558705106790394
55286.76908190575	0.9999031945483098	0.0002558492839960224
55286.789516081924	1.000072703381687	0.0002558479943132507
55286.809950258226	1.0000686576792557	0.0002558844998461634
55286.83038453464	0.9993225907354433	0.0002557849207041457
55286.871252787765	0.9997910030784953	0.0002558127594245736
55286.91212114132	1.0000520834129598	0.00025578735422047115
55286.93255531828	1.0001172592056762	0.0002558204747176974
55286.952989595346	0.9998137712520666	0.00025581039782082346
55286.973423672505	1.0000397955057685	0.00025585436955395007
55286.99385784978	1.0001451886232697	0.0002558071420930042
55287.01429212717	1.0000326616713278	0.00025584697296689054
55287.03472620465	0.9999220220535219	0.0002557546399355923
55287.055160382246	1.0001581555421546	0.00025585864023115664
55287.07559465995	0.9999676305222718	0.0002557773761697992
55287.09602883777	1.0003926432177879	0.0002558480633902448
55287.116462915685	0.999535455050903	0.00025579970877628427
55287.44340977704	0.9995717386368397	0.0002557139821493856
55287.463844056794	0.9995498406384574	0.0002557732216653892
55287.484278136646	0.9993885629050164	0.00025572069955257437
55287.504712315575	0.9998475504430683	0.0002557971796379375
55287.525146595646	0.9997001975092181	0.0002556608749464539
55287.54558067582	0.9998109758016638	0.0002557793161806146
55287.58644913648	0.9992305134583299	0.00025573091161799194
55287.60688321697	0.9996845365100818	0.0002557482738629702
55287.62731739756	0.9998269340363255	0.00025579424786803144
55287.64775167827	0.9997794967108855	0.0002557530509272152
55287.688619939974	1.000023903249567	0.00025584740467054633
55287.709054221006	0.999595109070118	0.00025576253985840866
55287.729488302124	0.9994492862809953	0.00025576440760633693
55287.74992248335	0.9997378013392798	0.00025578401297990437
55287.770356764704	1.0000039428016008	0.00025573911904755973
55287.790790946136	0.9997285109205116	0.0002558030776966633
55287.81122502769	1.0002236900808497	0.0002557960706457504
55287.83165930935	0.9996196272973671	0.0002557881993463204
55287.85209349111	1.0001990982258169	0.00025581937875306354
55287.87252757296	1.00010283562855	0.0002557863152248368
55287.89296175492	1.0001885350240778	0.0002558275583716994
55287.913396036995	0.9997290389284279	0.00025572733385924177
55287.93383011919	0.9997799966512069	0.0002557308386580929
55287.95426430147	0.9999351063778833	0.00025576872546892936
55288.01556684895	0.9997948467520521	0.00025572797069226835
55288.03600113164	0.9998569851386989	0.00025577331317236526
55288.05643521444	0.9995886551306502	0.00025577912358486145
55288.076869397366	1.0000712599966908	0.00025580249268091783
55288.09730368038	1.000365434285478	0.00025578025488033265
55288.1177378635	0.9996447105870319	0.0002557215347179615
55288.138171946724	0.9997438858563038	0.0002557274646790338
55288.15860623005	1.0000814692900868	0.00025579747919912324
55288.17904041348	0.9998430763514602	0.00025574668769450535
55288.199474497014	1.00025949012115	0.00025580881186823307
55288.219908780666	0.999856400961373	0.0002557867631623151
55288.240342864396	1.0000898497821338	0.00025583443400376986
55288.26077704825	1.0001474830852846	0.00025575272085838545
55288.281211332214	0.9998692859090166	0.0002556963134627565
55288.30164541627	0.9999180823051399	0.00025575536349487513
55288.32207960043	0.9998210273124251	0.0002558186382655431
55288.34251388471	1.0002833277689318	0.0002558739010441678
55288.36294796905	1.0007692154745822	0.00025579612177457846
55288.38338215353	0.9999601025573027	0.0002558466695031904
55288.403816438105	1.0000830521697097	0.0002558333910178047
55288.42425052279	1.000182082801319	0.00025578410897128545
55288.46511899245	1.0000753490263534	0.00025582067811658857
55288.526421447714	1.000317002976977	0.0002558209061950991
55288.5672898184	0.9995817033996638	0.00025573491018696283
55288.58772400391	1.0007057509246784	0.0002558702342106949
55288.60815828951	0.9999160141547296	0.0002557563076313985
55288.628592375215	1.0002734417742514	0.00025572980732162606
55288.64902656103	0.9996114440318408	0.0002557381282241577
55288.66946084693	1.000217380655298	0.00025584209090872076
55288.68989493295	1.000030212045984	0.0002557721708362077
55288.710329119065	0.9996211259478632	0.0002557925281407287
55288.730763405285	1.0000923830428285	0.00025579580248584
55288.7511974916	0.9998316225970287	0.00025578646421908123
55288.77163167803	0.9996261530240754	0.00025570417616863273
55288.792065964546	0.9998007848455063	0.0002557635376877358
55288.81250015117	0.999800377245739	0.0002558099965908386
55288.8329342379	1.0002173310894984	0.00025578263586766454
55288.85336852473	1.0000737357949139	0.00025580084908046326
55288.87380271166	1.0002913933004804	0.0002558405738391908
55288.89423679869	1.000078407015524	0.0002558026998695959
55288.914671085826	0.9998849972663788	0.00025577319237650345
55288.93510527306	0.999687725164242	0.00025579738259384066
55288.955539360395	0.9997440797915976	0.00025568653210683643
55288.975973647845	1.000033569912199	0.0002558192629618798
55289.016841923025	0.9997814246117007	0.00025581337323612557
55289.037276210765	1.0002443241124632	0.0002556911552396078
55289.05771039861	1.0006288397616672	0.00025587559991460874
55289.07814448655	1.0001373763376071	0.0002557740438276972
55289.098578774596	1.0001226182023861	0.0002557537754037948
55289.119012862735	0.9996565829073961	0.00025568703634666986
55289.13944705098	0.9996962971606249	0.00025581919906792774
55289.15988123933	0.999973108774193	0.00025569261818760724
55289.18031542777	0.9996662751085011	0.00025574297904059273
55289.20074961633	1.000295641123589	0.00025581357056629676
55289.22118380497	1.0001788858532255	0.0002557692069335149
55289.24161809372	0.9999129481350364	0.0002557669566019464
55289.26205218257	0.999473761209379	0.00025580447564797304
55289.30292066057	0.999669277104184	0.000255731596608061
55289.323354749715	0.9998056295104073	0.00025571721017980735
55289.34378893896	0.9996472382317457	0.0002557995755756259
55289.36422322832	0.9999225863932852	0.00025577461214597953
55289.38465731776	1.0000892985919905	0.0002557646697018551
55289.40509150731	1.000054538653154	0.00025577026048814494
55289.42552579696	1.0002131871061646	0.00025584294944267844
55289.44595988671	1.000203999188413	0.0002557290389216736
55289.507262556544	0.9997683835278076	0.0002557152600868245
55289.52769664669	1.000039796055293	0.0002557457929609996
55289.54813093694	1.0000105699766009	0.00025579775486087264
55289.56856512728	0.9999705704746624	0.0002557503477988923
55289.588999217725	0.9999953808209403	0.00025580470843852545
55289.609433508274	1.00017508223548	0.00025580141111281144
55289.62986769891	0.9996134528421907	0.0002557613572521065
55289.65030178965	1.0002028277834965	0.00025584861170644947
55289.670736080494	1.0001268419035543	0.00025578774523289644
55289.69117027143	0.9996811110178363	0.0002557861138436384
55289.71160436246	1.0000237388462445	0.00025577135776092225
55289.7320386536	0.999530703120178	0.0002557162738494352
55289.75247284483	1.0001901194027203	0.0002557569503135449
55289.77290693616	0.9998769144660514	0.0002558254444788508
55289.834209510744	0.9998306881277693	0.00025576576801950653
55289.85464370248	1.0002606163320178	0.0002557427782237349
55289.8750779943	0.9997431032018897	0.00025576031602110035
55289.91594627824	0.9999099228095572	0.00025578441909491313
55289.936380570354	1.000220834945285	0.00025578019786771423
55289.977248854884	0.9999007829635649	0.0002557714389231626
55290.03855143241	1.0001804228411562	0.0002557372700599885
55290.05898572511	0.9998309712379455	0.00025581414564109287
55290.07941981791	0.9999213909472141	0.00025574933344685844
55290.099854010805	0.9998173961589332	0.00025579278312278967
55290.1202883038	1.0004890447291324	0.00025582661658883946
55290.14072239689	0.999691232706511	0.0002558219732763198
55290.16115659008	1.0000168212158198	0.0002558133969705099
55290.18159088337	0.9999530463361691	0.00025578602245312295
55290.20202507675	0.9995389561360983	0.00025571000815866236
55290.22245917023	0.9999808268344225	0.000255760933697665
55290.24289346381	1.0005975452375744	0.00025587712479266747
55290.26332765748	0.9998346441520443	0.00025578748960471565
55290.28376175125	1.0002351559035179	0.00025579603994098073
55290.32463023908	1.0000418242498221	0.0002556866292454632
55290.34506433314	1.0001071044414487	0.00025581001490695515
55290.365498627296	1.0003163516327844	0.0002558158715785303
55290.38593282155	0.9999890826653758	0.0002557211377219187
55290.40636691589	0.9998177173851852	0.0002557818220710767
55290.42680111034	1.000115168485813	0.00025581536705574463
55290.44723540488	1.0001714740245682	0.00025576368931760375
55290.48810369424	1.0001991357311917	0.00025579530647939396
55290.50853798907	0.9995050392838373	0.0002556835661824009
55290.528972184	0.9998112992361033	0.0002556880995868398
55290.54940627902	1.0005650627176768	0.0002558158414243979
55290.569840574135	1.0000018904797714	0.00025582009587607333
55290.59027476935	0.9999245446100669	0.00025578234102275623
55290.610708864646	0.9999281961287306	0.00025578133893969105
55290.65157725554	0.9998470217175872	0.0002557850150984355
55290.67201145114	1.0004338813236713	0.000255807588511083
55290.69244574683	1.0000642717287027	0.00025578894034496727
55290.712879842606	1.0003386108646422	0.00025581469973955725
55290.73331403848	0.9999432486351487	0.0002558107440160261
55290.75374833446	0.9994205979963868	0.0002557360636254776
55290.77418243052	0.9997785004263967	0.00025574535537669583
55290.794616626685	1.000174002879856	0.0002558042158498098
55290.81505092294	1.0006385172886343	0.0002558627241387828
55290.83548501929	1.0000616547578096	0.0002558134803108717
55290.85591921573	1.0000669309322512	0.00025579736947841205
55290.87635351228	1.0001091789138372	0.0002557620303053386
55290.896787708916	1.000111318572464	0.00025577638544544155
55290.91722180564	1.0001106093053374	0.0002557981543905819
55290.93765610246	1.000397732329918	0.00025578745846738666
55290.958090299384	1.0000813618127442	0.0002557798608280118