55390.28846665844	1.000240399967551	0.0002531890093376164
55390.308900406875	0.9996773326647188	0.0002531188417553861
55390.329334354836	0.999927508394485	0.00025318837936637013
55390.3497682028	1.0000649515907694	0.00025315567418922915
55390.37020205054	0.9997182585761261	0.0002531507225091223
55390.39063589803	0.999654427857646	0.0002531458688132732
55390.4110697453	1.0002090782769564	0.0002531835807795206
55390.43150369257	0.9999246615452897	0.0002531688614498354
55390.47237128617	0.9998064183337343	0.0002531598765298744
55390.49280523274	0.9997946769799	0.0002531369687808195
55390.51323907907	1.0001857856402765	0.0002531916552702814
55390.53367282517	1.0000974848320894	0.0002531711925919283
55390.554106771044	0.9998867375682996	0.00025318080329531437
55390.574540516674	1.0002132587652945	0.00025314150846717453
55390.59497436231	1.0001567146449126	0.0002531717577335002
55390.61540830772	1.000371602183224	0.0002532168062321464
55390.635842052885	0.9993842337533527	0.000253084651421002
55390.656275897825	0.9998733892072572	0.00025313220598713755
55390.67670984253	0.9996359956873525	0.0002531457567832907
55390.697143587	1.0004973096799337	0.0002532055061705013
55390.71757743124	0.9998154046439486	0.0002531222179359434
55390.738011375484	0.9995726857954166	0.0002531743239717715
55390.75844511925	0.9996074882965271	0.00025315956720444024
55390.77887906303	1.0000145902579731	0.00025315982929565323
55390.819746649875	0.999960846022941	0.0002531669496935486
55390.86061443603	1.000350325233222	0.00025322931227795013
55390.88104827887	1.0004045265796002	0.0002532097124166188
55390.90148212125	0.9995679644908325	0.00025316499258354395
55390.92191596363	0.9999933081817243	0.00025320893668600284
55390.942349805766	1.0001568699504193	0.0002531799521407951
55390.96278364768	1.0001182526240167	0.00025319295403295036
55391.00365133103	1.0001893525996195	0.0002531602121023506
55391.02408527225	1.0006446719353193	0.00025321890329166525
55391.04451901346	1.0001304494901961	0.00025318373240491496
55391.06495285444	1.000134823249565	0.0002531620236534297
55391.08538679519	1.0002156347082707	0.00025316849564566564
55391.105820535704	0.9999626043988384	0.0002531642475515448
55391.12625447598	1.0006254115066293	0.0002532084320283435
55391.146688316265	1.0002157416415014	0.00025318279386241354
55391.16712205608	1.000242929619985	0.0002532003525107268
55391.18755599589	1.0003318535961319	0.0002532043086375412
55391.20798983548	0.9999813748598946	0.00025316630450815923
55391.22842357483	0.9999404563134167	0.0002531713896898163
55391.24885751394	0.9998951454562739	0.0002531661979754529
55391.26929135283	1.0000149526576012	0.00025317284753886306
55391.28972509148	1.0001514205805253	0.00025316475348719614
55391.31015903013	0.9999453987299859	0.000253183435624747
55391.33059276855	1.0004356334319648	0.00025320179974118163
55391.351026606506	0.9998000942624116	0.00025314065590239723
55391.371460544455	1.0000303490584797	0.00025314845030728297
55391.39189438241	1.0003479058138471	0.0002531657796044619
55391.4123281199	0.9998327408006566	0.0002531703412121106
55391.43276205715	0.9999991265154037	0.0002531891325194469
55391.453195894406	1.0005381554575732	0.0002532261638976505
55391.47362973119	0.9995906069916242	0.0002531492926814554
55391.49406356798	1.000019464286002	0.0002531602707620225
55391.51449740454	0.9994172705490408	0.0002531324003194107
55391.55536507695	1.0002907662447273	0.0002531875015445177
55391.57579891304	0.999900760879366	0.00025315547437913154
55391.61666658429	1.00043353224717	0.0002532247291454781
55391.637100419684	1.0001341696765707	0.00025321162470906826
55391.65753435461	0.9999748637224632	0.00025319525740963446
55391.677968089534	1.000229113530804	0.00025318784681172484
55391.69840192446	1.0001099541959684	0.0002531802973382367
55391.71883585892	1.0002652274287671	0.00025315868590441835
55391.73926959315	0.9999543238871357	0.0002531726226731874
55391.75970342738	1.0001014369163692	0.0002531995206966134
55391.78013736137	0.9998838993320709	0.00025317431585622323
55391.80057109513	1.0003346336608294	0.00025319345323668546
55391.821004928664	0.9997921541394282	0.00025317656741756874
55391.84143886196	0.9997902563116459	0.0002531642317465781
55391.86187269502	1.0002327239797613	0.00025320697998717834
55391.88230652809	1.0002824820060945	0.0002531878034948277
55391.90274036068	0.9997908396950156	0.00025318951381975586
55391.92317419328	1.0005625075468105	0.0002532222730951847
55391.94360802565	1.0002345179092411	0.0002531808470517257
55391.96404185778	0.9999269727744704	0.00025317737188423575
55391.98447558968	0.9996955706094919	0.0002531486529657161
55392.025343352776	0.9999558950526036	0.00025318663582546766
55392.04577718421	0.9998415852816813	0.00025317678243267966
55392.06621101518	0.9996560841553994	0.00025313823135481446
55392.086644846146	1.0001421233406451	0.0002531813255894783
55392.10707857688	0.999943707411248	0.0002531519415136264
55392.12751250739	0.9998705329579219	0.00025312365672695505
55392.168380067924	1.0002906187438723	0.00025319861585400326
55392.18881399773	0.9998304417794119	0.0002531358053208879
55392.20924782753	0.9998134694225149	0.00025316695009961284
55392.250115486444	1.0001590038756782	0.0002531678852615287
55392.270549315544	0.9998802746994099	0.0002531280992469044
55392.31141697306	1.0002768919140355	0.00025316153928705887
55392.33185080146	1.0002902614451628	0.000253183980430527
55392.352284729874	0.9998434074081121	0.0002531501182574835
55392.37271855805	1.0000015973371466	0.00025316285232203855
55392.39315228575	1.0006725300272086	0.0002531648911603843
55392.413586213464	1.000004522109164	0.00025311847548737895
55392.43402004117	0.9998206288156949	0.0002530886735457599
55392.45445376841	1.0002394698757773	0.0002531505284524168
55392.474887695425	0.9998751000922537	0.000253124127797355
55392.49532152244	0.9996399505845308	0.00025309593201723656
55392.536189175524	0.9999431558234589	0.0002531568199361406
55392.55662300183	1.0003055038333946	0.0002531565963111741
55392.57705692791	0.9996824834618423	0.0002531081622438222
55392.59749065376	1.0001076581871868	0.00025313373473339566
55392.617924479375	0.9999442979290708	0.00025315387452903035
55392.63835830498	1.0002907764350377	0.0002531232351338974
55392.65879213013	0.9999029713893139	0.00025313147886344046
55392.679225955275	0.9998885710027458	0.0002530935735233429
55392.69965978019	1.0000544060505923	0.00025310450702355377
55392.720093604876	0.9998029092874787	0.00025311818636664167
55392.74052742933	0.9994789823689596	0.00025308613775367085
55392.76096125354	1.000353146278407	0.0002531491033081747
55392.781395077756	0.9995939356755781	0.0002530489916677345
55392.822262725254	0.9999126090813175	0.00025311281446316314
55392.84269654854	1.0002291710950586	0.0002531118270746761
55392.86313037183	1.0001126055986473	0.000253154029319324
55392.883564194875	0.9999738503114175	0.0002530978004569784
55392.90399801793	0.9995973670131963	0.0002531169590788927
55392.92443194051	0.9997824349354127	0.00025311067438311784
55392.94486576287	1.000112465594193	0.0002531201642666214
55392.96529948522	0.9999363169939427	0.0002530904278216544
55392.98573340734	1.000193511865515	0.00025314143602703134
55393.006167228996	0.9999692036866852	0.00025313162966705187
55393.02660095065	0.9995543757871291	0.00025310287519821257
55393.04703487207	0.9997633222502066	0.00025308902396710517
55393.067468693494	1.000163481363211	0.00025312594903557613
55393.08790241445	0.9994987936881958	0.00025309800090267886
55393.10833633517	1.0002027759878311	0.00025314759963507874
55393.1287701559	0.9995240149927551	0.0002530948410941694
55393.14920387639	0.9999176510379411	0.0002531391813239018
55393.169637796644	1.0002067615867392	0.00025311104505092435
55393.19007161667	0.9997036714708952	0.00025308534030479574
55393.210505436466	0.9997733852456185	0.00025308936113323656
55393.23093925602	1.000204675740759	0.00025314905457538375
55393.25137307535	1.0002427293607437	0.0002531393205847505
55393.27180689468	0.9999358002527851	0.00025308429729749195
55393.292240713534	0.999828545861192	0.0002530965845147722
55393.3126745324	0.9997353311366977	0.0002531017351864264
55393.33310845103	0.9995015842464081	0.00025308906028508846
55393.35354216942	0.9997631937908148	0.0002531045767312742
55393.37397598758	1.0001008162858762	0.000253126647364786
55393.39440980575	0.9998092946462785	0.0002530879291279644
55393.41484362344	1.000395830241217	0.0002531602431207471
55393.43527744114	0.9997176125948531	0.00025311615492249183
55393.45571135837	0.9995991224359392	0.0002530611363594004
55393.4761450756	0.9994804186539812	0.000253061179284464
55393.4965788926	0.9997459151657523	0.00025307431506903303
55393.51701280937	0.9997558874604825	0.0002531014683818084
55393.537446525894	0.9994906541602627	0.00025308422399169855
55393.55788034243	0.9996716432198017	0.0002530978872934793
55393.5783142585	0.9991744204563758	0.00025303076424825643
55393.59874797456	0.9996496481526879	0.00025305263794738646
55393.63961570577	0.9993405409803722	0.0002530600606724962
55393.66004942113	0.9990505560233415	0.0002530509853347331
55393.68048333627	0.9996485733984102	0.00025310061111186746
55393.700917151175	0.9992217025906933	0.0002530668385666343
55393.72135086607	0.999532175546548	0.00025308580908612016
55393.74178478051	0.9995537397470898	0.0002530608090289269
55393.76221859495	0.9991654275298542	0.0002530629745622653
55393.80308622289	0.9994382579598922	0.0002530848857027586
55393.82352003663	0.9993987230155229	0.00025300729203701997
55393.84395385013	0.9992673452783384	0.00025309773104450356
55393.86438766364	0.9999204563425993	0.0002530776664342356
55393.884821476684	0.999469972539448	0.00025309433119630697
55393.90525528972	0.9994942071675716	0.00025307052067114865
55393.9256892023	0.9994022812273528	0.00025306815499809076
55393.94612291487	0.9997921345801262	0.00025308405938247907
55393.96655672721	0.9999916946696773	0.0002531142312457965
55393.98699063932	0.9993363218961678	0.0002530268513694656
55394.0074243512	0.9999157498031088	0.000253044871821772
55394.02785826284	1.0002139950978917	0.0002531039075449363
55394.04829197425	0.9998593832570035	0.0002530615354009179
55394.06872578566	1.000504491087405	0.0002531341775977163
55394.089159696836	0.9998322950887769	0.00025303785264388595
55394.10959340755	1.0001161391862903	0.000253116915749671
55394.13002721826	0.9998899690932315	0.0002530851945853817
55394.15046112874	1.000184033201821	0.0002530892747141841
55394.170894838986	0.9998123958375569	0.000253089209521637
55394.191328649234	0.9999392054903476	0.0002530807660918223
55394.21176255901	0.9998287544285078	0.0002530942133995749
55394.23219626856	0.9998601040754369	0.0002530874940793894
55394.25263007811	0.9997233631047193	0.00025306540723364255
55394.27306398742	1.0001896717823586	0.000253109093088942
55394.293497796505	0.9996241793808017	0.00025305231992631377
55394.313931505356	0.9999168947220941	0.00025310235590736413
55394.33436541397	0.9999361122709238	0.00025310663993963114
55394.354799222354	1.0000383002341917	0.0002531164157565461
55394.375232930506	0.9996742778519233	0.0002530752813748375
55394.39566683865	0.9994970132467226	0.00025302456199130285
55394.41610064634	1.0001709210314231	0.0002531047906973786
55394.43653455402	0.9995545176900189	0.00025310120605756016
55394.456968261475	0.9999669576777954	0.0002530064152526474
55394.4774020687	0.999737720513509	0.00025306043680195484
55394.49783597568	0.9996329140889285	0.0002530892306468969
55394.518269682434	0.9998753357079329	0.0002530739839635042
55394.53870348919	0.9999791383839715	0.0002531000495851675
55394.559137395474	0.9998727141611263	0.0002530768790871862
55394.57957110176	1.0002371594215442	0.00025310059005215533
55394.60000490782	1.0002231994257818	0.00025311010294143366
55394.62043881341	0.9996557564902968	0.0002530513825855262
55394.640872519	1.0000207522414346	0.00025307257112063095
55394.66130632436	0.9996899401201157	0.0002530506509213951
55394.68174022971	1.0004858745556409	0.0002531389491950079
55394.7021739346	0.9999834521862385	0.0002530710313504835
55394.722607739495	1.0002093659503726	0.00025306090441390444
55394.76347534834	1.000053819332131	0.0002530817479485658
55394.78390925254	0.9998216823666382	0.00025305239857585177
55394.804343056494	1.000703238560873	0.0002531278173662662
55394.82477676022	1.0000858297295028	0.000253135206169485
55394.84521066372	0.9997833261286557	0.0002531098834841898
55394.865644466976	0.9998676698051936	0.0002530815236863243
55394.88607817024	0.9997088852579332	0.0002530893456438212
55394.90651207304	0.9996344983094715	0.00025303805965632434
55394.92694587583	1.0000926526511102	0.0002530977889675885
55394.94737957839	1.0002821945285787	0.00025311275550062197
55394.967813480725	0.999751750127925	0.0002530701657269448
55395.00868098468	0.9996957868026662	0.0002530000598993462
55395.02911488632	0.9997376542925677	0.00025299245642060856
55395.04954868771	0.9996288618836914	0.00025300211118419537
55395.06998238911	0.9999183790826583	0.00025307259333820096
55395.09041629028	1.0000671981467495	0.0002530203706367575
55395.110850090976	0.9998637510764093	0.0002530307950789007
55395.13128399168	0.9999636750526921	0.0002530067739050569
55395.15171769215	1.0000450855185243	0.000253019090985121
55395.17215149238	0.9999491355844198	0.00025301296654084486
55395.192585392615	1.0002309739221231	0.0002530592068177754
55395.213019092385	0.9999296050701039	0.0002530835759406836
55395.23345289192	1.0000486929319197	0.0002530189327548842
55395.253886791455	1.0004466629016113	0.00025310821509702894
55395.27432059076	1.0002591557383544	0.00025304101980989295
55395.294754289826	0.9999460103511212	0.0002530474288363892
55395.315188188666	1.000252735980329	0.00025308079418279183
55395.335621987266	1.0001157735030732	0.0002530296211966042
55395.37648958378	1.000057853030802	0.00025304456387623885
55395.39692338192	0.9996468698517867	0.0002529718896920843
55395.41735707959	0.9999266034718592	0.00025307249179194275
55395.43779097727	0.9993745022773007	0.0002529715460441709
55395.45822467471	1.0000550865237516	0.00025302652797360445
55395.47865847191	0.9999549806308242	0.00025299443944624614
55395.49909236889	1.0000909278024104	0.0002530523762235657
55395.51952606563	0.9999801948794287	0.00025303764257305207
55395.53995996214	1.0003429854763433	0.00025306700305398783
55395.56039375842	0.9996798873173586	0.0002529896358668175
55395.580827454694	0.9997054177850075	0.0002530320226426728
55395.601261350734	1.0000569137396194	0.0002529785084460409
55395.621695146314	1.0009632565740152	0.0002530641713030818
55395.642128941894	0.9999718262314978	0.000253017673466938
55395.662562737234	0.9998142128623437	0.0002529417633275628
55395.68299653235	1.0004762790158388	0.000252979722177095
55395.70343032722	0.9999643683973519	0.00025295886274138334
55395.723864122105	0.9999472988426785	0.0002530266470501759
55395.74429791652	1.0002130054279252	0.00025298893313901517
55395.76473171094	0.9999468765554395	0.0002529709435930379
55395.78516560488	0.9999461851703624	0.00025295219004226353
55395.80559929883	0.9997220252966054	0.0002529962008805942
55395.82603309254	0.9999670606992824	0.00025297810589908594
55395.846466986026	1.0003589247994686	0.00025307169687805966
55395.86690067928	0.9996994017375133	0.00025300102272082054
55395.88733457252	0.9994520643440093	0.0002529519211794308
55395.90776836531	0.9997187213854362	0.0002529916593984369
55395.928202058094	1.0001316749076496	0.0002530140873830035
55395.94863595041	1.0003057565466906	0.00025299822526063837
55395.96906974273	0.9999411307070337	0.0002529793371618723
55395.989503434816	0.9999546388463938	0.00025292893117138374
55396.009937326664	1.0001261356758897	0.0002530112432935051
55396.030371118286	0.9998828147825741	0.0002529311447863464
55396.050804809674	1.0002768652761675	0.0002530302004795071
55396.071238700824	1.000043306779834	0.0002529945687513038
55396.09167249198	0.9998336355357768	0.00025300551126032265
55396.11210628267	0.9999340546400701	0.0002530174777060316
55396.132540073355	0.9994940588534841	0.00025289312845016133
55396.15297386381	1.0000072618747247	0.0002529799334896247
55396.17340755404	1.0001969644195634	0.00025298773171380216
55396.19384144402	1.0000568448413638	0.0002530423128305548
55396.21427523378	0.9996189142012566	0.0002529916566227217
55396.23470902331	1.0001943919224205	0.00025301493919098266
55396.255142812595	1.0000455571249156	0.0002530242306142813
55396.27557660189	1.0001945372792196	0.0002530415253103087
55396.29601049072	0.9998134728777083	0.00025299460258175146
55396.33687796813	1.0002122997802125	0.0002530010646322323
55396.3573118565	0.9999630652404802	0.00025302098752995295
55396.37774554462	1.0005455045447729	0.00025302597474030755
55396.398179332515	0.9999680457760015	0.0002530180050242033
55396.41861322018	1.0001917125079258	0.00025299085649560646
55396.4390469076	1.0004300705165754	0.0002530436980013172
55396.45948069503	1.0000404018083724	0.0002530034644999479
55396.47991458223	0.9999450342082924	0.00025300041095597647
55396.50034826896	0.9997280092246444	0.00025298228508944344
55396.52078205569	1.000100093601075	0.0002530050894063564
55396.54121594219	1.0005466473772902	0.00025301921073907945
55396.56164962845	1.0000323119475576	0.00025298543892236184
55396.58208341448	1.0006358949095298	0.0002530011197446935
55396.60251730052	0.9999938275820744	0.0002529329874941485
55396.62295108608	0.9999113445843797	0.0002530234776996424
55396.64338487165	0.9999748566542951	0.00025295876996332304
55396.66381865675	1.0003107261677546	0.00025300433464922536
55396.684252441846	0.9995569391104738	0.0002529481751082374
55396.704686226716	1.0001422488739384	0.0002530012914147844
55396.72512001135	1.0000069022135245	0.00025289494184642153
55396.74555379575	1.0000489668192134	0.00025300176325961256
55396.76598767992	0.999864806617266	0.0002530062190641181
55396.78642136386	1.0002045194611078	0.00025299838418478933
55396.80685514779	1.0000591118579818	0.0002529991543168539
55396.827288931265	0.9998953343420656	0.00025298812050543554
55396.84772271474	0.9999260069999956	0.00025301466966225086
55396.86815649797	0.9994427691564304	0.00025294096014935586
55396.888590280745	0.9999363883280352	0.00025297976746934336
55396.90902406352	1.000104146966599	0.0002529935154827919
55396.92945774605	0.9996627941216409	0.0002529660896065575
55396.949891628596	0.9998398751494337	0.000252950376543461
55396.97032541067	0.9999012664490988	0.00025290648758822306
55396.99075929251	1.000108238945525	0.00025294687774241037
55397.01119297435	1.0002911134742039	0.00025300864344059783
55397.03162675572	1.0003660201983209	0.00025298728186759923
55397.0520606371	1.000181053629902	0.00025296850301529896
55397.07249431824	0.9999647745929202	0.00025296749003591635
55397.092928099155	0.9999595802477972	0.0002530172969184648
55397.11336197983	0.9999131783567998	0.00025302963451888247
55397.133795760274	1.0003179620724592	0.00025300704528749627
55397.15422944071	1.000615595868178	0.00025303785701516127