55921.5384991913	1.000128460358807	0.00025316755068942033
55921.55893227238	1.0000909758833445	0.000253181022094973
55921.57936535363	0.9999905596618901	0.00025318546611593384
55921.59979843506	1.0000561038432358	0.0002531822521643024
55921.62023151661	1.0004664021649408	0.000253186445996499
55921.64066459838	1.0001496977210727	0.0002531835221485998
55921.66109768028	0.9998563572908871	0.0002531722044301473
55921.701963944586	0.9996716924283909	0.0002531652219919361
55921.72239692695	0.9995204480681269	0.0002531468682020366
55921.742830109535	0.999692041247154	0.0002531519074755902
55921.763263192246	0.9998858271816008	0.0002531605718695826
55921.78369617513	0.9996509350500642	0.0002531777459370316
55921.80412935819	1.000455866275047	0.0002532197139321233
55921.82456244142	0.999908426279083	0.0002531752601399792
55921.84499542477	1.0005144413677214	0.0002532436670225413
55921.86542860835	0.9998498092640481	0.00025318831156397644
55921.88586169205	0.999557160428892	0.0002531616152515412
55921.906294875924	0.9998495391313864	0.0002531648037102664
55921.92672785997	0.9997829250466296	0.0002531531901877141
55921.94716094413	0.9997065959006735	0.000253146941979296
55921.96759402853	1.0000644118112052	0.0002531429655626221
55921.98802711304	0.9999742910556361	0.0002531222842224375
55922.00846019773	0.9999331711162732	0.0002531854644116765
55922.049326367625	0.9998342580142554	0.0002531723609716083
55922.06975955278	0.9998879974074029	0.0002531924435391231
55922.09019253817	1.000082229281419	0.00025315941659461875
55922.11062562367	1.0001762724973922	0.0002531949668372772
55922.13105880935	1.0004722529812045	0.0002531920632053174
55922.1514917952	1.0001492267295669	0.00025319023275765905
55922.171924881164	1.0000441934306223	0.0002531862975715021
55922.19235806737	1.0001144668672677	0.0002532010583334213
55922.21279115369	0.9996682605763119	0.00025314182909189824
55922.233224140175	1.0000581992986695	0.0002531748634131496
55922.253657326844	0.9998782164494614	0.0002531664542085218
55922.27409041369	1.0003095387721468	0.00025321337987872436
55922.2945235007	0.9998912921012446	0.0002531911674699457
55922.31495658789	0.9994609395903243	0.0002531289464361246
55922.3353896752	1.0000039624009005	0.0002531738888146802
55922.35582286268	1.0001867858681377	0.0002532187419043907
55922.39668893817	0.999683950754013	0.00025312684985002347
55922.41712212617	0.9999201593749486	0.0002532206383876711
55922.45798820265	1.0005089308757709	0.00025323071166500423
55922.498854379824	1.000495271730308	0.0002532121598107329
55922.51928756865	0.9991895047787288	0.0002531450474943053
55922.53972065764	0.9999269963852949	0.00025319018290696554
55922.56015364681	1.0001172213856648	0.0002532238257941396
55922.58058683609	1.000354995665267	0.0002531963675674613
55922.60101992561	0.9997985097822911	0.0002531465432162758
55922.62145291525	0.9999736510847056	0.00025320774529881396
55922.64188610506	1.0003969230433407	0.0002532147123590753
55922.70318537553	1.0003270508378521	0.00025323404264236026
55922.723618465985	1.0000262452644384	0.00025321750016874016
55922.76448464747	1.0003742300664824	0.0002532252679968777
55922.7849177385	1.0000845209791218	0.0002531687763998527
55922.80535082965	1.0001818876566044	0.00025322029497697906
55922.82578392097	1.0000034991399733	0.00025318772744106863
55922.84621701241	1.0001898416082324	0.0002532225003593291
55922.866650104086	1.00040948164208	0.000253223790411336
55922.887083195936	1.000268023649572	0.00025319979005422453
55922.907516387895	1.0001041360795713	0.0002531879758390997
55922.927949480094	0.9998110185113134	0.0002531982407018246
55922.9483824724	0.9998628908682042	0.000253201124073316
55922.96881566489	0.9999118820321946	0.0002531744568004943
55922.989248757556	0.9999549213904224	0.0002531881566809005
55923.009681750395	1.0001009312509999	0.00025317875582765053
55923.0301149434	1.0006059815092134	0.00025322368063602086
55923.05054803653	0.9994956738820271	0.0002531441374693319
55923.07098102989	0.9999711234593444	0.0002531886195075
55923.09141422337	0.9995653700979231	0.00025317541039427256
55923.11184731708	1.000246691078608	0.0002532016962381445
55923.1322805109	1.0000557472983331	0.0002532074933518101
55923.152713504904	1.000176276176526	0.00025323095421412906
55923.17314659908	0.9999446230182416	0.0002532124757499597
55923.19357979343	0.9997982851367266	0.00025319895244150424
55923.214012787954	1.0002575802199407	0.00025321002401553785
55923.2344458826	1.0003655042064923	0.0002532309410173199
55923.25487897747	1.0000003527947572	0.0002532266380388128
55923.27531207246	0.9998601575740861	0.0002531816044359354
55923.295745267686	1.0000846911292784	0.00025321183897838626
55923.31617826302	0.9997103561408409	0.0002531871729436153
55923.336611358536	1.0002183974499608	0.00025321927336361793
55923.35704455423	1.0002507327449828	0.00025321001232794023
55923.377477550086	1.0000276449717835	0.0002532040672187294
55923.39791064613	1.0001492699861085	0.0002532319523726641
55923.41834384234	0.9996051754576312	0.0002531818390548912
55923.43877693867	1.000073540419035	0.00025320174630999833
55923.45920993523	0.9995574145119014	0.0002531593088172049
55923.47964313197	0.9994887994322448	0.0002531630246057636
55923.50007622882	1.0003344323879733	0.0002531984448609511
55923.52050932585	0.9994053588519463	0.00025317239351044945
55923.56137552048	1.00000111470514	0.0002532054312544865
55923.58180871804	0.9997467461624808	0.00025320578429733357
55923.602241715766	1.0000774539952428	0.0002532147259987977
55923.64310801168	0.9998327613499395	0.0002531744940379952
55923.66354100993	1.0002033671561728	0.00025322876090504105
55923.683974208296	1.000620323622162	0.00025323279076846556
55923.7044073069	0.9996897051530864	0.0002531901041383651
55923.72484030567	0.9997671024185598	0.00025318122247080415
55923.74527350456	1.0000996581661308	0.0002532192820486509
55923.765706603626	0.9996122528327288	0.000253168773940133
55923.786139602926	0.9993886079454978	0.0002531640112257687
55923.806572802336	0.9998649418986416	0.0002531858333242057
55923.84743890169	0.9999130274382808	0.0002531780622718003
55923.867872101626	0.9999332762449713	0.0002531856377983427
55923.88830520174	1.0004048058831307	0.0002532231441377077
55923.90873830202	0.9999499315291221	0.0002532022579291086
55923.92917140249	0.999688554936143	0.0002531801554833829
55923.94960450307	0.99996391082461	0.00025319767671281044
55923.97003760388	1.0003504890544093	0.000253214739056568
55923.99047070486	1.000003875696779	0.00025318902012240766
55924.01090380597	1.0004021959885623	0.0002532062194603923
55924.0313369073	0.9996716260208023	0.0002531651959783735
55924.05177000875	0.9997740442367365	0.00025319562867780903
55924.07220321038	0.9999869462494965	0.0002532005200710825
55924.092636312234	1.0000943067961765	0.0002531975012248552
55924.11306931421	0.9998586700195448	0.00025318997872098877
55924.133502516364	1.0003130549785693	0.0002531886715252344
55924.153935618684	0.9998294273265993	0.00025320683351633713
55924.174368621185	1.0005909423011752	0.00025325324669976315
55924.19480182386	1.0001367042232407	0.00025320744241952786
55924.215234926705	0.999901678003217	0.00025318369507012595
55924.23566792973	0.9998320672878946	0.00025318181156336415
55924.25610113293	0.9997240246472118	0.0002531810637538518
55924.2765342363	1.0002579850013846	0.00025321397370861023
55924.31740044357	1.000367482090951	0.00025323805479413443
55924.337833547404	0.9998296951221167	0.00025319827845350916
55924.35826675148	1.0003296430858903	0.00025322610072123577
55924.378699755725	0.9996683456564204	0.0002531802237953052
55924.39913286008	1.000088008904218	0.00025322803715147095
55924.41956606468	0.9999895555604253	0.00025320285676628114
55924.43999906939	0.9997849393193339	0.00025318586246693815
55924.46043217433	0.9999246045166656	0.0002531845264785453
55924.480865379395	0.999976185369992	0.00025320734309048563
55924.50129838469	1.0003949416785534	0.0002532467530574
55924.521731590095	1.0000111755606553	0.00025321118383408455
55924.54216469568	1.0000879342708864	0.00025319930576788764
55924.5625978015	1.0000357723234223	0.00025321944588255245
55924.58303090743	0.9997351460651701	0.00025319918749974307
55924.60346401354	1.0001354432166936	0.0002532344767313834
55924.623897119825	0.9999747391817383	0.00025319643715163105
55924.644330226336	0.9999163215074094	0.0002532092198090117
55924.66476333297	1.0003207125346814	0.00025323002648850845
55924.68519643978	1.0000620547292178	0.00025320549879295366
55924.705629546756	0.9999096389764934	0.00025318049215439567
55924.726062653914	0.9993283508367374	0.0002531602766061256
55924.74649586124	0.9996820848261531	0.00025319729680160145
55924.76692886875	1.000193644190585	0.00025323598216517274
55924.78736197649	0.9994804948654863	0.00025317614781148373
55924.80779518434	0.9997073207497287	0.00025322152553502894
55924.82822819237	0.9996431170626099	0.00025318806447110516
55924.84866130057	0.9997915126970113	0.00025320821163340497
55924.86909450895	0.9996633038296497	0.00025320620886646076
55924.8895275175	0.9994515509617397	0.0002531879050797386
55924.90996072623	0.9996539705144329	0.0002531897689381936
55924.93039383513	0.9998622673249405	0.00025320603025956776
55924.95082684421	0.9995873339927231	0.0002532128105612338
55924.97126005346	0.9994694722970999	0.00025318746022370576
55924.99169316288	0.9993834137236124	0.0002531691908944113
55925.012126172485	0.9999205666657093	0.0002532073694848258
55925.032559382205	1.0000560517498593	0.00025321612353845806
55925.05299249221	1.0003011636865435	0.00025323563074585906
55925.07342570228	0.9997727774475929	0.000253203022819202
55925.09385871258	0.9996618134326453	0.0002532092893176846
55925.11429182305	0.9991916768788028	0.00025315625028789717
55925.1347250337	0.9997656061856565	0.00025317417130130945
55925.15515804452	0.9998620691770066	0.00025319172640603195
55925.175591155516	0.9997583453478687	0.00025319697149890527
55925.19602436669	0.999520989593646	0.00025318092790541476
55925.21645737804	0.9997078765174072	0.00025317265687151575
55925.236890489556	0.9994450963777416	0.00025311487384592973
55925.257323601254	1.0000464146636898	0.0002531995716318409
55925.27775671313	0.9999623727902701	0.0002532010923232605
55925.29818992517	1.0001443096894311	0.0002531893334806898
55925.31862303739	0.9997167671091678	0.00025316366115464415
55925.33905604979	0.9998591374544744	0.00025320038158059836
55925.3799223751	1.0005941820756084	0.0002532476438795075
55925.400355388076	1.0000842472926186	0.000253193909423054
55925.48208794149	0.9999190876433065	0.00025316986857459764
55925.522954269254	0.9996862962464174	0.00025317181365997247
55925.563820397765	1.0001018192179767	0.0002531818354418758
55925.58425361225	1.0001714024008963	0.0002531731396968115
55925.60468662692	0.9996909951328886	0.000253160315945427
55925.62511974182	1.0003920617791324	0.000253212787649561
55925.645552956834	1.0000281059650442	0.0002531766719401497
55925.665985972075	0.9996820933822055	0.00025312287436400323
55925.68641918744	0.9994665915176174	0.0002531146600660406
55925.70685230303	1.000433130324336	0.0002531968594145159
55925.727285318746	1.000234543250176	0.0002531742754538773
55925.747718534694	1.000053076317331	0.00025314629547181725
55925.76815165076	0.9996636972304339	0.00025313945905800904
55925.78858476705	1.0002315372462725	0.0002531878179351042
55925.80901788346	0.9999900662332899	0.0002531403390475531
55925.8294510001	0.9999248241578131	0.0002531416871378496
55925.84988411692	1.0000456166885734	0.0002531322681483169
55925.870317233916	1.0001285626166023	0.00025314993374200503
55925.890750351085	0.9992873341810578	0.0002530486504292313
55925.911183468364	0.9999461265247589	0.00025313656812841464
55925.93161658588	1.0001384245806755	0.00025314275451770557
55925.95204970357	1.000072759511486	0.0002531361037344184
55925.97248292144	1.0002387185310178	0.00025316833194066117
55925.99291593948	0.9999403099232428	0.0002531335995281387
55926.0133490577	0.9997875958495277	0.00025315328678520923
55926.03378227614	1.0000203752271406	0.00025313273261609424
55926.09508163242	1.0003530526494038	0.0002531409092805348
55926.11551465151	0.9998820115308581	0.00025313176340690564
55926.156380990265	1.0001745558394795	0.00025313114603254893
55926.17681400994	1.0004727925834167	0.000253183941587155
55926.21768034974	1.0000759074252787	0.00025313896755184157
55926.23811346988	0.9999586658872398	0.0002531281327483982
55926.258546590245	0.9998316151802477	0.0002531046862739225
55926.27897971079	0.9998267220578114	0.00025308632799084376
55926.29941293151	0.9999494058768221	0.0002531302879213029
55926.3198459524	0.9997647530148267	0.0002530795991747687
55926.34027907347	0.9997359634607355	0.00025306979224860377
55926.360712294714	0.9998335618406448	0.00025310590467253377
55926.381145416184	1.0000091977281536	0.0002531156499343566
55926.40157843778	0.9997723034947319	0.0002531301430695128
55926.422011659546	0.9996998178371407	0.00025305638839733733
55926.44244478154	0.9997672576977205	0.000253118126162292
55926.46287790366	1.0002685675840444	0.00025313968740951754
55926.48331102601	0.9998846971034244	0.00025310596532894167
55926.503744048525	1.0001057481633207	0.0002531464249901322
55926.52417727117	1.0004389721098932	0.0002531536156068598
55926.54461039404	0.9994828174238445	0.0002530938009913637
55926.56504341708	1.0002000642728741	0.0002531467481213478
55926.585476640306	1.0005900882405117	0.000253144624061781