56027.81388274552	1.000217801251411	0.0002589694136562015
56027.83431690513	1.000119037177882	0.00025896316712417433
56027.85475106482	1.0006133737358798	0.0002590906765696532
56027.875185224664	0.9999802173397235	0.0002589797222829373
56027.895619384595	0.999836854936063	0.00025899496590440954
56027.916053544664	1.0001409078422472	0.0002590138602809428
56027.93648770483	0.9999558577762708	0.0002589754081558832
56027.95692186514	1.0001147189686008	0.00025895436127894045
56027.9977902861	1.0001179828709637	0.00025895110370285636
56028.01822434676	0.9997449684505813	0.00025897440858913695
56028.038658607526	0.9996103878981082	0.0002589336377991088
56028.05909276842	1.0003447854048138	0.00025900401767063797
56028.079526829424	1.0002563325645484	0.00025897966541679946
56028.09996109054	1.000119581303307	0.00025891360579882223
56028.12039525178	1.000309424348893	0.00025885531145598974
56028.14082951316	1.000138139022146	0.0002588938212316616
56028.161263574635	0.9996865847132347	0.0002589003079983104
56028.202131997954	1.000324832544479	0.00025898227574487533
56028.222566059776	0.9998162972240748	0.00025893866338451015
56028.243000221744	1.000189861549483	0.0002589755154833085
56028.26343448381	0.9999875944934516	0.0002589762054468583
56028.283868545994	1.0000849353478458	0.00025890494612199207
56028.30430270828	1.00026155654147	0.00025900925806121355
56028.32473697071	0.9998645668108537	0.00025892611410938403
56028.34517103326	0.9996581559280471	0.00025894608396559286
56028.36560529591	1.0001890965283249	0.0002589199459201186
56028.38603945867	1.0000684287883905	0.0002588812670947931
56028.40647352157	0.9999536812272235	0.0002589376506353121
56028.42690778459	1.0003173287629674	0.0002588978075360791
56028.4473419477	1.0000023331905832	0.00025887913874745016
56028.467776110934	0.9998882764178015	0.00025895288794227327
56028.4882102743	1.0000973594046654	0.00025890418936314307
56028.508644437774	1.000273289673275	0.0002589610020657046
56028.52907860136	0.9999164095825346	0.00025892252063981086
56028.54951276506	1.000072606126869	0.00025886251961944193
56028.56994692888	0.9997061553845152	0.00025885792594131384
56028.59038119283	0.9997440977101729	0.00025887048578898366
56028.61081525689	0.99987755113912	0.0002589116644327273
56028.631249421065	1.000231775247342	0.0002589811757166444
56028.65168368533	0.9999856509829267	0.0002589502720843074
56028.672117749746	1.0002850646353096	0.000258877439312982
56028.69255201427	1.0000005091251445	0.00025892335401760244
56028.7129861789	0.9999907945718287	0.0002589308521646597
56028.73342024365	0.9996386020729733	0.0002589053309369977
56028.774288673514	1.0004366897442976	0.00025893567016974155
56028.794722738596	1.0002946609288788	0.0002589550726527651
56028.81515700382	1.000215286551664	0.0002589229850740514
56028.83559116915	1.0000015753410731	0.0002589058062889432
56028.85602523459	0.9999074008323872	0.0002588767971877651
56028.87645950015	1.0002161381689838	0.00025891288941154206
56028.89689366583	0.9998476659907339	0.0002588561052179408
56028.91732793162	0.9998291701131168	0.0002588299328614846
56028.93776199753	1.0000459978956753	0.00025889156041006853
56028.95819616354	1.0001674628130695	0.0002589271444725856
56028.97863042969	1.0000946500948065	0.0002589454714633415
56028.999064495925	1.0002263764629717	0.00025892285117353977
56029.0194986623	1.000378132417129	0.00025895904202607886
56029.039932928776	1.0000374851776617	0.0002588452277572878
56029.06036699537	0.9999858368853602	0.00025890490655248755
56029.080801262084	1.000289097633398	0.00025891311513318277
56029.10123532891	0.9995800241744771	0.00025885378050623595
56029.12166949585	0.9997739607362145	0.00025885109614939286
56029.14210376291	0.9998050950271309	0.0002589006811705428
56029.16253793007	1.0001023368698925	0.000258943369283312
56029.18297199735	1.0000210389611943	0.00025890096119602615
56029.24427459989	1.0000156258128041	0.00025887916863984346
56029.26470876762	0.9999110917346793	0.0002589272341284779
56029.30557720344	0.9995829809662878	0.00025891115011086944
56029.32601127152	0.9999725755648732	0.00025888682791870804
56029.34644543971	0.9998720376620481	0.00025895833685148756
56029.36687970804	0.9999652340202071	0.00025887557866340587
56029.38731377645	0.9997824565881981	0.00025888942612861633
56029.40774794498	1.000087097949318	0.000258897087122548
56029.42818221364	0.9998282970912122	0.00025888803380126396
56029.44861628239	1.0001017593482393	0.00025896896544515323
56029.46905055126	0.9998887404192977	0.00025890964585956286
56029.48948472026	0.9997061112287654	0.0002588637352373469
56029.50991878936	0.9996180550723821	0.0002588396104551505
56029.530353058566	0.9997734120302033	0.00025884062126608614
56029.5507872279	0.9999365143475164	0.000258883995023286
56029.571221297345	1.0003464336236492	0.0002589438018560139
56029.59165556689	0.9996042606971737	0.0002588565298326665
56029.612089736554	1.0000035731351964	0.0002588817536708169
56029.63252400633	1.0001019494110608	0.0002589390148540182
56029.65295807623	0.9997800513267326	0.0002588202186152051
56029.67339224623	1.0002487267889084	0.00025890425815550415
56029.69382641635	0.999816271897239	0.00025879390297783953
56029.714260586574	0.9998278208002956	0.0002588886281831162
56029.734694756924	1.0002679811191224	0.00025893859286505263
56029.75512892736	0.9997714420061748	0.000258852825676559
56029.77556309794	0.9998144165126086	0.00025883580504419175
56029.79599736861	0.9996324293516775	0.0002588680835845032
56029.81643153941	1.0001324805064271	0.0002589011070539212
56029.836865610305	1.0001348039986904	0.0002588494196543632
56029.857299881325	0.9997445794950983	0.0002588657979397525
56029.87773405244	0.9997862220068411	0.0002588180128643139
56029.89816812368	0.9997822802210826	0.0002588484315118978
56029.91860239503	1.0002373386350991	0.000258931755545833
56029.93903656649	0.9999958553505427	0.00025883121310824796
56029.95947063805	0.9998641394775423	0.000258895297006789
56030.16381245991	1.0004711889462838	0.00025882709853436984
56030.1842467327	1.000162859378925	0.0002589131505414587
56030.20468090561	0.9998381512167258	0.0002589023707097821
56030.24554925176	1.0000027378580574	0.00025889288790471426
56030.26598342499	1.0001446753225864	0.0002588761979402202
56030.28641759834	0.9998939183249785	0.00025883263604389666
56030.3068517718	1.0001643201061192	0.00025893712388062043
56030.327285945365	0.9997553015119244	0.000258903650685221
56030.34772011905	0.9999177616668611	0.00025881048404157976
56030.368154292824	0.9998985760742417	0.0002588864719067173
56030.388588466725	1.000235627140374	0.00025882634390024826
56030.40902264074	0.9998682956212047	0.00025883438482912267
56030.44989098909	1.0002441770622401	0.00025888453139381374
56030.47032526343	1.0004273570170932	0.00025887278962743207
56030.490759337874	1.0003105899952283	0.00025897563449815616
56030.511193512444	1.0000088229077755	0.0002588565581215094
56030.5316277871	0.9998703493530996	0.0002588790142573719
56030.55206186187	0.9998615732310635	0.0002587935734260526
56030.572496136774	0.9998901917899761	0.0002588492555729857
56030.59293031177	1.0000127410042274	0.00025883007931050243
56030.63379866209	1.0001176833928578	0.00025878561441862295
56030.65423283742	0.9997634755227014	0.0002588622286537828
56030.674666912826	1.00025597504611	0.0002588993762308457
56030.69510118839	0.9996413862532991	0.00025886125601056777
56030.715535364034	0.9998602339790549	0.000258840649118828
56030.73596963979	1.0000053284047896	0.00025886609976986247
56030.756403715655	1.000207698691872	0.00025890785998719675
56030.77683789164	0.9996207370376635	0.00025886804767515396
56030.797272167714	1.0002682904301383	0.0002588773712804415
56030.81770624391	0.9998331766717402	0.00025883755899505943
56030.83814042023	1.0000510375053213	0.0002588439028820346
56030.85857469663	0.9997495182910903	0.00025881272886720403
56030.87900877315	1.0003189767569554	0.00025886525849889844
56030.899443049784	1.0001350186078244	0.00025885791242567617
56030.919877226515	0.9997125346357137	0.0002588240399095572
56030.940311403356	0.999941939295218	0.000258814838925539
56030.960745580305	0.9998925128745648	0.00025885733909603145
56030.981179757364	0.9995043650934393	0.00025881432024193356
56031.001613934524	0.9993045713919118	0.00025882167054076013
56031.022048111816	0.999437036397092	0.0002587470291799967
56031.0629164667	0.999940294537421	0.0002588229521970843
56031.08335064429	0.9995308846045144	0.00025878814243192154
56031.103784822	0.9993044019386618	0.00025873124132481755
56031.1242189998	0.9993184674732616	0.000258707778204547
56031.14465317772	0.9995042121018913	0.0002588062269824917
56031.165087355745	1.0000034189463638	0.0002589002554829416
56031.185521633895	0.9995588349776958	0.0002587803758332826
56031.205955712125	1.0004725872037523	0.0002588927364670176
56031.22638989048	0.9996494216359905	0.0002588382774063997
56031.24682416895	0.9999449320522511	0.00025886151788234713
56031.267258247506	0.9994023731112514	0.0002587290485577916
56031.28769252617	1.000039267879211	0.00025888579896351935
56031.308126704964	0.9996008511021395	0.0002588327854133953
56031.32856078383	1.0001058785373413	0.0002588658332813676
56031.34899506283	0.9995949917919867	0.00025877509483295864
56031.36942924194	0.999041333570882	0.00025878767445615245
56031.389863321136	0.9993869660660591	0.00025881579395921366
56031.41029760044	0.9994735017909329	0.00025879115679840805
56031.430731779874	0.99987201900108	0.0002588833301832949
56031.451166059385	0.9994523000956689	0.00025878052006388954
56031.47160013902	0.9996329630027326	0.00025883963543117433
56031.492034318755	1.0000588597494153	0.00025884119900448037
56031.5124685986	0.9997376588843102	0.0002588294426962411
56031.53290267854	0.9999896570252588	0.00025886722155239224
56031.5533368586	0.9999317459115382	0.00025888161167692046
56031.57377113876	0.9998659415696761	0.00025887637224819435
56031.59420521902	1.000176596346719	0.000258868907912478
56031.6146393994	0.9997695073202095	0.00025885288926514574
56031.63507367987	0.9997731637233224	0.00025878647219231135
56031.65550786045	1.0000207710061448	0.0002588692031083853
56031.67594204116	0.9998211761392886	0.00025883473400137535
56031.69637622195	0.9998578855490952	0.0002588237966635934
56031.71681030284	0.9996414683243123	0.0002587661855643836
56031.73724458384	1.0001569525725313	0.00025879181371841423
56031.75767876495	1.0002649478063461	0.00025890611755180926
56031.77811284617	1.0001293870827515	0.0002588984509828513
56031.798547127495	0.9998275256551581	0.00025884926102733084
56031.81898130891	0.9997319246221859	0.00025880298665965256
56031.83941559047	0.9997947804285878	0.0002588109043381314
56031.85984967208	0.9997977462759201	0.0002587851770875912
56031.88028385383	0.9997690405180412	0.0002588245049220015
56031.90071813568	0.9998612986143434	0.00025877014003856773
56031.92115221763	1.0000828577265466	0.000258902020967997
56031.941586399684	1.000036046859556	0.0002588797716857073
56031.962020681836	0.9996006423935727	0.00025881609775167674
56031.982454764104	1.0003876526834674	0.00025886891804519335
56032.00288904647	0.9999898891682159	0.0002587516047259115
56032.02332322894	1.0002465729519898	0.00025879988147819777
56032.04375731152	1.0001504294953645	0.00025884296841954265
56032.064191594196	1.0001537900314628	0.00025885071343882075
56032.08462577699	1.0004744580974199	0.00025889614859256436
56032.10505995986	0.9996843526134571	0.0002587842965157979
56032.125494142856	0.9999313177360349	0.00025882732917172226
56032.145928325954	1.0002133582590693	0.0002589007359008939
56032.16636260916	0.9998624121053428	0.0002588243688337347
56032.18679669246	0.9997479665326617	0.0002588608599641853
56032.207230875865	0.9995472383304822	0.00025886319320460685
56032.22766515938	1.0003357269226565	0.0002588534744995457
56032.248099343	0.9999992354968843	0.00025884920704914775
56032.26853342671	1.0001636176100692	0.00025892683163937654
56032.28896771053	0.9997307305778522	0.00025883053432382703
56032.30940189447	1.0003310149606952	0.00025882954750175343
56032.3298359785	0.9996096808194881	0.00025877067389985575
56032.35027026261	1.0000003018307033	0.0002589054403070575
56032.37070434685	1.00024544114847	0.0002588468380473069
56032.391138631196	0.9998685962809696	0.00025884750387195304
56032.41157281563	0.9997208516329927	0.0002588338040794042
56032.43200690017	0.999678333224936	0.00025890797036869794
56032.452441184825	0.9999699929727313	0.0002588569900296864
56032.47287536957	1.0000990035078972	0.00025889465027275916
56032.49330945442	0.9999048371376599	0.0002588530135273132
56032.51374373938	0.9996890139096006	0.00025885931313062945
56032.53417792443	0.9996052536884033	0.00025880986215620253
56032.55461220959	0.9996572069955316	0.0002588114603911303
56032.575046294856	1.00001255461881	0.00025881805106854985
56032.59548048021	0.9996285080904623	0.00025876993704649823
56032.61591476569	1.0001121198202452	0.0002587576334282824
56032.63634885125	1.0004510888331954	0.0002588636042039882
56032.65678303691	0.9999962998500255	0.0002588667416108423
56032.67721732269	1.0003398073519207	0.00025890090907542047
56032.69765140857	0.9996734321200864	0.0002588249075176027
56032.73851988062	0.9998305682966927	0.0002588492774603777
56032.7589539668	0.9994657620812692	0.0002588457254173427
56032.779388253075	0.9996771081335863	0.00025880287032163353
56032.79982243946	1.000375067989652	0.0002588708550718941
56032.861124999225	0.999947523938435	0.0002587884994387834
56032.881559186	1.0001957702871527	0.0002588591776925295
56032.942861846976	0.9995166816939189	0.0002588186904338769
56032.98373012146	0.999934637279427	0.0002588038610048892
56033.004164408856	0.9999755894510249	0.00025882929661862476
56033.02459849635	1.0002161890451082	0.00025883775208153967
56033.04503268395	1.000151372945961	0.00025886068654252425
56033.10633534734	0.9995302016280024	0.0002587687508944016
56033.16763791163	1.0000924104225077	0.0002588491917298048
56033.18807209993	1.0004883072477844	0.0002589045768505399
56033.20850618832	1.0001569498448932	0.0002588348705006285
56033.22894047683	1.000041913874668	0.0002587753759260883
56033.24937466542	0.9998561357290388	0.00025882492998316887
56033.26980875412	1.0001166650848283	0.0002588578591099295
56033.31067723181	1.0003990056339145	0.0002588716867975901
56033.33111152082	1.000142140101725	0.00025884256603681726
56033.35154560992	0.9998975090288773	0.00025886123818277265
56033.37197979911	1.000359312915402	0.0002588366313227065
56033.39241408841	0.9998377812086944	0.0002587555935612112
56033.4128481778	0.9997461289724531	0.00025882140247036715
56033.433282367296	0.9998757308672314	0.0002587552975492403
56033.4537166569	1.0001011848086774	0.0002588057839174152
56033.474150846596	1.0000076579893193	0.00025881165934529474
56033.515019226266	1.0000081153344385	0.00025884740034299653
56033.53545341626	1.000218966859151	0.00025883588131588286
56033.55588760635	1.0001579498912327	0.0002588120786382367
56033.57632179654	1.0001244108526701	0.00025886871171522244
56033.59675598683	0.9999159407795957	0.00025882700648495054
56033.61719027721	1.0005823725775194	0.0002588654212608791
56033.658058658286	1.0003037592272788	0.0002588243425760415
56033.67849274896	1.0001332748864487	0.00025885788334724277
56033.698926939745	1.000135698903697	0.0002587998443827397
56033.719361230615	0.9998535766273715	0.0002588208597856456
56033.73979532159	1.000130236605356	0.00025884917630106924
56033.76022951267	1.0001611251391114	0.0002588398328629084
56033.80109789511	0.9995383241815508	0.000258758109773135
56033.82153208648	1.0003292191104691	0.00025884384854692405
56033.84196637794	1.000150003373611	0.00025885650218912586
56033.8624004695	0.9998150965016829	0.0002588221426077271
56033.92370304478	1.0005936222284986	0.000258855037168325
56033.94413733674	0.9998864579569116	0.00025877973717972595
56033.98500572094	1.0005104692896536	0.0002588396063225345
56034.00543991319	0.9998483453596697	0.0002587417617778098
56034.02587410553	1.0000172148906945	0.00025885274347122546
56034.04630839797	0.9996848739611087	0.00025880346112430855
56034.06674249051	0.9995110359979961	0.00025879625875949353
56034.08717668314	0.9998455614243454	0.00025877830701941145
56034.10761097588	0.9998140454841178	0.0002587775769867636
56034.128045168705	1.0003711553557897	0.0002588773454870486
56034.168913554655	0.9991769973547409	0.0002586897569834841
56034.18934774778	1.0000969414731027	0.0002588034468481897
56034.20978184098	1.0003422255013725	0.00025885265032958365
56034.230216134296	1.000470100121886	0.00025884128439663753
56034.2506503277	0.9996540137932799	0.000258793383459162
56034.271084521206	0.9998431584021142	0.0002587866843196908
56034.29151871481	1.0000824732073113	0.0002587893680596699
56034.3119529085	1.0005466907458076	0.00025887006974389276
56034.332387102295	1.000160529972553	0.0002588722798890907
56034.35282129619	0.999951667098661	0.00025877239830641345
56034.37325549017	1.000185505937774	0.0002588492767583708
56034.39368968425	1.0001898542195455	0.00025877663118515986
56034.4345581727	1.0002087131092008	0.0002587909030427524
56034.45499226706	1.0002051683695599	0.0002588249369969454
56034.47542646153	0.9999916686246789	0.0002588087070388965
56034.4958607561	1.0000146643081866	0.00025882222893308947
56034.51629485074	0.9998885801509901	0.000258764821970201
56034.536729045496	1.000240074376832	0.0002587982294040508
56034.557163340345	0.999660387117579	0.00025880231418513676
56034.57759743528	1.000145372284208	0.00025884186337525215
56034.59803173032	0.9999928465655772	0.0002587314744537917
56034.61846592545	1.0000216634006562	0.00025874666870078454
56034.63890002067	0.9999916771351061	0.0002587794496107456
56034.659334316	1.0003911705053858	0.00025885371826111847
56034.679768511414	0.9994142671720969	0.0002587107065499568