54965.28881106304	0.99996591898619	0.000257357484001699
54965.309245289696	0.9998066130788241	0.0002573264594350342
54965.32967961636	0.9997383642408769	0.0002573342423381952
54965.35011374303	1.0003528123742282	0.00025736741599038314
54965.39098219589	1.0000136835867803	0.0002571829554453823
54965.41141642232	0.9999277397356787	0.0002572371559537606
54965.43185064863	1.0001856344915727	0.0002572424494217888
54965.45228487483	0.9997065008917491	0.0002572138181384247
54965.47271920103	1.0002106952108298	0.00025730394543985044
54965.493153327116	0.9997490729137717	0.0002570987968165753
54965.51358755319	1.000017755025618	0.0002571587014719416
54965.53402167916	0.9992954994118362	0.00025720503362793007
54965.574890230855	1.0003504870099893	0.00025711319630925385
54965.595324356706	0.9997652332576709	0.0002572044242400973
54965.615758682325	0.9999539883092443	0.0002573455464182485
54965.63619290805	1.000337247709089	0.0002572586021491628
54965.656627133554	1.0004202204537918	0.00025725644318111386
54965.677061259055	0.9999015912881345	0.0002571173618344708
54965.69749558455	0.9995713197426288	0.00025723532905119983
54965.717929809936	0.9998767453282082	0.00025728722519873475
54965.738363935205	1.000254063252661	0.0002572513999401188
54965.75879826047	0.9998828739074554	0.00025723369864274814
54965.799666610656	0.9995160428771841	0.00025705978265650733
54965.820100835685	1.0000135906219272	0.0002571399487304429
54965.84053516072	0.9999900535505236	0.0002572043470454924
54965.86096928564	0.9997158252310477	0.0002571642940437952
54965.88140351044	0.999919277620338	0.00025718356345478583
54965.92227195993	0.9999727283235877	0.000257186108444865
54965.94270618449	1.0003224539527895	0.0002572256435798963
54965.96314040906	1.0001439682945854	0.00025722864788392573
54965.98357473352	1.000167598531796	0.00025725064944700295
54966.00400885796	0.9999833575013327	0.0002572460843581496
54966.0244430823	1.0001127287042897	0.00025730053017932955
54966.04487730664	1.0002143484352817	0.0002572481283118374
54966.06531153085	1.000052982000718	0.00025737660278746103
54966.08574575496	1.0000331560363442	0.00025734781221913624
54966.10617997906	1.000428686326063	0.00025746308913479057
54966.12661420304	1.000122803120306	0.0002574408538090843
54966.14704842703	1.000482339658314	0.00025737857512536823
54966.167482650904	1.0000111120639392	0.0002572507148941885
54966.18791687465	0.9997961898981084	0.00025725806533202024
54966.20835119841	0.9997783138828995	0.00025737921038488005
54966.22878532205	1.0000236225159096	0.00025738025444121374
54966.24921954568	1.0003569689839737	0.0002574475873889991
54966.2696537692	1.0000888323017658	0.0002572781800849623
54966.29008799261	0.999949263503561	0.0002573044254263253
54966.3309563393	1.0001324564253111	0.00025734406395043887
54966.35139066259	1.0000313688057743	0.000257438934933543
54966.371824885755	0.9998905290291639	0.0002575059313798673
54966.39225910893	0.9999945371531623	0.00025751242289039376
54966.412693331986	1.0002468690206385	0.0002574436743228939
54966.43312755492	1.000203089007523	0.0002574924678448843
54966.45356177786	1.0001328721748528	0.00025744146788092835
54966.473995900684	0.999720010155283	0.0002574552748905227
54966.494430223385	1.0004228755305051	0.0002574668868738074
54966.51486444609	1.0000521040882129	0.00025745578410878086
54966.535298568684	1.0003133597842249	0.0002575222044060676
54966.55573289127	1.0001697806178071	0.00025744948345017733
54966.576167113744	1.0001083378120168	0.0002574175626248391
54966.617035458454	1.0000397359746303	0.00025742804895008083
54966.63746978081	1.0004714597033721	0.0002575185100139757
54966.65790400293	0.9999493271014368	0.00025742764273199107
54966.67833812506	1.0005540086696003	0.00025744925172717197
54966.698772447184	0.9999269557700957	0.0002574533158634624
54966.73964079108	1.0000799294751417	0.0002575032491850094
54966.760075012855	0.9999902838568501	0.0002574097946607882
54966.780509334625	0.9999996035106903	0.0002575398316248422
54966.8009434564	0.9999640479189894	0.00025743556746826
54966.841811899605	0.9995944217334967	0.000257430112593124
54966.862246121025	1.000104815836051	0.00025739798713413954
54966.88268034245	0.9995778811550519	0.00025743030959432116
54966.92354878507	0.9998399473473925	0.0002573740804914563
54966.94398300638	0.9995912769673827	0.00025745914428609693
54966.96441722746	1.0003296509772899	0.0002575048207613817
54966.98485134853	1.0000580527851675	0.00025751071951897865
54967.00528566949	1.0000616517230754	0.0002574384529577993
54967.02571989045	1.0003261573406963	0.0002574873527133624
54967.04615401129	0.999859299257222	0.00025747527118727664
54967.06658833202	0.9995707187760723	0.0002573979742537193
54967.08702255275	1.0003678188554628	0.00025754198862011586
54967.10745667335	0.9998430558842094	0.00025743208809476703
54967.127890893964	0.9996080761125065	0.00025745100783570513
54967.14832521446	1.0000721233436283	0.00025745670858482643
54967.16875943483	1.0000833690842952	0.0002574686232283582
54967.18919355521	1.0003210388321995	0.00025744928087035305
54967.209627875476	1.0000446403673324	0.00025744543473655033
54967.23006209573	1.0001467546018779	0.00025751168665258736
54967.25049621576	0.9995958795502474	0.00025737172057360637
54967.27093043579	0.9999625127596726	0.00025752014786317127
54967.291364755816	1.0000479896416405	0.00025742623674012875
54967.31179887573	0.9996117358530703	0.00025749565319170363
54967.33223309564	1.0000623133325839	0.0002574890732414241
54967.35266741532	0.9999122366694756	0.00025746769848280983
54967.373101535	0.9998165945516874	0.000257536611744254
54967.41396997424	0.9999710460252443	0.0002575353462600156
54967.434404193686	0.9994625385473748	0.0002575188380061039
54967.45483841302	1.0001445161224485	0.00025754198136553736
54967.47527263234	0.9998833118131102	0.00025748211792321477
54967.495706951675	1.0002653979994318	0.00025745626727673436
54967.51614107077	1.0001302343662615	0.00025743682569833224
54967.53657528998	0.9999400952034467	0.00025751051702331665
54967.55700940896	0.9995107425268523	0.0002573691714847633
54967.57744372795	0.999868971720628	0.00025735487475890654
54967.597877946806	1.0001587148126276	0.000257409580392014
54967.618312065555	1.00039265406881	0.00025741454092325093
54967.638746284305	1.0002754315764826	0.0002572795732674811
54967.679614821565	0.99992537449184	0.00025734537374306874
54967.70004904008	0.9999950203461391	0.0002574629350352967
54967.72048325859	0.9997755493974754	0.0002573931296748638
54967.740917476876	0.9998231929725173	0.0002574243656086207
54967.761351595276	0.999419234132829	0.00025742488479534595
54967.78178581344	0.999936622562401	0.0002574377644049324
54967.802220131605	0.9999846528604427	0.00025748712605946537
54967.84308846771	0.9994722789708197	0.00025744265068083027
54967.863522785636	0.9997898628100607	0.00025746230460347685
54967.883957003454	1.0001635920852192	0.00025753579673418804
54967.904391221266	1.0002362019216364	0.00025754124058217107
54967.92482533897	1.0001967140255432	0.00025755641089224925
54967.94525965655	0.9997421541455799	0.00025754315184611267
54967.96569387413	0.9999536863497199	0.00025752586321100456
54967.9861279916	1.0005470217185861	0.00025759540323227147
54968.006562308954	1.0002183591969163	0.0002575742408782902
54968.0269965263	0.9997806702619033	0.00025754419037639614
54968.067864860655	0.9996218239148326	0.0002575382250179914
54968.08829917777	1.0004787197558782	0.00025757700307502834
54968.10873329477	0.9999833168916052	0.00025753705371775573
54968.129167511775	1.0001116232867788	0.0002575558165988592
54968.149601828656	1.0001404160745326	0.0002575616669867569
54968.17003604543	0.9998564732407329	0.00025754113152655985
54968.1904701622	0.9996491636959467	0.00025752365922305533
54968.210904378844	0.9998916632577236	0.0002575307674450268
54968.23133869538	0.9995649351528848	0.00025753944134666596
54968.25177281192	0.9995215755277463	0.00025755046143629943
54968.272207028334	0.9999160272760119	0.0002575437542264497
54968.29264114464	0.9998868618565799	0.00025757847682710233
54968.313075460945	1.0004650734831562	0.00025759245259005485
54968.333509677126	0.9998916031272637	0.00025753462181181684
54968.3539437932	0.9997657015478992	0.0002575466947121085
54968.37437810927	1.0000516137454396	0.00025758840722050645
54968.39481232522	0.9998728801770892	0.00025755448361875296
54968.415246541175	1.0001431819625544	0.00025759881552998105
54968.4356806569	0.9993343315175174	0.00025752025126851583
54968.456114972614	0.9997881498870325	0.00025756212925275745
54968.47654918834	0.999606339536264	0.0002575301220055464
54968.51741761943	0.9995020906198198	0.00025753707515938594
54968.5378518348	0.9993993538024697	0.0002574998135735276
54968.558285950174	0.9995852123055832	0.0002574868941478594
54968.57872016543	0.9995119391862897	0.0002575349232726674
54968.59915448068	1.0000291767534302	0.00025758134264245683
54968.64002281084	0.9998938498565699	0.0002575184042525498
54968.660457125865	0.9996689594491106	0.00025752111439986667
54968.701325455564	0.9998955981030636	0.00025756264361278066
54968.72175967023	0.9994054741682075	0.0002575427624215828
54968.74219398491	0.9998875920237984	0.00025754974103237466
54968.76262809946	0.9995959157755557	0.0002575586417092568
54968.80349662846	0.999248280959843	0.00025752699662765627
54968.82393074279	0.9996974241131541	0.0002575255846069231
54968.8647991712	0.9996237559964422	0.00025755147942137506
54968.8852333854	0.999711661214277	0.0002575280955426926
54968.926101813355	1.0001950045444745	0.00025758874423611544
54968.96697024107	0.9997343881917848	0.00025752824916720014
54968.98740445481	1.000110802865455	0.0002575405654637867
54969.00783856844	0.9998199055061489	0.0002575278850943633
54969.028272881944	1.000125244237604	0.0002575003794040894
54969.048707095455	1.0003501884394128	0.000257594511634521
54969.06914120885	1.0003463856545851	0.0002575792705420893
54969.08957542224	1.0003865867144823	0.00025761200382370654
54969.110009735516	1.0000294417138782	0.0002575562185429363
54969.13044394867	1.0002586826037183	0.0002575283037004669
54969.150878061715	0.999803578985415	0.00025750496493110716
54969.17131237476	1.0003187955739714	0.00025757051138276295
54969.19174658769	0.999493564951973	0.00025750355974596883
54969.21218070061	1.0001272817336542	0.0002575167903209863
54969.23261491331	0.9996320777653758	0.0002575053361783688
54969.253049226114	1.0001287623622197	0.00025751554261864575
54969.27348333869	1.0000533024062523	0.0002575015326103819
54969.29391755127	0.9995440978939383	0.00025747404359258413
54969.31435186374	1.000107232457842	0.00025749863745842344
54969.334785976076	1.0000600705346645	0.0002575067814004549
54969.35522018842	0.9997166872402445	0.0002574730193637092
54969.375654400654	1.000513215487112	0.0002574851252294651
54969.39608861276	0.9997485747613398	0.0002574406309496534
54969.416522824875	0.999871628306814	0.00025751845107707926
54969.43695703687	1.0003248620887533	0.0002575811190574386
54969.45739134875	0.9998890347438852	0.0002575181165633679
54969.47782546063	1.0001700600804915	0.0002575640276281222
54969.49825967239	0.9995210903144165	0.0002574882194519031
54969.518693884034	0.9996975713677909	0.00025753278973474693
54969.53912809557	0.9999980186256205	0.00025755501671825923
54969.5595623071	1.000076591008629	0.0002575933922138383
54969.57999651851	0.9996541355561236	0.0002575237565775701
54969.60043072992	0.99962167428758	0.00025752245056359066
54969.62086494122	1.000048387319445	0.000257556748904738
54969.6412991524	0.9997093588550201	0.00025753249974532676
54969.661733363464	1.0000365043271775	0.0002575554465573402
54969.68216757453	0.9999873653003382	0.00025751775764017864
54969.70260178547	1.0006165508166096	0.0002575987121578237
54969.72303599631	1.0004588666869576	0.00025759681858204646
54969.74347010714	0.9998382018319789	0.0002575366502241401
54969.76390441785	0.999894496922592	0.00025754772981381567
54969.78433862845	1.000592579903379	0.0002575599417736727
54969.80477273905	0.9998264856433993	0.0002575385110818866
54969.82520704953	0.9994678568076707	0.00025752020318540406
54969.8456412599	0.9999470911965647	0.0002575106285682988
54969.86607547014	0.9997756114975941	0.00025752942394303985
54969.88650958039	1.0000326767439198	0.00025755008844502664
54969.90694389053	1.000055177546237	0.00025757982304118427
54969.92737810066	1.0002170161169088	0.00025753946605881013
54969.94781221056	1.0003242646673456	0.0002575833647193174
54969.96824652046	0.9998803191086627	0.0002575132730252584
54969.988680730356	0.9999265880059375	0.000257574175264345
54970.009114840024	0.999944513935463	0.0002575854372499992
54970.029549049694	1.000729378895717	0.0002576059694602265
54970.04998335925	0.9996136381618578	0.00025752601495093665
54970.07041746879	0.9996508418203943	0.000257490232984186
54970.09085167823	1.0002131970610415	0.0002574756887499863
54970.131720096746	0.9996087381249859	0.0002574669953020692
54970.15215430595	0.9998765715827524	0.00025753433825280214
54970.17258851504	0.9998420702040229	0.0002575251681066197
54970.193022824	0.9999756456224621	0.00025753216690710325
54970.21345693297	1.0007577626004902	0.0002575678439663147
54970.23389114171	0.999806396352495	0.0002573797993267753
54970.25432525056	0.9995407957464961	0.00025741412619118817
54970.27475955918	0.9999895050422042	0.0002574778389852675
54970.2951937678	0.9999524335698061	0.0002575619608023424
54970.33606218469	0.9998079456082949	0.0002575224613468988
54970.35649639308	1.0003970335226842	0.00025757291192859933
54970.3973647095	0.9996814431523338	0.00025744413830396774
54970.417799017654	0.9998500321114352	0.00025751145257106443
54970.43823322557	1.000520124493328	0.0002574787605124967
54970.4995358491	1.0002504230243117	0.0002574830866423077
54970.51996995679	1.0001696677123044	0.00025745906230689746
54970.54040416448	1.0003528157897696	0.0002575414088252487
54970.56083847193	0.9993406796415868	0.0002574902250817499
54970.58127257939	0.999636097276825	0.00025751233328081115
54970.60170678673	1.000642917162559	0.0002574378490798952
54970.64257530117	1.0000492618449293	0.00025755522941682074
54970.66300940828	1.000106942895862	0.00025746057768567056
54970.683443615264	1.000504545162773	0.0002575526495567675
54970.70387792226	1.0002944750608198	0.0002575355846593054
54970.724312029015	0.9999872668251388	0.0002574926277379972
54970.74474623577	1.0001314653263573	0.00025750174012474983
54970.76518054253	1.0001560831534781	0.0002573621218752102
54970.78561464905	1.000607276053834	0.0002574545838489267
54970.80604885557	0.9996617573411167	0.0002574634986566075
54970.82648296198	1.0003996000758524	0.00025754304797023856
54970.84691726839	1.0000420567581163	0.0002575307993749588
54970.86735147468	0.9999280284715345	0.0002573983320144285
54970.88778568074	1.0001340686797648	0.0002574747908106819
54970.908219786914	0.9998820182188437	0.00025749962052158177
54970.92865409285	1.000135587693236	0.00025748541377172896
54970.949088298796	0.9998955943401491	0.0002574707540716304
54970.96952240462	0.9999450305516462	0.00025754141565028266
54970.989956710444	1.0001125441962886	0.0002574361042496751
54971.03082502163	0.9996775141312197	0.00025753208588428085
54971.05125922711	1.0002911353820567	0.00025738932934915636
54971.07169353258	0.9996769802661436	0.0002574245635082468
54971.092127737946	1.0000092797293663	0.0002574870290597104
54971.11256184318	1.000011412514518	0.00025745341573632903
54971.13299614831	1.0000025706231446	0.00025749513227956995
54971.153430353326	0.9999800216561635	0.0002574954648605771
54971.17386445833	0.9999936305661243	0.0002573349567974347
54971.19429866323	1.0000349077995887	0.0002572030312435376
54971.214732968125	0.9996667280885925	0.0002573286876031836
54971.23516717278	1.0001132279662865	0.00025747272513944964
54971.255601277444	1.0001938908558514	0.00025743317952620635
54971.27603558199	0.9997342347328668	0.0002574369765993486
54971.29646978653	1.000462082330339	0.00025745941313525287
54971.316903890845	0.999860885801431	0.00025722406206013054
54971.33733809516	1.0002066995010561	0.0002572060220076
54971.35777239947	1.000189307620452	0.0002573463285361627
54971.37820660355	1.0001696746135795	0.0002573364338289331
54971.41907501159	0.9999003127426187	0.00025726906440217063
54971.43950921544	0.9997028400353458	0.00025727928934359066
54971.459943319285	0.9993949032407462	0.00025720528426356406
54971.480377522894	0.9997540643840791	0.0002572237617361091
54971.50081182651	1.0000209139328784	0.00025720811437489116
54971.521245930126	1.0004929423040034	0.0002573751195353538
54971.5416801335	0.9994910341991714	0.000257278053088196
54971.562114336884	0.9995004131834916	0.000257188247592569
54971.58254854015	1.0000094872263365	0.0002572672965725985
54971.623416946444	1.0002112390757267	0.0002570805943413209
54971.64385114948	0.999691418333879	0.0002572755599593764
54971.66428535239	0.9999671297708336	0.0002572922060535711
54971.68471955519	0.9996264837722164	0.0002572784058010722
54971.70515365799	0.999646718504357	0.0002570957799373995
54971.72558796067	0.9996954034078495	0.00025718405770557256
54971.746022163235	1.0000254863253086	0.0002572041080673039
54971.76645626569	0.9996127335546037	0.000257217357447079
54971.78689056813	1.0003282485784755	0.00025726887692336417
54971.827758872685	0.9997379442767966	0.0002573180353816572
54971.84819307478	1.0005406196419517	0.0002572419068601343
54971.86862737688	1.0004184999186747	0.0002575327228742226
54971.88906157887	1.0002132370378676	0.0002572678978839881
54971.929929982485	0.9997241102488974	0.0002571721300226425
54971.95036418424	1.0000332491254642	0.0002572863482170745
54971.97079828587	0.9998420495058373	0.00025729552199825945
54971.99123248739	1.0002866994896333	0.00025720670655595735
54972.01166678879	0.9999298465890674	0.00025736124227443376
54972.032100890196	1.0002075762371951	0.0002573118888291534
54972.052535091476	0.9997338146003287	0.00025729224740078167
54972.07296939265	1.0001369061000573	0.0002572498973359597
54972.093403493694	1.0003987881150083	0.00025720245364053236
54972.11383769463	1.000243179812718	0.0002574239859289185
54972.13427189557	1.0000278480962048	0.00025734896463404784