55071.56513317994	1.0000704936977287	0.0002463027812623775
55071.58556658377	0.9995135300881206	0.0002463008802164473
55071.60599988738	0.9997052680508347	0.0002462586727012335
55071.62643319099	0.9999370001672494	0.00024632454649549786
55071.64686649413	0.9998906791450699	0.0002463361818807248
55071.66729979727	1.0001427748372054	0.0002463094396419642
55071.68773309994	1.000262680541739	0.0002463180864673155
55071.70816630262	1.000215627120927	0.0002463403088113166
55071.728599705064	0.9998428100737558	0.00024630197851192203
55071.76946620925	1.0003057389373413	0.00024633086022416903
55071.78989961123	1.0000256549882045	0.0002463047478457229
55071.81033281274	0.9997097274032501	0.00024629624946495126
55071.830766114246	1.0002314794192984	0.00024632629001711373
55071.851199415294	0.9998884005022299	0.0002463049534579446
55071.87163271634	0.999933006187554	0.0002463062460755344
55071.89206601715	1.0002269043593113	0.00024634317213111686
55071.91249931773	0.999579595200137	0.0002462759227424496
55071.93293261808	1.0003934677551363	0.00024632862677711266
55071.95336591842	1.0000839363660148	0.0002463126618025815
55071.97379921831	1.0005412795824362	0.000246355687190333
55071.99423241819	0.9997744746180482	0.00024629211968767357
55072.0146658176	0.9997064223430293	0.00024629571234521894
55072.03509911702	1.0001858874922804	0.0002463187552572331
55072.055532316204	0.9999445263460188	0.0002462839650400749
55072.07596571515	0.9999369295793141	0.00024630250066411195
55072.09639901387	0.999854764438703	0.0002463084861627107
55072.116832212356	0.9997466199128451	0.00024630294701533437
55072.15769890886	1.0002590701542207	0.0002463320341102453
55072.17813220688	0.9999597919647869	0.00024634322038728573
55072.19856540466	0.9996358526168323	0.000246309602059503
55072.218998802215	0.9999264812000132	0.00024632328372357687
55072.23943209954	0.9997953846765057	0.000246301844406558
55072.25986529662	0.9999875165774605	0.0002463137778421734
55072.280298593476	1.0006981136073523	0.00024636315191056
55072.3007319901	1.0000682319823377	0.0002463018937516067
55072.32116518672	0.9998416657343482	0.00024629973873566255
55072.34159848311	0.9995819901160702	0.0002462757111743717
55072.362031879034	1.0004676078969188	0.00024632758072001056
55072.38246507495	1.0002687301533046	0.00024634591628934114
55072.402898370645	1.0000143283866283	0.0002463163558660686
55072.423331666105	0.9999536982532777	0.00024629875965504714
55072.44376496156	0.9998740229280446	0.0002462846110830172
55072.46419825655	0.9998426440431182	0.00024631553111096775
55072.484631551546	1.0005498262609986	0.0002463473155272444
55072.50506494607	0.9998914712801242	0.00024623932315738403
55072.525498140596	0.9996604110819177	0.00024629654507571966
55072.54593143489	0.9999904509159898	0.0002462976033093217
55072.56636462895	1.0000057083031333	0.00024630983472061625
55072.58679802278	0.9999917630737835	0.00024630397809079435
55072.607231316375	0.999749617170935	0.000246308039612643
55072.627664609965	0.999511573068251	0.00024628562340289344
55072.6480979031	0.9999348864474076	0.0002462956475407168
55072.66853119623	0.999996145420383	0.00024630953445350446
55072.68896448912	1.0002511287980846	0.0002463155249282031
55072.709397681785	0.9996544964702585	0.00024629623405145434
55072.72983107422	1.0002227013120706	0.0002463261483103523
55072.75026436641	1.000054684737159	0.00024630838104207695
55072.77069755838	0.9998912095566821	0.0002463209641266913
55072.79113095035	0.9998689135694298	0.0002462984110974884
55072.81156424184	0.9993527581512563	0.0002462747885775867
55072.83199743334	0.9997557095528941	0.00024627747298421786
55072.85243072461	0.9994416293253163	0.0002462652727407756
55072.87286411564	0.999947914333566	0.00024631630787782296
55072.893297306444	1.000194450665352	0.00024633623567096543
55072.913730597014	0.9997839713926895	0.00024628054366518143
55072.934163987346	1.0001148446719683	0.00024631232842107625
55072.95459727768	0.9998039380564097	0.00024630563178882606
55072.975030467554	1.0003519290390368	0.00024634618234810823
55072.99546375742	0.9999780747645768	0.00024632742364458514
55073.01589714706	1.0002188494161248	0.00024633548963868813
55073.036330336465	0.9998948057671057	0.00024632073532991123
55073.05676362563	1.0003204188751667	0.0002463507670475408
55073.07719701457	0.9999995003568878	0.0002463041580284941
55073.09763020328	0.9999651909727676	0.00024630041096932955
55073.11806349198	0.9997752948763563	0.0002462722271290089
55073.138496780455	1.000046152218967	0.00024630248352198694
55073.158930068465	1.0000146263776095	0.0002463165757137015
55073.19979664424	0.999587854588089	0.00024628176352189414
55073.22022993179	0.9995004616682387	0.00024628902864579457
55073.2610964064	0.999934643801236	0.000246287756018459
55073.281529693246	0.9999614752587112	0.00024632570887417804
55073.3223963667	1.0003417449809897	0.00024636513027016875
55073.342829553076	1.0001130243746374	0.0002463107855224177
55073.38369612513	0.9997368435948247	0.00024630438037552137
55073.40412941081	1.0000041866051412	0.0002463077631749479
55073.424562796485	0.9999539567852282	0.0002463342253340749
55073.4449959817	0.9999587638263417	0.0002463065931151508
55073.4858625519	1.000092369831819	0.0002463329268891869
55073.50629593664	1.0001495280344794	0.00024629038531500205
55073.52672912116	1.000193549679243	0.0002463690374812035
55073.54716240543	0.9997492212618112	0.0002463232923047734
55073.56759578972	0.9998294783492213	0.0002462920315539912
55073.588028973536	1.0001525434355114	0.0002463177661695267
55073.608462257354	1.0005216115043167	0.0002463680257919291
55073.62889544093	0.9999087035447396	0.00024635629905919357
55073.64932882405	1.0002441732949545	0.00024632845672107516
55073.6697621074	1.0003936302591714	0.00024635871842769463
55073.690195390285	1.0000259227648578	0.00024630833374038937
55073.71062867294	0.9999651930262761	0.00024630272600585423
55073.73106195536	0.9998130925013115	0.00024626401285985847
55073.751495237775	1.0005922313910949	0.0002462851228677198
55073.77192841996	1.0001918524408475	0.00024630180353618083
55073.79236180191	1.000160472686963	0.00024632212733698996
55073.8127950834	1.0001323160307616	0.0002463132671620293
55073.833228265124	1.0000036561738759	0.00024630599901016446
55073.85366164638	0.999934038170504	0.0002462912199700418
55073.8740949274	1.000349209200391	0.0002463393799895748
55073.89452810842	1.0000081639549876	0.00024633017795678425
55073.91496138898	1.0002000108923241	0.0002462923436856838
55073.935394769534	1.000298338076289	0.0002463017821249871
55073.95582794986	1.0001453578278225	0.0002462870762972046
55073.97626122995	1.00008438357129	0.0002463237942719324
55073.99669460981	1.0001452539735773	0.0002463039460573448
55074.01712788967	0.9998815631485185	0.00024628758956614686
55074.03756106906	0.9997492398384673	0.00024627565268023056
55074.05799434845	1.0002911899827707	0.0002463443824815905
55074.07842772738	0.999787325065572	0.00024629935457184997
55074.098860906306	1.000149706973294	0.0002463201522319982
55074.119294184995	0.9999160006036404	0.0002462994249116447
55074.13972756346	1.0000876305796063	0.0002462753279052471
55074.16016074192	1.0000290001286842	0.00024632998829931087
55074.18059401991	1.0004101846773543	0.00024632932269177916
55074.20102729791	1.000392429904468	0.00024632823709564935
55074.22146057544	0.9997656922856929	0.0002462713126078648
55074.262327130265	0.9999411042035641	0.0002462730775253598
55074.282760507325	1.0002240318370055	0.0002462877805477532
55074.30319368416	0.999915117096712	0.0002463188680390369
55074.32362696099	1.000020721644319	0.00024629783294609575
55074.34406013736	0.999618822776868	0.00024628967099585823
55074.36449351372	0.9998187784482255	0.0002462974149258509
55074.384926789855	0.9999686773888693	0.0002463360964889893
55074.42579334142	1.0003551597727216	0.00024631449341525557
55074.446226616856	1.0004203285722602	0.00024638079186423785
55074.46665989206	1.0004291405432784	0.00024635560077323104
55074.487093067255	0.9999868529500838	0.00024633174288300996
55074.507526441994	1.0004941356077623	0.000246329724509709
55074.527959716725	0.9994868615376814	0.0002462542857823514
55074.54839289123	1.0001236581358826	0.00024628631598619014
55074.5688262655	0.9995789598633695	0.0002463044181239096
55074.58925953954	1.0001885553521481	0.000246304494808464
55074.60969271334	0.9994727341396851	0.0002462647992056384
55074.63012598715	1.0002278624591663	0.00024634740926778877
55074.65055936048	0.9996973745090263	0.00024628361290651967
55074.67099253382	1.0001881035503377	0.0002463355977681426
55074.69142580693	0.9996823262576813	0.000246278994937665
55074.711859079805	1.0005420638556908	0.00024634919095514886
55074.75272562485	0.9999187092590678	0.0002463170390397857
55074.77315879726	0.9994774926545168	0.0002462652708978559
55074.7935921692	0.9994942645750584	0.00024621815194197927
55074.81402544114	0.9994857880118934	0.00024625246300757556
55074.83445861285	0.99947833700584	0.000246267092966271
55074.85489198432	0.9994069100463577	0.0002462650501246088
55074.87532525557	0.9994714441857883	0.00024626668956207105
55074.89575842658	0.999726636683942	0.000246284137425357
55074.916191697586	0.9998670144138414	0.0002462994364932137
55074.936625068134	0.999772487746527	0.00024629350626237433
55074.95705823868	0.9996389892688802	0.0002462805826048088
55074.97749150899	0.9998287411263548	0.00024634005453746607
55074.99792487907	0.9992278257445742	0.00024628055037289974
55075.01835814892	1.0001045648918188	0.0002463283894397612
55075.038791318526	0.9992909646484993	0.00024624466214085556
55075.05922458791	0.9996734757731	0.0002462833687467888
55075.100091126435	0.9993835732633194	0.00024621269393791114
55075.12052439512	0.9998182916954692	0.000246243581794735
55075.140957763804	0.9995876559367449	0.00024625059818145125
55075.16139093225	0.9992408856065677	0.0002462271989047916
55075.1818242007	0.9995518028309361	0.00024627489162867356
55075.202257468685	0.9996199026747944	0.00024625504279305395
55075.222690736664	0.9997840162318737	0.00024625655037995123
55075.243124004184	0.9997122468762009	0.0002462447449813169
55075.263557271704	0.9997295074835325	0.0002462560785893707
55075.283990538985	1.0006924502242378	0.00024633396256114906
55075.30442380604	1.0005784859233524	0.0002463055134828222
55075.32485707286	1.0002764495409184	0.00024628093227987356
55075.34529023968	1.0004983383413164	0.0002463001189508784
55075.36572360603	0.9999122643066705	0.0002462497956189797
55075.38615687239	1.000080529848869	0.000246215124574094
55075.4065900385	1.0004384307018552	0.0002463465686029704
55075.427023404394	0.9999399210209249	0.00024627603634287145
55075.44745667005	0.9999043886753629	0.0002462664627599973
55075.46788993547	0.9999708775186656	0.00024629321927235247
55075.50875646585	0.9994812273939162	0.00024618279011027057
55075.52918973057	0.9997751520120377	0.0002462222443514743
55075.5496228953	0.9996863866694506	0.0002462161723614474
55075.57005625979	1.0002677690713582	0.0002463011090008647
55075.590489524046	1.0000768846800605	0.0002462123502746885
55075.610922688305	1.00004247552071	0.00024619233027336725
55075.6313559521	0.9996935525099662	0.0002462135291440674
55075.65178931589	0.999906212414272	0.0002461937923821436
55075.67222247922	1.0001840218878906	0.00024630237150728647
55075.69265574255	0.9999345318189218	0.0002462255533548026
55075.71308910564	0.9998185636308073	0.0002462470111258902
55075.75395553136	1.0001642303571032	0.0002462617034257343
55075.774388793754	0.9999878010045166	0.0002462686027220538
55075.79482205615	1.0003511262700886	0.00024623870766560805
55075.815255318084	1.0002149391584774	0.00024624656417764404
55075.83568858002	0.9998469677168805	0.0002462376400301761
55075.85612194171	0.9998757543793052	0.0002462006829636719
55075.87655510341	1.0000614082345674	0.00024622519317402683
55075.896988364635	0.999889031834077	0.0002462616247348175
55075.91742172564	1.0001256726559757	0.00024628799572639563
55075.93785488664	0.999689815516387	0.00024626124573495144
55075.9582881474	0.9998508064945778	0.0002462710802235368
55075.97872140793	1.0000431516153847	0.000246301861328633
55075.999154668236	0.9996329337188046	0.0002462240414100172
55076.0195879283	1.0000867088588148	0.00024622172499476336
55076.04002118837	0.9999276158057503	0.0002462594753111842
55076.06045444797	0.9996628858404366	0.0002462053710199096
55076.08088770757	0.9998106421733989	0.0002462221991257229
55076.10132096694	0.9998680969695128	0.0002461792298521581
55076.12175412608	0.9997335690664373	0.00024621968585668524
55076.14218748498	1.0002717868473017	0.0002463098982330867
55076.16262074365	0.9998807119685047	0.0002462311647271768
55076.18305390209	0.999446659053728	0.0002462251707875833
55076.20348726052	0.9995382029096824	0.0002462357671954433
55076.22392041873	1.000014836623404	0.00024623603431851265
55076.2443536767	0.9998776711187634	0.00024619902805482203
55076.26478693444	1.0001353633004921	0.00024619112939280803
55076.285220191945	0.9996296147204454	0.0002462090710916277
55076.30565344922	0.9996813067902124	0.0002461860960216322
55076.3260867065	0.9999016867317538	0.0002462069045500496
55076.3465200633	1.0004087972682048	0.00024622353741534427
55076.36695322011	1.0002690919437631	0.00024625489020387617
55076.38738647668	0.9996196105250251	0.0002461997598615418
55076.40781963302	1.000337703988168	0.0002462451586212129
55076.428252989135	0.9999020369865865	0.000246191341974575
55076.44868624525	0.9999893326796025	0.0002461980557653038
55076.469119400885	1.000253863629728	0.0002462634588718551
55076.48955275653	1.000553998190248	0.0002462648639515727
55076.50998601194	1.0000641195406414	0.00024623222363027704
55076.53041926712	0.9999978667957033	0.0002462304786023538
55076.550852422064	0.9999330303022427	0.0002462236201633552
55076.57128577678	1.0003317706355523	0.0002461942470804703
55076.59171903149	1.0003073238697477	0.0002462530571587075
55076.612152185735	1.0002781397184177	0.0002462553022627184
55076.63258553998	1.000176234615188	0.00024627147618722415
55076.65301879399	1.0000080551621908	0.0002462812424778473
55076.673451947776	0.9999225596557741	0.00024628213476443584
55076.693885201326	1.0002424753071848	0.000246265181339044
55076.71431855487	0.9999733945308446	0.00024627224196874383
55076.734751707954	1.0001057691805717	0.000246275410144613
55076.775618313884	0.9996638193820748	0.0002462043905055517
55076.7960514665	0.9996718500635028	0.0002462135023541851
55076.81648471889	0.9997408806581343	0.0002462934795917971
55076.836917971035	0.9999977950256055	0.0002462406636209064
55076.85735132296	1.000207677659191	0.0002462852814874583
55076.87778447488	1.0000332458771373	0.0002462191616959081
55076.89821772656	1.0004659326813539	0.00024628044349484256
55076.91865107801	1.0000849602299389	0.00024624863799872727
55076.939084229234	1.0001417814586	0.00024625945927255307
55076.959517480216	0.9998673755145558	0.00024618447014094905
55076.97995073097	1.0000085908171583	0.00024622737874308243
55077.00038398173	1.000083775642183	0.00024622208308163124
55077.020817232245	1.0001099747841444	0.00024626927006431886
55077.041250482536	0.9999435518840453	0.00024629829865567375
55077.06168373236	0.9997529045256336	0.0002461874759644501
55077.08211698241	1.000053043266832	0.00024629750455055095
55077.102550232004	0.9998964367911788	0.0002462464952876886
55077.12298338136	0.9999666890109473	0.00024630154554056274
55077.143416730716	1.0001049257402415	0.00024627622086436307
55077.16384997984	1.0007488459243867	0.0002463452539140444
55077.184283128736	1.0000135897827214	0.000246269609956862
55077.20471647739	0.9995706371011631	0.00024625144509145454
55077.22514972582	0.9999690418766751	0.00024631081289885724
55077.245582874246	1.0000083789352487	0.0002462676910421407
55077.2660161222	0.9998867897496997	0.000246234996384054
55077.286449470164	0.99979982769484	0.00024622164216127373
55077.306882717894	0.9998198730917995	0.00024630330534768243
55077.32731586538	1.000331684594559	0.0002463082757686267
55077.34774921265	0.9997292202301221	0.0002462720304234182
55077.36818245968	1.0005561945706771	0.00024631486134261944
55077.3886156067	0.9998192740348757	0.00024622231845184924
55077.4090488535	1.0002445914483098	0.0002462837377849439
55077.429482199834	0.9996184873774916	0.00024627829557736836
55077.44991534616	0.9997037338376243	0.0002462634272884358
55077.47034859249	1.000251688554608	0.0002462895697563734
55077.49078193836	0.9998754968614878	0.00024624834261137934
55077.53164832962	0.9997085557715939	0.0002462689598432637
55077.55208157502	1.0002220306466603	0.00024625277283539233
55077.57251482018	1.0001751657103477	0.0002462915795543569
55077.59294806512	1.0003100829794036	0.00024632995652143556
55077.61338130982	0.9995552827633617	0.0002462974472040221
55077.633814554516	0.9999792349079639	0.00024631891580912627
55077.65424779875	1.0001545918150454	0.0002463404674641567
55077.67468094299	0.9996230870198788	0.00024627368216275546
55077.69511418699	0.9999885782915181	0.0002462987503013133
55077.7359807743	1.0001883768832724	0.00024633527003218333
55077.75641391783	0.999669960179122	0.0002463296568651133
55077.7768472609	0.999764340477468	0.00024631251741508804
55077.797280403975	1.0003560605010087	0.00024630844269666127
55077.81771364681	1.0002112218804249	0.0002463184827962269
55077.838146889415	1.0004678498664588	0.00024630239337885954
55077.85858023179	0.9999687238927758	0.00024624774944240847
55077.879013373924	1.0004413237658882	0.0002463623858855899
55077.899446616066	0.9998102307434443	0.00024619629809858104
55077.91987995774	1.0001881784489781	0.00024627576959080337
55077.94031309941	1.0001039990277623	0.00024630785624342433
55077.960746340854	0.9999841172003531	0.00024628943708509795
55077.981179482296	0.999714978949319	0.00024623792364424427
55078.00161282327	0.9998802272745699	0.0002463209802078495
55078.02204606401	0.9998533373892607	0.00024628669276208123
55078.06291254526	1.0003645445743194	0.0002462977522198432
55078.08334578554	1.0001628546150514	0.0002462767932922681
55078.10377902559	0.9992643561616478	0.00024626462564438965
55078.12421216539	0.9997222575507793	0.00024625637011447133
55078.165078744554	0.9998136318010856	0.0002462447675152133
55078.1855118839	0.9999570979956244	0.000246318950114164
55078.20594522301	0.9997616099819979	0.0002462445984963155
55078.22637846189	0.9994762060182947	0.00024626060700094234
55078.246811600766	1.0004112829029108	0.0002463399717235018
55078.26724483918	1.0007523105735208	0.0002463658363585624
55078.2876781776	0.9997691672212282	0.0002463119928588908
55078.30811131578	1.0000151018522767	0.00024626322874739265
55078.328544553726	1.000578257960975	0.000246289322934874
55078.348977891445	0.9998182180656845	0.00024626066166138106
55078.36941112892	1.0000120398762764	0.00024627518058446097
55078.389844266174	0.9996155706456789	0.0002462358914913737
55078.410277503426	0.9996459707831039	0.00024621945991632854
55078.43071084044	1.0000408710358024	0.00024625948847449867