55496.562178184744	0.9997574340025119	0.00024983534248449363
55496.58261121791	0.999815534524516	0.000249851508488107
55496.60304405097	0.9998053849480268	0.00024986971261558276
55496.62347708414	1.0000320626707664	0.00024988938734904633
55496.64391001708	1.0000169781479582	0.00024989084725365006
55496.664342850025	0.9999003327820699	0.0002498640596225303
55496.68477588296	1.0000512099324619	0.00024985545227383736
55496.7052088159	1.0004820455541716	0.0002499294704351149
55496.72564164861	1.0002181419234495	0.00024990187347921644
55496.74607468143	0.9997220006367813	0.000249851116911861
55496.76650751414	0.9998023082923475	0.00024988376062469756
55496.786940446735	0.9999459310465297	0.00024988152426866264
55496.80737347944	0.999852825352308	0.00024986498649588864
55496.827806311914	0.9997869111170139	0.00024985588072474026
55496.84823934439	0.9997627463631047	0.00024990937448727104
55496.86867227686	0.9994845810092055	0.00024984904912434214
55496.88910510922	0.9998320654775077	0.00024988714097828315
55496.90953814158	0.9999428215608878	0.00024988914372308995
55496.929971073936	1.0001490190578488	0.00024988079299697837
55496.95040390606	1.0004210977521009	0.00024991851965454397
55496.97083693831	1.0005094985572835	0.0002499160118764175
55496.99126987043	0.9999026180685139	0.00024987103415278984
55497.011702802556	0.9996474989511869	0.0002498492752466472
55497.03213573457	1.000502046444329	0.0002499286822457744
55497.052568666455	0.9998091997713172	0.0002499028026789082
55497.07300159847	0.9998797855252676	0.0002498672013214973
55497.09343463036	1.0000822323513554	0.0002498752740190567
55497.11386746213	0.9999917422694725	0.00024989736188944697
55497.13430049391	0.9998512121128615	0.00024983634570316436
55497.154733425574	0.9997869758367398	0.0002499187580301579
55497.17516625723	1.0003344228051185	0.0002499534940893922
55497.19559928889	0.9997800010166592	0.00024988542097969694
55497.216032220436	0.9995860257581328	0.0002498686364880006
55497.256898083404	0.9998180490304768	0.0002498708407303193
55497.27733101483	1.0002053577087402	0.0002499471583910663
55497.297763846254	1.0000397582507865	0.0002498776689890058
55497.31819687757	1.00036345577492	0.0002498842760082289
55497.338629808764	0.9998707207532203	0.0002498913123641507
55497.35906263995	1.0000370931315892	0.0002499291672665146
55497.37949567115	0.999850322955317	0.00024988796482211994
55497.39992860223	1.0001676543488438	0.0002498897553616503
55497.4203615333	1.0005452903430263	0.000249910081439047
55497.44079446438	0.9999619011407043	0.0002498662536323003
55497.481660326186	1.0004970758523566	0.00024994263948663765
55497.50209325703	0.9999581997105423	0.00024990003061146763
55497.52252618788	1.000073298233085	0.0002499269299828065
55497.542959118604	0.9998461112489664	0.00024989569608781833
55497.563392049335	0.9997943110558799	0.0002499335016094307
55497.583824980065	1.0003546865887083	0.0002499757978938844
55497.60425801067	0.9998886499613318	0.0002498902355710629
55497.62469084117	0.9995195350488202	0.00024988148514058133
55497.64512387167	1.0001504796762193	0.0002499040516492101
55497.66555680216	0.99988050713313	0.0002498677397497187
55497.68598963254	0.9998112373852134	0.00024993532743105873
55497.706422662915	1.0001587206813032	0.00024995929050881916
55497.7268555933	0.9999435750345226	0.00024989787967054437
55497.74728842356	0.9997751136514773	0.0002498643214621768
55497.76772145383	1.0001258539035915	0.0002499024921382852
55497.80858721412	0.9994909121810882	0.0002498959714553288
55497.82902024414	1.000111443691229	0.0002499494699380191
55497.86988600409	1.0005485116224933	0.0002498668924872956
55497.890319034115	1.0002215904873628	0.00024994392552095846
55497.910751963915	1.0004570511303796	0.00024993692698715053
55497.93118499383	1.0001252938505336	0.000249886846741112
55497.951617823506	0.9999830862791439	0.00024987531797161306
55497.972050753306	0.9999808819386145	0.0002498829464986896
55497.99248378299	1.000132005032295	0.0002499620373538395
55498.012916612664	0.9999388693013509	0.0002498678687032155
55498.03334954223	1.0000994673860812	0.0002499247919663395
55498.0537825718	1.0005019743261805	0.00024996760140107475
55498.07421540124	0.9998528537312622	0.0002499712277125459
55498.09464833069	0.9994595585057658	0.0002498404865414639
55498.11508126014	0.9995206689829923	0.0002499026358477208
55498.13551418947	1.0004181956668932	0.0002499754247883434
55498.1559471188	0.9998972346370935	0.0002499153760872165
55498.17638014802	0.9999806014585323	0.0002498702209219039
55498.196812977345	1.0001464304272292	0.0002498936855330696
55498.21724600645	0.9997714438447427	0.00024996430309502757
55498.23767893555	1.0002321329621089	0.00024994498706318747
55498.25811176464	1.0000809933927455	0.00024996127632120885
55498.29897772273	1.000116409318388	0.000249890147971757
55498.31941055159	0.9997591885207033	0.0002498398605424483
55498.339843580456	1.0003037213325552	0.0002499290431528121
55498.360276509324	0.9998874298772479	0.00024991295455515
55498.380709338184	1.0000106212360311	0.00024991166571099345
55498.401142366936	0.9995753798769219	0.00024986950113312843
55498.42157529557	0.9996481859688325	0.0002498002587967087
55498.4420083242	1.0000609075469482	0.00024995758238994343
55498.48287408147	0.9994771424024007	0.0002498282766382274
55498.50330710998	1.000029817451869	0.0002499326043767366
55498.523739938384	1.0004335573593144	0.0002499213569188907
55498.5441728669	1.0000340941833668	0.00024989957346844633
55498.56460589518	0.9998424887053168	0.00024988611518355
55498.585038723584	1.0004442163615552	0.0002499512006286792
55498.62590468015	1.0002403886968747	0.000249878369837393
55498.64633760832	0.9999979045500997	0.0002499240463448655
55498.66677043649	1.0003467189070048	0.0002498883958654805
55498.687203464535	1.0000694438226811	0.00024989151881559993
55498.707636292704	0.99932024537688	0.0002498437926720731
55498.72806932064	0.9997723962638181	0.00024986359554783676
55498.74850224869	1.0003746663667294	0.00024989494112324587
55498.768935176624	1.0000904331804397	0.0002499204191122584
55498.78936810444	1.0000978025191605	0.00024987968571697414
55498.809801032374	1.0002046591722287	0.0002499110214135404
55498.83023386008	0.9999970648544394	0.0002498880092024624
55498.8506668879	1.0001387617920539	0.0002499146764910461
55498.871099815595	1.0002785834502583	0.00024996547043038095
55498.8915326433	0.9998291304608811	0.00024992602011836816
55498.91196567088	1.0002385448697508	0.0002499671071301899
55498.93239859847	0.9996281653819787	0.00024981971610130345
55498.95283142594	1.0001739305812931	0.0002498962651905903
55498.973264453525	0.9998170068121262	0.00024986859446382066
55498.99369738087	0.9998223528652184	0.00024988361047989977
55499.014130408344	1.0003535106603643	0.00024994193502329246
55499.054996163046	1.0000853325049186	0.0002499615100214991
55499.075429190285	1.0001957915076207	0.0002498878363363081
55499.09586201752	1.0000778148516105	0.0002499136054504093
55499.11629494475	1.000347423736172	0.000249961127513807
55499.136727971876	0.99983860457573	0.000249963850726969
55499.15716089899	0.9996570667263205	0.0002498690705851374
55499.25932553378	0.9997416337960178	0.00024984269443335095
55499.27975846066	0.99999293413572	0.00024982653681408757
55499.320624314205	0.9995339739996638	0.00024984595882905067
55499.34105724097	0.999813699180838	0.00024988416380885393
55499.38192309428	0.9999407556304888	0.0002499331999962502
55499.402356020815	1.0000656243346486	0.00024989944954848713
55499.422788947355	0.999837156004359	0.00024995331780295005
55499.443221873895	1.0007206628902265	0.00024990799507934705
55499.46365480031	0.9999614488790151	0.00024993437607782025
55499.484087726734	1.000101516950027	0.00024996075707194856
55499.50452065316	0.9997827898672116	0.0002498928819899077
55499.52495367946	1.00001548548561	0.0002498816888640645
55499.545386505764	1.00044858622076	0.00024996969653837034
55499.56581943207	0.9997399549789028	0.0002498741171029049
55499.586252458255	1.0002510759789947	0.00024994899800562703
55499.606685284445	0.999659203914531	0.00024987753036662233
55499.62711821052	0.9998206399186524	0.00024990544116005513
55499.64755123659	1.0006013033866787	0.0002499709852676107
55499.66798416266	0.9999852999267177	0.0002498820383361511
55499.688416988734	0.9998097829946012	0.0002499078764773473
55499.708850014686	1.000117883233697	0.00024990799901273165
55499.72928294053	0.9998438169971888	0.0002499179715455242
55499.749715866485	0.9994912864046902	0.000249829271391119
55499.77014879232	0.9994536991197323	0.0002498703829432327
55499.79058171816	0.9996293474518995	0.0002498512052162118
55499.8314475696	0.9992039454115564	0.0002498100072886126
55499.85188049533	0.9995304525733874	0.0002498796028751093
55499.87231352093	0.9994717934243316	0.0002499105239086751
55499.89274634654	0.9998651679335324	0.00024993443742883593
55499.913179272145	0.9996380818332499	0.00024989273204845233
55499.93361229764	0.9995852951783738	0.0002498787803518718
55499.99491107398	0.9992480958276502	0.0002498586830877035
55500.05620974988	0.9995976320259066	0.00024987387009614315
55500.07664267513	0.9996208422721693	0.0002498951779946252
55500.09707570039	0.9992880516353453	0.00024990868880897857
55500.13794145067	0.999741203351632	0.000249926955989183
55500.17880740084	0.9994295010497896	0.00024992516789431175
55500.199240225855	1.0000313728717272	0.00024994376654051826
55500.24010617567	0.9997153279238208	0.00024993004102122487
55500.26053900058	0.9996419136271162	0.0002498379853451511
55500.28097202549	1.0000039511613907	0.0002498472768510913
55500.301404950274	1.00025954377043	0.00024994994572022003
55500.342270799745	1.0001341817594567	0.00024993265230461074
55500.36270372453	1.0007856977759202	0.00024995760209726547
55500.38313674921	1.0005482981816094	0.00024995424062028415
55500.40356957377	0.9998378434275602	0.0002499634679591444
55500.42400249832	0.999992518147695	0.0002499167143059516
55500.444435522884	1.0003387145326965	0.0002499332402955118
55500.464868347444	1.0000412578837325	0.00024992716958711946
55500.48530127188	1.0004588121878109	0.00025001072568649223
55500.50573429633	1.0001425044388144	0.0002498789099842039
55500.52616712077	1.0000525090808892	0.00024993470752826693
55500.54660004509	1.0001990905493974	0.00024990910467684383
55500.56703306942	1.000272685536088	0.0002499304520090144
55500.58746589375	0.9996532299897881	0.0002498935187435883
55500.60789891795	1.000109720092958	0.0002499418251641563
55500.62833184216	1.000091625546492	0.0002499301780778568
55500.648764766374	1.0000720505479663	0.00024992805031935086
55500.66919769046	0.9999324106591898	0.00024990373547689336
55500.68963061456	1.0002391772615182	0.00024988929033704845
55500.71006353865	0.9997803513552119	0.00024991229576787225
55500.73049646274	0.9997413330856889	0.00024987630014633395
55500.75092938672	0.9994320825414024	0.00024987146316153666
55500.7713622107	1.0000755043929905	0.0002499437529120206
55500.79179523455	1.000074435083924	0.0002499225075551802
55500.812228158415	1.0000513563584057	0.00024989783248336546
55500.85309400613	1.000123487178685	0.0002499697907376326
55500.87352692988	1.0001048004674458	0.00024990458084586344
55500.893959953624	0.9995305488815535	0.00024990715599897237
55500.91439277736	0.9998519717286702	0.0002499453755361047
55500.93482570099	0.9998874696362242	0.0002499182379872215
55500.955258724614	1.0000262044744868	0.00024990368429496395
55500.97569154824	0.9999195295176522	0.00024989120323962237
55500.996124471756	0.9997651346441333	0.0002498667058430174
55501.036990318775	0.9996095718298058	0.00024990435702472577
55501.05742324229	1.000360227041158	0.00024991998976816026
55501.07785626568	0.9997642132083345	0.0002498584070426369
55501.098289089074	1.000002187633677	0.0002499869834974393
55501.118722112355	0.9999149560121154	0.00024997192645534244
55501.13915503575	1.0000827076070393	0.0002498984162316868
55501.159587959024	1.0000635767850554	0.0002498866754119134
55501.18002088219	0.999704238127392	0.00024978830348570876
55501.20045380546	0.9999913634571944	0.00024989035513283087
55501.220886728624	0.9998247303174778	0.0002499204666839813
55501.24131965179	0.999879128614208	0.0002499424801604652
55501.261752574836	1.0002659869332158	0.00024994867254292505
55501.282185497876	1.0001210670971343	0.00024990808266465466
55501.30261842092	0.999167278133259	0.0002498244807527657
55501.343484266894	0.999625806638972	0.00024990721655937
55501.363917189825	0.999796765749074	0.0002498917499474284
55501.384350112756	0.9996674400914171	0.00024990937140999725
55501.404783135564	1.000101080441069	0.0002498793223626485
55501.425215958494	0.9998317041718866	0.0002498499395231298
55501.445648881185	0.9999339209673161	0.0002498560874951045
55501.466081904	0.9995138842775297	0.00024989710006722443
55501.4865147267	0.9995378839723639	0.00024988898143087264
55501.506947649395	1.000014605247106	0.00024993487454351925
55501.52738067209	1.000267729175728	0.0002498847752838671
55501.54781349467	0.9999884833613965	0.00024985047243066623
55501.56824641736	1.0004814400780135	0.0002499454473725657
55501.609112262406	0.9999882363656958	0.0002498959197296417
55501.629545284864	1.0004288344073362	0.00024993566895482487
55501.64997820733	0.9999521461376247	0.00024994135304063156
55501.670411029794	0.9997940505588526	0.0002498715539689441
55501.69084405225	0.9997451134315463	0.000249961771686547
55501.7112769746	1.0004463690157337	0.00024989873334028577
55501.752142819176	0.9999433452853209	0.0002499213134429128
55501.772575741525	1.0003287223543504	0.0002499181839246897
55501.813441585866	1.0000637054717374	0.00024992584110180975
55501.8338745081	0.9999575737110754	0.00024992672853279765
55501.854307530215	0.999938344255911	0.00024991240189453087
55501.874740452324	0.9997650988929843	0.00024988765290676117
55501.89517327444	0.9999925120277832	0.00024991758672268335
55501.91560629644	0.9999347909400526	0.0002499353808641543
55501.97690506243	1.0000258381964013	0.00024995839436618483
55501.99733798431	0.999931944870525	0.0002498823281593356
55502.03820382807	0.999939429191037	0.0002498079537811712
55502.05863664983	1.000269338416328	0.00024987207603132197
55502.079069571715	0.9997168027747005	0.0002497651573515058
55502.09950259348	0.9998921533610017	0.00024989660042618603
55502.119935415125	0.9996434054141898	0.000249898687020118
55502.14036843573	1.000040576157226	0.00024993000255507544
55502.16080135738	0.9999872964609756	0.0002499558897829185
55502.24253304385	0.9998018127468614	0.0002498223847789214
55502.262965965325	1.0002170447149863	0.00024995692189330607
55502.2833988868	1.0000424178653913	0.0002499351733117167
55502.30383180827	0.9997133806141348	0.0002499137997798155
55502.344697651104	1.0002476566114205	0.00024989110782039673
55502.36513067246	0.9998523448454022	0.0002498537652327615
55502.38556359376	1.0003104601516313	0.00024994029145729936
55502.40599641512	1.000199689889367	0.00024987443550987813
55502.42642943635	0.9996544092040871	0.000249888577855326
55502.446862357596	0.9998948991000356	0.00024990681609446646
55502.46729517884	1.0003763065741553	0.0002499742593606671
55502.487728200016	1.0002465373099616	0.00024989742840659656
55502.5081611212	1.0001894578651505	0.00024994948984979155
55502.52859394233	0.9997870895828652	0.00024984390869160035
55502.56945988446	1.000160095429946	0.0002499388478759872
55502.589892705524	1.0002980397626735	0.0002499193101183942
55502.61032572653	0.9999722105234999	0.00024988700600746754
55502.63075864754	0.9998986488616931	0.00024981495693653024
55502.65119156848	0.9998267650474977	0.00024993975252551913
55502.671624489376	1.0007153432947788	0.0002499956087997405
55502.69205741033	0.9999524874007242	0.00024990534535583657
55502.712490331156	0.9994825618993466	0.00024982073228319317
55502.73292325199	0.9996052083010368	0.0002498805018566942
55502.75335617283	1.0002160552645485	0.00025000824346944515
55502.7737890936	1.0000017035567246	0.0002498473333448665
55502.794222014374	0.9999058366112138	0.00024987249509672235
55502.81465493509	0.9999554477933137	0.0002498539986064647
55502.835087855805	0.9996103237838276	0.0002499445514764598
55502.87595379713	1.000256125265592	0.0002499012814200948
55502.89638671772	0.999649703369353	0.0002499055886694224
55502.95768547941	1.0002477027718857	0.0002499951577920681
55502.97811829989	0.9997401745445835	0.0002498888217963586
55502.99855132038	0.9998194932195555	0.00024989671664690083
55503.039417061285	1.0003427137461656	0.0002500120166384217
55503.059850081656	1.0001077348014495	0.0002499712888710456
55503.10071582239	0.9998551550292767	0.0002499291834627706
55503.1211488427	1.0001357148385386	0.00024997750913031204
55503.141581763004	0.9998211870037904	0.00024993639646484465
55503.16201478326	1.000015289071143	0.0002498850391609492
55503.18244760345	1.000012788685835	0.000249973267611057
55503.2028805237	0.9997090188014249	0.0002498749458274563
55503.223313543895	1.0002152962099848	0.000249966085795029
55503.24374636403	1.0000620870620902	0.0002499242526669398
55503.26417928416	1.0001415043219846	0.00024999195232451577
55503.2846122043	1.000214210243919	0.00024992450760099395
55503.305045124376	1.000173366468035	0.00024984404982810046
55503.32547804439	0.9999492443422889	0.00024988118827840093
55503.34591106441	0.999959673130027	0.00024997270817976147
55503.36634388443	1.0003749525872394	0.000249910879278072
55503.386776904386	0.9997401568038902	0.0002498915192379277
55503.40720982435	1.0002208222476747	0.0002499231701797486
55503.42764264425	1.0001366016449789	0.0002499441027420197