55709.030988183265	1.0000003494267269	0.00025466482714506104
55709.051422403296	1.0003430151364465	0.00025469524596838383
55709.07185662309	0.999786419097383	0.00025463458077032826
55709.092290943	1.0001769131199179	0.00025464968864427986
55709.11272506268	1.0000108098122789	0.00025465694562568124
55709.133159282355	0.9998436806116731	0.00025458287972276647
55709.1740277216	1.0001499998638663	0.0002546228663273669
55709.19446194104	1.0000097405738395	0.0002547165514278954
55709.23533047982	0.9998788627537342	0.0002546544862850115
55709.25576459903	0.9998507241053384	0.00025460885851538614
55709.27619891825	1.0001382816847844	0.00025469306095170734
55709.296633137346	1.0001498615129123	0.00025464324149474134
55709.31706735644	0.9999567909065075	0.00025463579822411665
55709.337501575304	0.9999277240319027	0.0002545857833729766
55709.35793579429	1.000233797187264	0.0002546664242905236
55709.37837011303	1.0002521188769171	0.00025469050176456345
55709.398804231896	0.9998339769937127	0.0002546091713747563
55709.43967276916	1.0001524115119855	0.0002545321911652134
55709.46010688767	1.000101457955597	0.00025463893971403614
55709.48054110619	1.0000691667131005	0.00025449873031139255
55709.500975424584	1.0004998665516376	0.0002546692237689516
55709.52140954287	1.000308506071474	0.0002544787874267106
55709.54184386115	1.0000190464786853	0.0002545319184729659
55709.56227807931	0.9994507762816893	0.0002545051289842508
55709.58271219748	1.0002194001343498	0.00025462946982434217
55709.603146515525	0.9994264498576825	0.0002546131986265736
55709.62358073346	1.0001074780199417	0.00025454315368363394
55709.64401485128	0.999972788555659	0.00025445569226342004
55709.66444916921	1.000248034084884	0.0002545303777063245
55709.68488328691	1.0000502739741628	0.00025463475666025935
55709.70531760461	0.9994670061376194	0.0002545827242650284
55709.72575182219	1.0002011382094809	0.00025458462192925785
55709.76662025713	1.0001358230154027	0.0002545044468484064
55709.7870544746	1.0000680637749468	0.0002545461459434555
55709.807488691826	0.9998357640311994	0.00025460481693188354
55709.82792290906	0.9998757769267058	0.00025456452421889923
55709.84835712629	1.0000127651203459	0.0002545248324225547
55709.868791343295	1.000388063345904	0.00025452605102191535
55709.889225660416	1.0000335308664168	0.000254585142123804
55709.9096597773	1.0000599134337822	0.0002545378486534552
55709.93009399418	1.0001016361588098	0.00025451008215323083
55709.950528310954	0.999692680491597	0.00025452668488627257
55709.97096242772	0.9996609268157913	0.0002544838518168278
55710.01183096091	0.9998464283460086	0.0002545056449810039
55710.03226507745	0.9998154563256483	0.0002544595777986976
55710.05269939386	0.9998452586756806	0.0002545062452720979
55710.07313361017	1.0003575918010963	0.0002545075860073366
55710.093567726464	0.9999580653309271	0.000254466453096307
55710.114002042654	0.9999398930505644	0.0002544747017878446
55710.13443625884	1.0000838182189118	0.0002544999028016477
55710.154870374914	1.0005769514089897	0.0002544124856736764
55710.17530469086	0.9996066156224971	0.0002545452533091965
55710.19573890682	0.9998863547290758	0.0002544773142656234
55710.21617312265	0.9995514624275116	0.00025446364707557863
55710.236607338375	0.9997610472237425	0.000254499087855492
55710.2570415541	0.9999043860456522	0.00025443477380895896
55710.2774758697	0.9997427298564031	0.0002543804894889267
55710.29790998519	1.0002518378215635	0.000254463851060385
55710.31834420068	1.00002584104689	0.0002544660955965325
55710.338778416044	1.0000474358529432	0.00025452406287909484
55710.3592126313	1.0002143709547224	0.0002543814361011272
55710.37964684656	1.0000235002207007	0.00025451108178591606
55710.40008106169	1.000250525536154	0.00025447389147097307
55710.42051527683	1.0000472459714118	0.0002544922577784072
55710.44094949186	0.9998535906750553	0.00025443573112132067
55710.50225223646	1.0001830163076424	0.0002544156195515729
55710.52268645113	0.9996115744653389	0.0002543584969217528
55710.5431205658	0.9993348190270406	0.0002543689391406445
55710.56355488036	1.0002483867995606	0.00025440749672500754
55710.5839890948	0.9998486663212427	0.0002544412031155183
55710.60442320924	0.9999157928525975	0.0002544351083072583
55710.624857523566	0.9997578010949111	0.0002544531130754204
55710.64529173777	1.0002797074920344	0.0002543820427346524
55710.66572585198	0.9996847186967412	0.00025443325341763435
55710.68616016607	1.0002428255954632	0.00025449117170794466
55710.70659438016	0.9999197570193987	0.0002544645436603094
55710.727028694135	0.9999862972354627	0.0002544985577867593
55710.747462807994	1.0004801123160265	0.0002544753348522173
55710.76789702173	1.0001376977647005	0.0002544614869571691
55710.788331335476	1.0005220803141235	0.00025441192698634073
55710.8087654491	0.9999661262161226	0.0002544701236959001
55710.82919966272	0.9995082705483938	0.0002544248482096223
55710.849633976235	0.9997534687939761	0.0002543708279217149
55710.87006818963	1.0001793279728304	0.0002544126830471488
55710.8905023029	1.0003748906934133	0.00025445444045321355
55710.91093661618	1.000012837320595	0.00025432804832589267
55710.93137082945	0.9998958829884599	0.00025434771898120013
55710.951804942495	0.9998372599817491	0.00025432909323330044
55710.99267336847	0.999738920385606	0.0002543598362817579
55711.033541894205	0.9997347706810858	0.00025423660238131304
55711.053976106894	1.0001710839855948	0.0002543465399068814
55711.07441031959	1.000124527837063	0.00025441761433404647
55711.09484453217	1.0000689337809203	0.0002543794080607567
55711.13571295709	1.0000269712874128	0.00025434131632190107
55711.15614716944	0.9997496307500459	0.00025429375461069316
55711.17658128167	0.9996521203930766	0.0002543708037893082
55711.19701559389	1.0003809197222573	0.00025441099290984023
55711.217449806005	1.0000940528051794	0.00025437843903058856
55711.237884117996	1.000550688575212	0.00025434024745769884
55711.25831822999	1.0002626492317799	0.00025442430707225483
55711.278752441875	0.9998453434412414	0.0002543962379624098
55711.29918675363	0.9997793436980023	0.00025434168046204364
55711.3196208654	1.0002801428588945	0.0002543524206323996
55711.36048938857	1.000108376526454	0.00025441958878962153
55711.380923499986	1.0003557721695666	0.0002543834344420599
55711.42179202281	1.0003076541344826	0.0002544306654418617
55711.442226233994	1.0000269920815088	0.00025435972252581924
55711.46266044518	1.0002874314765693	0.0002544789076818667
55711.483094656236	1.0001157127973088	0.00025437131977434967
55711.5035288673	1.00044571946774	0.00025442614531182863
55711.52396317825	0.9999202039213649	0.00025436078639007786
55711.54439728908	0.999839157414343	0.0002543183251098413
55711.56483149991	1.0001508439319715	0.00025428782316988275
55711.58526581063	1.0001656478971812	0.0002543019342159853
55711.60569992122	0.9996691027941219	0.0002543426410767522
55711.62613413171	1.0001499198214374	0.0002543235855083141
55711.64656834219	0.9995418913226551	0.00025440599364709513
55711.66700255255	0.9997968588259686	0.00025434049800526136
55711.68743676292	1.000108349664548	0.0002543269726528055
55711.70787097317	0.9998996492503545	0.000254342334328533
55711.7283051833	1.0000002398218684	0.0002543748582019784
55711.74873949332	0.9998530459148057	0.0002543041010912513
55711.76917360334	0.9994752640337807	0.00025437424695944755
55711.78960781323	1.0004348925726498	0.0002542876418309266
55711.81004212302	1.0001278504089113	0.000254242488819862
55711.830476232804	0.99984679832985	0.00025420292464806924
55711.85091044247	0.99960531755757	0.00025429599737437317
55711.87134475214	0.9996713687446098	0.00025423422935463115
55711.89177886157	0.9999139759248262	0.0002542506853389913
55711.912213071	1.0000502781572937	0.00025440608511413204
55711.93264738032	1.0002332352862449	0.0002543518209778602
55711.95308158964	1.0000076319653286	0.0002543758540892582
55711.97351579884	1.0001049980266008	0.00025436272447106333
55711.99395000793	1.0000101751158095	0.0002543104584655077
55712.01438421701	0.9997229190501115	0.000254247781835071
55712.03481842598	0.9997710898357212	0.0002542562942537366
55712.05525263483	1.0003212770603929	0.0002541703243985988
55712.07568684357	1.0000574217992388	0.0002543483528475972
55712.0961211523	1.000275992755915	0.0002543336159717276
55712.11655526092	0.999794251980603	0.0002542917166806515
55712.13698946942	1.0001094546729017	0.0002543375969499297
55712.15742377793	1.0003113177122762	0.00025442060568248474
55712.177857886316	1.0000534227415068	0.00025424531747823457
55712.19829219458	0.9994726078964857	0.0002541948493648162
55712.218726402854	0.9993262939164117	0.0002542848001271907
55712.28002892708	0.9993106164983797	0.00025415512576901423
55712.341331550495	0.9995923084917957	0.00025417122945775453
55712.361765758185	0.9999622262806047	0.0002543146010932245
55712.38220006575	0.9993457493855851	0.000254127212225549
55712.40263417321	0.9992887880706859	0.00025422009407082306
55712.42306838067	0.9998180159191338	0.0002541275390386973
55712.443502688	0.9996887030213732	0.0002541117323470447
55712.46393689523	0.9993269957152315	0.00025423805902216145
55712.48437110245	0.9996232915301452	0.00025413145874841783
55712.50480530955	0.9993876742886088	0.00025413717675601844
55712.525239516544	0.9998351704499449	0.00025424151457804114
55712.54567372342	0.9993390195348438	0.0002542623379539975
55712.56610793029	0.9997596952120354	0.0002542060222520378
55712.58654213705	0.9993130815054655	0.00025411417569953354
55712.627410550325	0.99943941859076	0.0002542446031952349
55712.64784475685	0.9994885662694322	0.00025406117179171863
55712.688713169664	0.9994301897739483	0.0002541153884497385
55712.70914747584	0.9998224813775123	0.0002542458967266437
55712.72958168202	0.9997766586227166	0.0002542534076158077
55712.75001578819	0.9996340579834394	0.00025415339293276225
55712.77045009425	0.9997516975610387	0.0002541953305746217
55712.79088430019	0.9999490164119114	0.00025425358023423004
55712.81131840601	1.0003144873422667	0.00025424461299040956
55712.831752711725	0.9995328891407955	0.00025422778529712685
55712.85218691744	1.0001093562085805	0.0002541601700116125
55712.87262102302	1.0003783422603525	0.00025425886505023803
55712.89305532862	0.9997945502016062	0.00025419103482644497
55712.91348953398	0.9998869814908534	0.0002541642606807987
55712.933923739336	1.000049614499065	0.0002542764537566436
55712.9543579447	1.000065590807091	0.0002542397135979731
55712.99522635495	0.9999489815330795	0.00025421702085831973
55713.01566055996	1.000192563794315	0.00025417741305546176
55713.036094764975	0.9998636382173066	0.0002542143236458985
55713.05652896975	1.000127787510839	0.0002541396540949595
55713.09739737919	1.0001571997191923	0.0002541315391159364
55713.11783168385	1.0001085924246749	0.0002542298431630148
55713.158699992826	0.9998613505891497	0.0002542174828435151
55713.179134297134	0.9994933919231901	0.000254177459836716
55713.22000270564	0.9997398576809651	0.00025418151899399895
55713.24043690972	1.0003867201331096	0.00025414968863851634
55713.28130531765	0.9998759660567996	0.00025406017501707176
55713.30173952161	0.9999030808030456	0.00025416299295067616
55713.32217362534	1.0003008421505732	0.0002541889750847704
55713.34260792895	1.000006456236586	0.0002541709603364229
55713.363042132565	1.0000254613805508	0.00025412290109658127
55713.383476236064	1.0006990456344702	0.0002542196172426622
55713.403910539564	0.9997085070159434	0.0002541229494473491
55713.42434474294	0.9997973717263593	0.00025406138243089113
55713.44477904621	0.999427801621261	0.000254145812061169
55713.46521314935	0.9996932692375334	0.000254169405269184
55713.48564735238	0.9999163814002011	0.00025404676250480426
55713.50608165542	0.9998700703558321	0.00025411814840527565
55713.546949961245	1.0002127754024401	0.0002541796486653157
55713.56738426393	0.999907300392606	0.000254164819147658
55713.58781846661	0.9999041752191823	0.0002541108341453548
55713.608252569175	0.9997997782854463	0.0002541569679958057
55713.62868677174	0.9996853177151572	0.0002540613751245873
55713.64912097408	1.0000135118661873	0.0002541399081066114
55713.66955527641	1.0000896258131757	0.00025414374523518907
55713.689989478626	1.0001648115369604	0.00025415952196931744
55713.71042358084	0.9995703730075056	0.0002540673293027218
55713.73085788294	1.0002513812760632	0.00025414544210476567
55713.751292084926	0.9999758045163367	0.000254016522002617
55713.771726186795	1.0004247622111118	0.0002540966621767116
55713.79216048854	0.9998996948096871	0.00025415593245734034
55713.812594690295	1.0001491868737407	0.0002540750443691862
55713.83302879192	0.9998448360625918	0.00025413617103784493
55713.853463093445	0.9999635983157629	0.0002541762421874999
55713.873897294965	1.0002987289804628	0.0002541231757233137
55713.89433139637	0.9998957447674652	0.00025419082418795254
55713.93519989882	0.9997213436451059	0.000254053552627423
55713.955634199985	0.9998134322913702	0.00025405302722043875
55713.99650250198	0.9998042019806729	0.00025417031699572206
55714.01693680279	0.999949149102663	0.0002540322714648572
55714.037370903614	1.000086524029986	0.0002540167238851382
55714.0782394049	0.9998886249325353	0.00025408467736954567
55714.098673505374	1.000315646786387	0.0002541346166794322
55714.11910770585	1.0003436406576591	0.0002541682050167497
55714.139542006196	0.9995718690801858	0.00025409567090414227
55714.180410406676	0.9998235603569017	0.0002541114400152835
55714.200844606676	0.999937730181065	0.00025416017751213
55714.22127880668	0.9999841903479831	0.0002541698134196991
55714.24171300657	1.0002136032470252	0.00025419136934314284
55714.26214720646	1.0000132603866567	0.00025406512193549283
55714.30301560588	0.9999396912759595	0.0002541183022971881
55714.32344980542	0.9996419854957916	0.0002541404395604255
55714.34388390485	1.00000139478142	0.00025418732549395905
55714.36431820427	1.0000075027319426	0.00025414639905736134
55714.384752403574	0.9999918713251735	0.00025404340066423873
55714.40518670277	0.999603300098992	0.0002541520898620201
55714.425620801834	1.0001510354600025	0.00025418849691145087
55714.44605500091	1.0002236804427775	0.000254111820265012
55714.46648929987	0.9997325191913369	0.00025405389809910156
55714.48692339871	1.0000433687628416	0.00025414375461295895
55714.50735759755	0.9999845029520993	0.00025412158756269755
55714.52779189616	0.999867405053714	0.0002541332899127498
55714.54822599476	0.9998908067770306	0.00025408957894935963
55714.568660193254	1.0001657496141094	0.0002542088347932826
55714.58909449175	0.9998262266949773	0.00025410576326180675
55714.60952869	0.9997174826500137	0.0002541323069690566
55714.62996278826	0.999927647109756	0.0002541302378176307
55714.65039708641	0.9997978476992371	0.00025408640964030144
55714.691265482455	0.9998128970703591	0.0002541207474863272
55714.732133878155	1.0000218414707736	0.00025415027823966175
55714.77300227351	0.9995961937083041	0.00025412683837148516
55714.79343647107	1.000658000854962	0.0002541566160661672
55714.813870768514	1.0000095362274783	0.00025411323249216916
55714.83430486584	1.0003614698010292	0.00025408834442322114
55714.85473906305	1.0003663075182572	0.00025413440458970743
55714.87517336026	1.000042320296393	0.00025416245777907273
55714.89560745736	0.9997195544777278	0.00025414114081757466
55714.91604175433	1.000314332678422	0.00025411662892138495
55714.93647595131	1.0000864380690353	0.00025412156031034104
55714.95691004806	1.0002233724083216	0.0002541192908708926
55714.9773443448	1.0001858552136875	0.00025416810626118896
55714.99777844143	1.00027159231652	0.0002541924759601893
55715.01821263806	0.9999036872511382	0.0002540591212257405
55715.03864693445	0.9998999270301888	0.00025414574336672397
55715.05908103085	1.0001450690350453	0.0002541402301358844
55715.07951522713	1.0001180551123356	0.00025410529319943215
55715.09994952329	0.9994929432507142	0.0002540465603479632
55715.120383619455	0.9997465854960075	0.0002541276425978796
55715.1408178155	1.000180394667241	0.00025412142101544495
55715.16125211131	1.0000164968439744	0.00025416515571114183
55715.202120502945	0.999889972414801	0.00025412967384222455
55715.242988894104	1.0000845534911278	0.00025408711819707865
55715.26342308969	1.000167896689253	0.0002541005840548673
55715.28385728503	1.0002614499675173	0.0002540462040096824
55715.304291480265	1.0000424470556037	0.00025410122352255687
55715.34515987061	1.0001048828736472	0.0002540785800539483
55715.386028360605	1.0001899860469357	0.00025410029433997757
55715.40646245537	1.0000224734514591	0.0002540391922891076
55715.42689675014	0.9996744523041898	0.00025405185696319234
55715.44733094479	0.9999637559787622	0.00025403973406954746
55715.48819933386	0.9999859376233422	0.00025407585972163767
55715.50863352827	1.0000685479091311	0.00025403347295640323
55715.52906762257	0.9998931214387906	0.0002540911157406086
55715.56993611083	1.0000574137752236	0.0002540181986409465
55715.59037020489	0.9996152062423307	0.00025402706261287575
55715.61080449884	0.9997969862038606	0.0002540461268920811
55715.63123859268	1.0002570274096614	0.000254066290337311
55715.65167288639	0.9999423238795642	0.000254009668130086
55715.67210708	1.0006202938765114	0.00025410492692911176
55715.6925412736	1.0000432549737481	0.000254109062005133
55715.71297546708	1.0003368081749557	0.0002540630846727705
55715.73340966045	0.9998868824313125	0.0002540566286361947
55715.7538438537	1.000105496585488	0.00025404920044647865
55715.774278046956	1.0001197627448621	0.00025411138147893943
55715.79471223998	1.0001946542278395	0.0002540613054904228
55715.815146433	1.0001609477164541	0.0002540837893764199
55715.856014818804	0.9998649074786421	0.0002540569447251413
55715.89688330414	0.9998034545292802	0.00025401274298748373