56134.05102231527	1.0002851464157656	0.00025503887266544985
56134.07145616742	0.9997536578361956	0.00025497673818715205
56134.091889919575	1.000505322799323	0.00025502383585783255
56134.1123238715	0.9997177755086034	0.00025498012623011276
56134.132757723186	1.0002548242362628	0.0002550208594037717
56134.153191474645	0.999825565842075	0.00025500443994416137
56134.173625426105	1.0001842356693538	0.00025494771050993067
56134.19405927709	0.9998901266942566	0.0002549601991173777
56134.214493028085	0.9998821379652195	0.00025497492319074324
56134.23492697885	0.9998468948535222	0.0002549749227421765
56134.27579467966	0.9997193990853824	0.00025497611613832576
56134.296228529725	1.0000088095949031	0.00025498096431211527
56134.31666237978	0.9997809486408046	0.00025495786911494477
56134.33709632938	1.0002153071754605	0.00025506553354543706
56134.357530078974	0.9997517013705818	0.00025493168568966826
56134.37796392833	1.000450487922498	0.00025503071442534164
56134.39839787746	1.0002042023605975	0.00025498600462231914
56134.41883162636	1.0002674116362575	0.0002550311830474612
56134.43926547502	1.0005537081001996	0.00025500697014237274
56134.459699423685	0.9998812552945283	0.0002549970121681032
56134.480133171885	1.00039763101282	0.00025500177355945356
56134.50056702008	0.9999160096612645	0.0002549908050404974
56134.521000968045	0.9999090417154328	0.0002549647650143757
56134.54143471578	0.999708793032515	0.0002549473197956312
56134.56186866327	0.9999943746370188	0.00025498231607222027
56134.582302510775	1.0002679111307404	0.00025498652625102546
56134.6027362578	1.0000922117526678	0.00025498797017287176
56134.62317020484	0.9997547223292135	0.0002549665133876519
56134.64360405164	0.9997478565178196	0.00025493391504454653
56134.664037898205	0.9996710177894216	0.0002549385539503697
56134.68447174454	1.0005650722469865	0.000255035790836475
56134.70490559065	0.9997123050191777	0.00025492815156228477
56134.72533943651	1.0001127721298377	0.00025494328894695516
56134.74577328238	1.0003783971120592	0.0002550043603550046
56134.76620712802	0.9997735722851241	0.0002549718130941846
56134.78664097342	1.0002848420697805	0.0002549879354829785
56134.80707481859	1.0001885579512573	0.0002549822341122014
56134.82750866353	0.9997586911159737	0.0002550131421267834
56134.847942608234	1.0003196712309383	0.00025495385622719487
56134.86837635271	1.0000078038270688	0.0002549838914875713
56134.88881019718	0.9995091896076906	0.00025496325138592085
56134.90924414142	1.0007243705327145	0.0002549970072741972
56134.929677885426	1.0000568726984724	0.00025494281500757166
56134.9501117292	1.0000586321970726	0.00025494321266226073
56134.97054567274	1.0004597613430941	0.00025502393337769593
56134.99097941605	0.9994188727700255	0.0002549209848913239
56135.01141325936	1.0003529367637713	0.00025497825377864295
56135.0318472022	0.999793027258237	0.0002549547913390489
56135.05228094504	1.0000666641112697	0.000254946425834689
56135.072714887654	1.0003836827527381	0.0002550442950632846
56135.093148730026	0.9998090238562729	0.00025493651856198837
56135.11358247217	0.9995613118573651	0.00025500079482072526
56135.134016414086	1.0002442695334384	0.0002549757757628955
56135.15445025599	1.0000900072591234	0.0002550081790393507
56135.17488409744	0.9996592748747101	0.0002549741008356994
56135.19531793889	1.0001624268462184	0.0002549697060592969
56135.215751780095	0.9998619423389355	0.0002549207912896338
56135.23618562108	0.9999999208872274	0.00025496315195502086
56135.25661946183	0.9999580944092531	0.0002549840105173858
56135.27705330257	1.0002507673303562	0.00025495783296416487
56135.29748714285	1.0000538891091517	0.0002549980040777555
56135.31792108313	0.9999950161549428	0.00025501199297687556
56135.33835482318	0.9997953820988998	0.0002549597251214965
56135.358788762765	0.9999860820462116	0.0002549964358657564
56135.37922260235	1.0007396219715399	0.0002550483199988978
56135.39965634193	1.0004084646165334	0.0002550239747131508
56135.42009028105	1.0002095962264081	0.00025502403549560615
56135.440524019934	1.0003819734453014	0.00025500191545776204
56135.46095785881	0.9997954768104247	0.0002549810968834339
56135.48139179747	1.0002758641221852	0.0002550067222590575
56135.50182563589	1.000075822137701	0.00025503877831795367
56135.52225937407	0.9996846967422484	0.0002549492482795254
56135.542693312025	1.0000832199267424	0.0002549941555162395
56135.56312704975	0.9997405290882355	0.0002549968753477689
56135.58356088746	0.9998276739350949	0.000255004540684337
56135.60399482495	1.0000268454046812	0.00025501879491988315
56135.624428561976	0.9997940379514836	0.00025500247276494335
56135.64486249899	0.9999101718263949	0.0002549692062747497
56135.665296335785	1.0000600922408152	0.00025495745707268487
56135.685730172336	0.9998103406396176	0.00025498412864467275
56135.706164008894	1.0005116151866091	0.0002550554372814733
56135.72659784499	1.0002349159983108	0.00025499291633565183
56135.74703168108	0.9996796564304523	0.0002549698573170173
56135.76746551693	0.9997351070381901	0.0002550051541242509
56135.78789935256	0.9999594393098749	0.00025499344576159573
56135.808333187946	1.0001660615935406	0.0002550003455193894
56135.82876712311	1.000351809605661	0.00025503898011091633
56135.849200858036	0.9997047861982711	0.00025494103957284176
56135.86963479296	0.9998752741662307	0.0002549782042930799
56135.89006862742	1.0003276394306546	0.0002549969905663885
56135.91050236188	0.9995831359210219	0.00025496206549813444
56135.93093629611	1.0000922030944395	0.00025499553000006466
56135.951370130104	0.9997677853212827	0.0002549400982993902
56135.97180386387	0.999784447667429	0.00025499436545005165
56135.99223779739	0.999887617606798	0.00025501225344190515
56136.012671630924	1.0001823800905434	0.00025499000088570836
56136.03310536399	0.9998121825541104	0.0002549763837870017
56136.07397312988	0.9998383620073761	0.00025496611426973953
56136.09440686248	1.0000624381181644	0.0002549928775555849
56136.11484079484	0.9999961654660091	0.00025499103977546855
56136.13527462698	0.9997611650774831	0.0002549745135957484
56136.15570855911	1.000021630270523	0.0002549758094826073
56136.17614229077	1.000180021707836	0.0002549906760561029
56136.19657612244	0.9999505844765362	0.00025497259837200864
56136.21700995388	0.9999333582934666	0.0002549686119522445
56136.237443785074	0.999810281874434	0.00025499075635719294
56136.257877616044	1.0001620514303682	0.0002550211738065418
56136.27831144678	0.9998976543002606	0.00025499131175239775
56136.29874527751	0.9998576657746828	0.0002549858146449601
56136.319179107784	0.9999845162604953	0.00025497172295949267
56136.339612938056	0.9999170189567137	0.00025493648678102986
56136.36004676809	0.9999077545386302	0.00025497267645088517
56136.380480597894	0.9998977245758465	0.00025495252162561355
56136.40091452747	1.0006170593466286	0.0002549489282034683
56136.4213482568	0.9998716423445535	0.00025497277718167146
56136.44178218591	1.0000933696846168	0.00025498588804114545
56136.46221601502	0.9995430151509266	0.00025489244977474766
56136.48264974365	0.9998267008815439	0.0002549074030710803
56136.503083672294	0.9999719752565672	0.0002549447256893319
56136.523517500704	0.9999955783892834	0.0002549463329014009
56136.54395122887	1.000054958129343	0.0002549550444002238
56136.56438515682	1.0004369907907216	0.0002549784799330158
56136.58481898476	1.000224907132382	0.0002549725949733712
56136.60525271223	0.9994343758635241	0.00025490572139562747
56136.62568663971	0.9999669149833226	0.00025496361676000047
56136.646120466954	0.9997478396399142	0.0002549616718253819
56136.666554293726	0.9997831301386974	0.0002549482998283783
56136.686988120506	1.0003037772191172	0.00025492524112146375
56136.707421947285	0.9996054188367394	0.00025494945747416014
56136.72785587359	0.9999916357492965	0.0002549035293610148
56136.74828959967	0.9998933638747007	0.0002549160940957636
56136.768723425754	0.9996701549752405	0.0002549315219644662
56136.78915735136	1.0000712231276794	0.000254958279899157
56136.80959107698	0.9998291818886208	0.00025495683002347717
56136.83002490236	0.9995997467619703	0.0002548698126117877
56136.8504587275	1.0000940069365452	0.00025496443355076353
56136.87089265265	0.9998524762562289	0.00025489212995569686
56136.891326377336	1.0003487264979585	0.0002549711235196686
56136.91176030178	1.0000607528602317	0.0002549686171905562
56136.93219402623	0.9996876508837903	0.0002549386380376378
56136.95262795045	1.0001659359863013	0.0002549426796711195
56136.97306177443	0.9999687050878869	0.00025490238101342865
56136.99349549818	0.9997440168102744	0.00025492579090489683
56137.01392942169	0.9993460096679525	0.00025487593319113635
56137.03436324498	1.0001486804245223	0.0002549339711391283
56137.05479696827	0.9999275648193287	0.000254932694798253
56137.07523089108	1.0000774312745015	0.00025494293221792755
56137.0956647139	1.000156000133558	0.00025491688292371466
56137.11609843649	0.9998046404744154	0.0002549257934030402
56137.13653235884	0.999734081794613	0.00025493682697962073
56137.15696618096	0.9995548672671394	0.0002548516727843804
56137.17739990285	0.9997325993298154	0.00025489679338794443
56137.1978338245	1.0001807204743096	0.0002549761846972581
56137.21826764616	0.9997860827133032	0.00025489925247412933
56137.259135288536	1.0001672684702754	0.00025494713363620914
56137.279569109494	0.999904252964823	0.0002549336903060055
56137.30000303022	0.9996371036891708	0.000254898097352841
56137.3408705712	0.9993989163817775	0.00025484917850825497
56137.36130449123	0.9991881111867119	0.0002548524597082148
56137.38173831125	0.9999058543081359	0.0002548541741028052
56137.40217203104	1.0000390823788838	0.00025492371526411123
56137.42260595037	0.999687877343937	0.0002549128747990246
56137.44303976969	1.0001070596231372	0.00025493338570208333
56137.46347348879	0.9995392584139162	0.00025490724978211656
56137.483907407885	0.9997676683600664	0.00025489423520215395
56137.50434122651	0.9996076952053933	0.0002548921882384236
56137.52477514514	0.999458490705168	0.00025481763973851516
56137.5452088633	0.9999589215192195	0.00025491523517497556
56137.56564258146	0.9993730034336822	0.00025485214935810067
56137.58607649939	0.9994404971869676	0.00025481681174751485
56137.60651031709	0.999707745018502	0.00025487895253215113
56137.62694403455	0.9997577333681836	0.0002548810241643187
56137.647377951784	0.9994545031254054	0.0002548487844467024
56137.66781176902	0.9995188325641465	0.0002548424300826698
56137.68824548578	1.0001470048327255	0.0002548937716275868
56137.708679402545	0.9998658221705249	0.00025489324043048933
56137.72911321908	0.9992496412543784	0.0002548291493582552
56137.749547035375	0.9995600648124591	0.00025486041852324507
56137.769980851444	0.9998495635653355	0.00025488052106310187
56137.79041466728	0.9997590505644822	0.00025487993883502617
56137.81084858288	0.999931116055634	0.0002548754625864905
56137.83128229848	1.0000099903736923	0.000254850449599608
56137.85171611362	0.9998082197401429	0.00025485706340373115
56137.87215002875	0.9999983516782842	0.0002548651266151341
56137.892583843655	0.999589376638304	0.0002548601604344477
56137.91301755833	0.9999238371610941	0.0002548707805238198
56137.93345147276	0.9997940779646963	0.00025488076266189834
56137.95388528697	0.9997873145273974	0.00025486004180556393
56137.97431900117	1.000023939582495	0.00025487046284738366
56137.99475291491	0.9997678165078283	0.0002548460776545966
56139.17991407064	0.9998589958329649	0.0002536165872576349
56139.20034777251	1.0002370849863094	0.00025388919401784935
56139.22078157414	1.0001781130837701	0.00025389174050559636
56139.241215475544	0.9999325585431951	0.0002540704126622768
56139.26164917694	1.0000772149458061	0.00025390732109381234
56139.28208297787	1.000489241631009	0.00025410275801781814
56139.3025168788	1.0001299310782008	0.0002541040745081697
56139.32295057927	0.999827320159805	0.0002541736905897043
56139.34338437974	1.0003409564061192	0.00025424453656489005
56139.36381827998	1.0002660107718024	0.00025438142632489024
56139.38425207997	1.0003441688203334	0.0002545177291107598
56139.404685879745	0.9999908298566553	0.00025447621219988376
56139.42511967951	1.0000126968657728	0.00025451417647016016
56139.445553478814	0.9995999540330749	0.00025445349102428853
56139.46598727789	1.0003610046764115	0.0002546880044064248
56139.48642107695	1.0003073915749536	0.00025457275288568343
56139.50685487579	1.0002350488568932	0.000254679440089834
56139.5272887744	1.000260998520607	0.0002546684418017611
56139.547722472766	1.000075512523673	0.0002547897809043365
56139.56815627091	1.0002398675577187	0.0002547125909530051
56139.588590068815	1.00014879531459	0.0002547077014832207
56139.609023866484	0.9999987784045632	0.00025472273584131077
56139.6498914616	0.9998246976371301	0.0002547736775850198
56139.67032525857	0.9999614939639317	0.00025469207837965833
56139.71119285229	1.0001602700786194	0.0002548439098371726
56139.7316266488	1.0005113592281905	0.00025488002129805227
56139.75206054508	0.9998143059843249	0.00025479204797189777
56139.772494241355	1.000235516125914	0.00025485075230003795
56139.79292803716	0.9998883031969648	0.0002548975247850633
56139.813361932975	1.000294917283554	0.00025486070825478114
56139.833795628554	1.0002141032146656	0.00025486306562076926
56139.85422952366	0.9998331569677048	0.00025489317028765113
56139.87466331878	0.9999911831340476	0.0002549053415196647
56139.89509711366	0.9996172798839156	0.00025487360803404783
56139.91553090853	1.0007734833970698	0.00025496542319392913
56139.93596470295	1.000721146365898	0.00025494478963860315
56139.95639849713	0.9994150025274628	0.000254861006445784
56139.97683229131	1.0000993945962657	0.0002549384911481074
56139.997266085025	0.9999966360941366	0.00025495173916657496
56140.01769987874	0.9997287313013871	0.00025487315131408173
56140.03813367222	1.000035725637497	0.0002549167595212108
56140.05856746547	0.9998002276202296	0.00025488055041589144
56140.07900125849	1.0003111538553477	0.0002549352585037688
56140.09943515127	1.0003343984885391	0.0002549663582122717
56140.119868844056	0.9999148208473971	0.00025496865940174247
56140.14030273637	1.0002561095542337	0.0002549854797661848
56140.16073652869	1.0003769311918456	0.0002549785693116937
56140.2016041124	0.9997335431412562	0.0002549324949448677
56140.222037904015	0.9998631426645223	0.0002548938720106589
56140.242471595404	1.000331148185543	0.00025494669171587445
56140.26290548679	1.0000116999367241	0.000254992958634293
56140.28333917771	0.9994294272176957	0.00025492040326715546
56140.32420685909	0.9993880875234297	0.0002549513799694776
56140.34464064954	1.0001368808702753	0.00025496829725607517
56140.365074439535	0.9995307249268652	0.0002549150276714338
56140.38550822952	0.9998449646527406	0.0002549469795283835
56140.40594191928	1.000035906477025	0.0002549669129014348
56140.426375808805	1.0001404479463138	0.00025496497827388653
56140.44680959833	1.0006452984703869	0.0002550103774955264
56140.467243387386	0.999685734285973	0.0002549203330295779
56140.48767717645	0.9998324806941876	0.0002549356733480713
56140.508110965035	1.0002342937268331	0.0002549759691640801
56140.52854475363	0.9999754237277454	0.00025495665754840427
56140.54897864199	0.9999251287120757	0.00025494433756375175
56140.56941233012	0.9998004265757746	0.00025495243107145855
56140.58984611801	1.0000218350440402	0.00025495915687116056
56140.610280005676	1.0004884602328266	0.0002549705063183973
56140.65114758053	0.9997303524559481	0.0002548913114003824
56140.6715813675	1.0001064436565532	0.0002549251462792071
56140.69201505446	0.9997386685221993	0.0002549011192147919
56140.732882727454	1.0001099865492875	0.0002549213531812346
56140.75331641371	1.000108990080743	0.00025494536915255463
56140.77375029998	0.9998343516190864	0.0002549110588449101
56140.79418408578	0.9997527732465066	0.0002549049752153971
56140.81461777135	1.0000115886270406	0.00025492295900670205
56140.83505165691	0.9998130924440276	0.00025494874070973575
56140.855485442014	0.9995603987863916	0.00025488992925189446
56140.87591932711	1.0003035729092569	0.00025496031932848736
56140.89635301198	0.9999513129347425	0.0002549087699653215
56140.91678679662	0.999983539298937	0.00025486142578856754
56140.937220681015	0.9998936425911497	0.0002549356484259583