56240.283885756886	1.0001262326890452	0.00025230554728952303
56240.30431879215	1.00034317592326	0.00025232246543717527
56240.32475172742	1.0003101488947663	0.00025232098163181153
56240.345184562575	0.9996561550133765	0.00025227858450403956
56240.36561759772	1.00039689398433	0.0002523137393846975
56240.38605053276	1.0004304192930167	0.00025236758696034554
56240.4064833678	1.0003012735538217	0.0002523039164066516
56240.42691640283	1.0001188062961217	0.00025231708623758235
56240.44734933775	1.0002636861813305	0.0002523109420349665
56240.46778227256	0.9999523251129655	0.000252269462238803
56240.488215207355	1.00017803977467	0.0002523005480726507
56240.50864804868	1.0002352200110256	0.0002523147654539311
56240.52908108337	1.0001430095071948	0.00025231624881726815
56240.54951401805	1.0000910409928054	0.0002523382590619193
56240.56994685262	0.9997547237738682	0.00025227655832412923
56240.59037988708	0.9996222719226541	0.0002522940483348892
56240.61081282153	0.9999997839364355	0.0002523099046583383
56240.63124575598	0.9996724877856548	0.00025231027568611
56240.65167869032	1.0003672741230265	0.00025231397935960973
56240.69254465888	0.9999039691370615	0.00025230755025563723
56240.7129774931	0.9999054739384761	0.00025229762795863037
56240.7334104272	0.9996915873929567	0.0002522824938096958
56240.75384346131	1.00011385267267	0.00025234388432696575
56240.7742763953	1.0000228969762313	0.0002523031067439384
56240.79470922928	0.9998339177596051	0.00025230048627478764
56240.81514226327	0.999674756750818	0.000252280862045552
56240.83557519715	1.000399663305766	0.00025234909835141384
56240.856008030896	0.999967379374847	0.00025231589321475506
56240.876441064655	0.9996822313656446	0.00025228385077307765
56240.89687399841	0.9999579133125189	0.0002522761338831597
56240.93773986569	1.0000889184682855	0.00025232705164155176
56240.95817279921	1.0001025028224126	0.00025230521766358825
56240.97860583273	1.0001368848043672	0.0002523516094171267
56240.99903866614	0.9998297375935566	0.0002523084117726354
56241.03990463283	0.9998833678651708	0.0002523113204006741
56241.06033746612	1.0003166107187105	0.0002523748313914474
56241.080770399414	0.9993906019438683	0.0002522541420819467
56241.10120343258	1.0001155608345056	0.0002523248195126975
56241.12163626564	0.9995077284704498	0.00025227060197662303
56241.16250213175	1.0002482783427025	0.0002523460215910308
56241.182935064695	1.0000079351010038	0.0002523152176141801
56241.22380093046	0.9999536221230405	0.0002523293726832524
56241.24423386328	0.9997300677061113	0.00025231827881556045
56241.26466689611	0.99995203014697	0.00025234145319296433
56241.28509982881	0.9996192768775077	0.00025226558158699866
56241.305532661405	1.0002652572990016	0.0002523832516962389
56241.32596569399	0.999703181047302	0.000252311715070179
56241.346398626585	1.0000691227602567	0.00025235714541349546
56241.36683145906	1.0000073886662897	0.00025238319156548273
56241.38726449153	1.000218327006972	0.000252371150844884
56241.44856328849	0.9997712286325998	0.0002522997734926999
56241.5098620851	1.0005874649160411	0.0002524171472924752
56241.57116088124	0.999912048667559	0.0002523405588513543
56241.59159381314	1.0003885949574214	0.0002523599252531552
56241.6324596768	1.0003228629639933	0.00025238623985310293
56241.6528927087	1.0001752854433694	0.00025238478888276497
56241.75505736676	1.0001368468157987	0.0002524101591732325
56241.795923229736	0.9997569005920289	0.0002523735158210579
56241.81635606104	0.9999535601465132	0.00025237428528455334
56241.836789092355	1.0002973055790862	0.00025239142716066137
56241.87765495497	0.9997046252836319	0.00025234803377039946
56241.89808788605	0.9995891732445252	0.00025239266853314745
56241.91852081725	0.9996923704150127	0.0002523729965747702
56241.93895384832	0.9997014028571746	0.0002523222838170624
56241.959386679286	0.9995211033632899	0.0002523604238977404
56241.979819610366	0.9999724456834058	0.0002523857497795196
56242.000252641206	0.9999829320033512	0.0002523743318457642
56242.02068547217	1.0000071999643505	0.00025236263832963146
56242.041118403016	1.00024701006485	0.0002523968195645806
56242.06155143374	0.9997901302266324	0.00025237602537108567
56242.08198426447	0.9995299996280738	0.00025235317653461595
56242.1024172952	0.9998570093198141	0.0002523651722753181
56242.12285022581	0.9998465990638464	0.0002523537546237655
56242.14328305642	1.0003159841102804	0.00025241437644670683
56242.163716086914	1.000412317877091	0.0002524213157898243
56242.18414901741	1.0001779971191056	0.00025240618981679954
56242.22501487829	0.9998109881279127	0.00025238213716244844
56242.245447808666	1.0002091616080333	0.00025243243566494696
56242.26588073893	0.9999940354029752	0.00025239356568536846
56242.28631366919	0.9999751072159783	0.00025239921737613374
56242.30674659934	0.9999524707542157	0.0002523813303861828
56242.3271795296	0.9998656880624502	0.00025234936130005576
56242.36804538966	0.9999701578939441	0.0002523612964597998
56242.38847841969	1.0000347713550122	0.00025237005047282896
56242.42934417963	1.0002760546468603	0.0002524061611086041
56242.44977720943	0.9997831961559338	0.00025235404632351115
56242.47021003935	0.9996485054333367	0.00025235324872738903
56242.49064296902	1.0001059165044945	0.00025237917718816334
56242.511075998824	1.00028865076825	0.0002524318266958431
56242.5315088285	0.9996458006212404	0.00025232317303784327
56242.55194175818	1.000463835519901	0.00025243371981059366
56242.57237478775	1.0000743641530203	0.0002523884509411582
56242.5928076172	1.0001660914526256	0.00025239238945031026
56242.61324064676	0.9996515349071131	0.0002523714712651367
56242.654106405535	1.0001154306848625	0.0002523856428988431
56242.674539434985	1.0001902702192715	0.0002523739609453802
56242.6949723642	0.9998334244556846	0.0002523571573486104
56242.715405193536	0.9997389779117802	0.0002523774334507501
56242.73583822275	0.9996977530626859	0.00025236647329262576
56242.75627115185	0.9997363606627954	0.0002523766664759199
56242.77670408106	1.0001974329404328	0.0002523923823173929
56242.79713701004	0.9999055364039678	0.0002523846947792425
56242.81756993914	0.9997599240230514	0.0002523632659188268
56242.85843579699	1.0002650178816332	0.0002523772080225631
56242.87886872597	1.0003286337781023	0.00025240954205559907
56242.899301754835	1.0000428521647027	0.00025237724357728673
56242.919734683586	1.0002044922576352	0.0002523853774598535
56242.94016751234	1.0002868014320225	0.0002524123443915248
56242.96060054108	1.0000852126224307	0.00025238774363694875
56242.98103346972	1.0004290693590274	0.00025239905492559553
56243.00146629835	0.9997097989659599	0.0002523724396707515
56243.021899326865	1.0000626767059233	0.0002523850540356034
56243.0627651839	1.0000644755041423	0.0002523758442858309
56243.083198112414	0.9994391703906609	0.00025233405458236445
56243.103630940815	1.0000716874645934	0.000252378346479797
56243.1240639691	1.0000307670775164	0.00025237890356831304
56243.14449689738	1.000335686570122	0.0002524149066439244
56243.164929725666	1.0000023990005347	0.00025236452752750864
56243.205795682115	0.9999125413201188	0.00025237015737129587
56243.22622851017	0.9996873511592274	0.00025232970607295334
56243.24666153822	1.0000614797279772	0.00025236697730235565
56243.26709446627	0.9996968214876206	0.00025235620888549
56243.28752739432	0.999965960733099	0.000252368042131057
56243.30796032226	0.9998973288732893	0.00025235534942189485
56243.34882627801	1.0001832321034272	0.00025237382431568506
56243.38969203364	0.9999689439079751	0.0002523688258116137
56243.410125061346	0.9997085250762795	0.00025234758383411846
56243.43055788905	1.0000023722216762	0.0002524034179269557
56243.450990816746	0.9994035810305829	0.00025234263575280426
56243.471423844334	0.9997451876646899	0.0002523682810075015
56243.4918567718	0.9994139579005652	0.00025233052151174475
56243.512289599385	0.999550847425388	0.0002523731256019468
56243.53272262686	0.9997247216307225	0.00025236127538087565
56243.55315555433	1.0003212112529105	0.0002524144837969975
56243.573588481675	0.999684534679106	0.0002523660952301295
56243.59402140903	0.9999048155093473	0.0002523420322706503
56243.61445433626	0.9995901748183059	0.0002523423901380977
56243.634887363616	0.999992772480653	0.0002524134094476595
56243.655320190854	0.9996809385981085	0.00025238684092102184
56243.675753117976	0.9993236009721248	0.00025236925796858335
56243.69618614509	0.9987522246523675	0.00025231104727062564
56243.71661897221	0.9990362022232713	0.00025234700170444956
56243.73705189921	0.9996017231003861	0.00025236175276142046
56243.757484826216	0.9995892740410943	0.0002523588284983576
56243.77791775322	0.9996970498053657	0.00025236738551300946
56243.798350780104	0.9994018553107618	0.0002523454629586117
56243.81878360699	0.9996148718882426	0.0002523559444744158
56243.83921653388	0.9996756409106732	0.0002523613644815612
56243.85964956065	0.9994034495599637	0.0002523575133635601
56243.88008238742	0.9990935221989586	0.00025232030108960474
56243.900515314075	0.9999637910369907	0.0002523914564182193
56243.920948340725	0.9996147747974351	0.00025236004249435556
56243.94138116738	0.9998455332031191	0.00025236145360796645
56243.96181409392	0.9996648519122003	0.00025236933956612956
56243.98224712057	0.9998017463210012	0.0002523781426729531
56244.00268004699	1.0003360989537653	0.0002524126595772098
56244.02311297353	0.9999183767555869	0.00025239075263281714
56244.04354589995	0.9994832148980183	0.00025234435478824007
56244.063978826256	1.0000506437693117	0.00025240630452764566
56244.08441175268	1.000284611041429	0.00025243758425362996
56244.10484467898	0.9999307354987585	0.00025239284034410446
56244.12527760517	0.9998587040802801	0.0002524137464772305
56244.14571063136	0.9999973542249107	0.0002524016522671501
56244.16614345754	1.0002421972183186	0.00025240586536829274
56244.186576383734	1.0000960470877498	0.0002524087404659636
56244.2070094098	1.0003665491514337	0.00025242625907561907
56244.227442235875	0.9998908965591459	0.00025239365822202203
56244.24787526195	0.9998448257105106	0.0002524248531886938
56244.26830818791	1.0004325532774323	0.0002524429232209267
56244.28874101386	0.9999205682540555	0.0002524066842117294
56244.32960696553	0.9997348642330868	0.0002523779513071242
56244.350039791374	0.999566114095679	0.00025238106738303544
56244.39090574294	1.0000468843156654	0.0002523941152717517
56244.41133856866	0.9996798817600219	0.0002524051345701245
56244.45220451987	1.00022956079352	0.0002524358631898402
56244.47263744548	1.0000355040807498	0.0002524264259023978
56244.51350329646	1.000079428630491	0.0002524345632198657
56244.533936221946	0.9994317858896618	0.00025238815159049903
56244.55436914744	1.0001179917876544	0.00025240814177105873
56244.574802072806	0.9996188388016862	0.00025239264590336686
56244.595234998065	0.9998263511090918	0.0002524156380546966
56244.61566792344	1.0001492273204449	0.00025245347920045496
56244.6361008487	0.999476929175607	0.0002523720026877805
56244.65653387395	1.0000450664109521	0.0002524277649044728
56244.676966699095	1.0001759544829176	0.00025242769957434664
56244.69739962423	0.9995950658422504	0.000252410094206403
56244.717832649374	0.9999806364846893	0.00025241653385291163
56244.738265474516	1.0000553969155093	0.00025243745665991355
56244.758698499536	0.9999780097793649	0.0002524304707274115
56244.77913142456	0.9998956615110509	0.0002524117630538103
56244.79956424947	1.0004818416668688	0.00025246726006037724
56244.819997274375	1.000058865172938	0.0002524597881801539
56244.840430199285	1.0001442509867198	0.0002524368610224976
56244.860863024194	0.9997375119946735	0.0002524190957175717
56244.88129604898	0.9998367298545209	0.0002524125561287885
56244.901728973775	1.0003820177181402	0.00025246308205379233
56244.92216179845	0.9998868271151082	0.00025239697639585653
56244.94259482312	1.0002452883291546	0.00025242901015597885
56244.9630277478	0.9996188981530366	0.00025243754023742613
56244.98346077248	1.000383087438079	0.00025247151354524885
56245.00389359703	0.9998064113102716	0.000252407643205119
56245.02432652159	1.000506203863075	0.00025249105465869004
56245.04475944615	1.000389479775987	0.0002524675316748168
56245.06519237059	1.000540067097818	0.0002524695020335483
56245.08562529503	1.0000986510180296	0.0002524480037854486
56245.10605821948	1.0001997255583868	0.0002524583884926384
56245.1264911438	0.9996129775401859	0.0002524037696173256
56245.146924068125	0.9996383293488614	0.0002524098495892423
56245.167357092454	0.9999107964549596	0.00025245088955941217
56245.18778991666	1.000333707828775	0.00025245551632002944
56245.20822294087	0.9998871311211898	0.0002524184778562426
56245.26952171338	0.9999688026948053	0.00025244741305792775
56245.310387461446	0.9997387675563185	0.0002524030345257119
56245.330820485426	1.0000817477656028	0.00025242935628641344
56245.351253409404	1.000028171255485	0.0002524471736537687
56245.371686233375	1.0005301656327972	0.00025249803665790483
56245.39211925724	0.999821290774655	0.00025243739969899476
56245.432985204956	0.9999351447371172	0.0002524161747698593
56245.45341802882	1.000301680231611	0.0002524620916878334
56245.47385095256	0.9997816380313989	0.0002524113976783904
56245.494283976186	0.9998969493290651	0.0002524328938493613
56245.51471679993	1.000292552016164	0.00025245194949442986
56245.53514972356	0.9995450901633368	0.00025241004574974037
56245.57601557081	1.0003480736484642	0.00025245731326353023
56245.596448494325	1.0000289422230595	0.00025244641560946424
56245.61688151783	0.9998631116943936	0.0002524492143428259
56245.657747364734	0.9999470019476658	0.0002524563605180352
56245.67818028813	1.0009990584126984	0.00025253531865989217
56245.69861321153	0.9996101805313307	0.0002524187495132178
56245.719046134924	0.9994133801692807	0.00025243852235650707
56245.7394790582	1.0004589726275366	0.0002524928593401902
56245.75991198148	0.9999337212031695	0.0002524752567813191
56245.78034490475	0.9999758682208695	0.0002524336994641231
56245.80077782791	1.0000362070863908	0.0002521998020900388