56112.82001837999	0.9997956471741919	0.0004008410148726754
56112.840452442746	0.9999659012840392	0.00040085816495834964
56112.860886705035	0.9996359420567934	0.0004008165754767367
56112.88132086755	0.9996505173388438	0.00040083463969848904
56112.901755029605	0.9997111559385782	0.00040083606594772765
56112.92218919165	0.9991794024043149	0.0004007915361509684
56112.942623353476	0.9993332125291285	0.00040081035981402713
56112.9630575153	1.0002257271724253	0.00040088537375197937
56112.98349167689	0.999386920074596	0.000400792185031017
56113.00392583824	0.9999268604204047	0.0004008570459281337
56113.024359999596	0.9997184957681888	0.0004008544362497694
56113.04479416071	0.9996933156159283	0.0004008511858658353
56113.065228321604	1.0006887672328348	0.00040093991478243985
56113.085662582496	0.9990440459335698	0.0004007980968713022
56113.106096643154	1.0000124253631557	0.000400868157479778
56113.12653080357	1.0001246238157373	0.0004008821184342534
56113.146965064	1.0007468411268723	0.00040096646850490967
56113.167399124184	1.000370676418835	0.00040092537012845496
56113.18783328438	1.0002729142444455	0.0004009101103287077
56113.20826754434	1.0000163132051036	0.00040088718721876816
56113.228701604065	1.0002538361254172	0.00040089764955671944
56113.249135763785	0.9996251280560458	0.0004008406338558199
56113.26957002328	1.0004958543709916	0.0004009260872891819
56113.29000408253	1.0005136327691326	0.00040093787297283977
56113.310438341796	1.0002829931394481	0.00040091425504128523
56113.330872500825	1.000842691858446	0.0004009767867638421
56113.35130655962	0.999486996923756	0.00040084088844226015
56113.37174081841	1.0000636936522096	0.00040089704514821074
56113.39217497697	1.000923888163703	0.00040098765926730373
56113.41260913553	1.0004293865740739	0.000400915073681457
56113.43304329386	1.0000495005159227	0.00040089415238846334
56113.453477451956	1.0000198103419178	0.00040089108808602817
56113.47391160981	0.9995948987324444	0.0004008430462587944
56113.49434576768	1.000025437721421	0.0004008783324684098
56113.51477992554	1.0003977196086546	0.00040091695765843695
56113.535214182935	0.9999407301014172	0.0004008697151582863
56113.555648340334	1.0000494847001353	0.0004008749619748785
56113.5760823975	0.9997839048494471	0.0004008437827660412
56113.59651665466	0.9997748916117297	0.0004008811859380948
56113.61695081159	1.0000271660613362	0.00040086073604367144
56113.637384868525	1.0000469131014627	0.00040086959524718974
56113.65781912499	0.9997625151109242	0.0004008253985886284
56113.678253281454	1.0004093033002637	0.00040089307881292373
56113.69868743792	0.9991012733599559	0.0004007682639685739
56113.71912159415	0.999982982500903	0.00040085349571622697
56113.75998990592	1.0001181952088145	0.00040084750451260023
56113.78042406168	0.999617139679259	0.0004008040384956988
56113.80085811722	0.9997918459652577	0.00040082593325105575
56113.821292372755	0.9998626590500994	0.00040081659428091383
56113.84172652805	1.0005024315949986	0.000400887088435551
56113.86216058312	0.9998144950292842	0.00040081295819666926
56113.88259483819	0.9992735058350077	0.0004007293939346607
56113.90302899302	1.0006870431669939	0.00040087976755668757
56113.92346324763	0.9998225597155874	0.00040080177047493526
56113.94389730223	0.9998935404969922	0.00040080364498874127
56113.9643314566	1.000213194749247	0.00040083641574022253
56113.98476571074	0.9995667430388475	0.0004007559814818397
56114.00519976488	0.9999705079120839	0.0004007935482975249
56114.025633918776	0.9997061675979259	0.00040078026827637073
56114.04606817245	1.0003850138669215	0.0004008422216079534
56114.066502326124	0.9998927174861495	0.000400787127822078
56114.08693637956	1.0003405785812338	0.0004008170014384326
56114.107370633	0.9995960663947812	0.000400755157634145
56114.148238939175	0.9997632961447476	0.00040077179136863985
56114.16867309192	1.0004191015994466	0.00040084681231623083
56114.18910724466	0.9994637513086166	0.00040072990347117136
56114.20954139716	0.9997981653902448	0.000400759789018263
56114.22997554967	1.0000221429969514	0.00040079835825174593
56114.25040970171	0.9996367382326382	0.00040074357897105253
56114.270843953986	0.999456256351876	0.00040072608208235725
56114.291278005796	1.0003574011223495	0.0004008101071674491
56114.33214630918	1.000463000452076	0.0004008425942882142
56114.352580460756	0.9996079321366653	0.0004007574111384035
56114.373014712095	1.000639737098701	0.00040086170342637875
56114.39344876321	1.000513191489664	0.00040083730090098737
56114.41388291432	0.9998136153441509	0.0004007767215756289
56114.43431716519	1.0001243352588116	0.00040081343387418324
56114.45475121584	1.0006431583356117	0.0004008520641827224
56114.475185366486	0.9995003651700521	0.0004007632829472528
56114.49561961689	1.0003529446986235	0.00040084572876220666
56114.516053667074	1.0001706670287984	0.0004008145163671697
56114.536487817255	0.9998322617382789	0.0004008036285123728
56114.5569220672	0.9996956789289664	0.0004007948110841888
56114.57735611691	1.000210037739795	0.0004008356193528481
56114.6182245161	0.9997633499880497	0.000400787712256274
56114.638658665586	0.9998239721888461	0.00040080789714453465
56114.6590928146	0.9996665513579643	0.0004007901023997559
56114.67952696361	0.9998952524782664	0.0004008032859902612
56114.69996111263	1.0002417989160495	0.00040087100671480554
56114.720395361415	1.001272688921477	0.000400957051426549
56114.74082940996	0.9999963347821851	0.0004008243143500358
56114.76126355828	0.9998192511285489	0.0004008050179040247
56114.7816978066	0.99965739156514	0.00040076690768207175
56114.802131854674	1.0015135734517022	0.00040097604088816416
56114.82256610253	1.000586483154537	0.00040088260246177044
56114.843000250374	1.0000584027027797	0.0004008238832013089
56114.86343429799	1.0002247589043434	0.0004008436039620395
56114.883868545614	1.000436163793654	0.00040085821069852815
56114.904302693	1.000050748580211	0.00040081500897171373
56114.92473674015	1.00039947248517	0.00040084879280474143
56114.94517098707	0.9993421740738418	0.00040074100883789654
56114.965605133984	0.9993935531223468	0.00040075508915999556
56114.98603918067	1.0008382031604912	0.0004008969055371252
56115.00647342736	1.0000161457061842	0.0004008123964834437
56115.02690757382	1.0000127371505088	0.00040080594330921867
56115.067775866024	1.0001603036874878	0.0004008310467858925
56115.08821001201	1.0000918980023747	0.0004008082846248095
56115.108644157765	0.9999477705292389	0.00040079853673513714
56115.12907830352	0.9989636995644129	0.00040069681486025715
56115.14951244905	0.998631052545653	0.00040066676279497095
56115.16994659433	0.9982340108028654	0.0004006374704622047
56115.19038073939	0.9974846639639602	0.00040052306797841404
56115.21081488444	0.9978307448715543	0.00040057004113068593
56115.2312490295	0.9975263513529867	0.00040054512823040615
56115.251683174094	0.9985688300343467	0.000400643592718074
56115.27211741868	0.9971898901619327	0.0004004989130006292
56115.29255156304	0.9973617624701305	0.0004005151063428718
56115.3129856074	0.9971276773609234	0.00040048619242675094
56115.33341985129	0.9976062849590257	0.0004005243647990945
56115.35385399542	0.9974989192168797	0.0004005081654307104
56115.394722282734	0.9978342712244833	0.0004005444860109997
56115.41515642616	0.9977654474932732	0.0004005309613381051
56115.43559066959	0.9974762171545782	0.00040050637094223777
56115.45602471278	0.9980690696477666	0.00040055729858252774
56115.476458855745	0.9987005437199851	0.0004006203576482577
56115.496893098476	0.9986874544187436	0.00040060864183380425
56115.5173271412	0.9996612158092318	0.0004007137473660274
56115.5377612837	1.0004160809410478	0.00040078003115359185
56115.558195526195	1.0003200761644224	0.0004007568040815264
56115.57862956845	0.9998980507013785	0.0004007269718187803
56115.599063710484	1.0001612282090833	0.00040075013901448586
56115.619497952284	1.0004299098396938	0.0004007757820328997
56115.639931994076	0.9993019917729662	0.0004006563695198482
56115.66036623564	1.0004409015760052	0.0004007709085935218
56115.68080037721	1.0000025909265755	0.00040074660183186934
56115.701234418535	0.9999418229352612	0.00040072722757151407
56115.72166865964	1.000225642782105	0.00040073140636731993
56115.742102700504	0.9997930811390757	0.00040070320947059124
56115.762536841365	0.9993337660089763	0.00040065251657534395
56115.782971082	0.9993820134416808	0.0004006427351007363
56115.8034052224	1.0000451935082841	0.00040072005931715115
56115.8238392628	1.0005847598896347	0.00040075965519509115
56115.84427350297	0.9999079092196468	0.00040072213336877463
56115.86470764314	0.9998972580787165	0.0004006965117662043
56115.885141782834	0.9996970869785439	0.0004007093431351952
56115.90557592277	0.9995763080821624	0.0004006879648164658
56115.946444301706	0.9997688610217521	0.00040069333529413136
56115.96687834094	0.9997745188302826	0.0004007096795000663
56115.98731247995	0.9997447484647338	0.0004006747624334044
56116.00774671895	0.9995960349630761	0.00040065905867108284
56116.04861489626	0.9997424337203819	0.000400689999105358
56116.06904913479	1.0003684821602215	0.00040074431389188424
56116.0894831731	0.9996451281611207	0.0004006740067143277
56116.10991741117	0.9995262540445691	0.0004006520729719567
56116.13035154924	0.9996205675495383	0.00040066492122055834
56116.15078558708	0.999128639915513	0.0004006148909020892
56116.17121982468	0.999755886627592	0.00040066082633425124
56116.19165396229	0.9994016824646968	0.00040064262271867024
56116.212087999666	1.0003990832684353	0.00040072904569391497
56116.23252223681	1.0002172111437344	0.0004007084203760404
56116.25295637371	0.9996775084653305	0.00040066090190700107
56116.27339051062	0.9995690605650591	0.00040065252398482605
56116.29382464729	1.0006971783760699	0.0004007561150007394
56116.31425878397	0.9996720924680672	0.00040065664276528863
56116.33469302041	0.9996825558372359	0.00040067055247136336
56116.355127056624	0.9998608480700429	0.00040066378890526045
56116.395995328574	1.0003981609745494	0.0004007233303666641
56116.41642946431	1.0001429322940738	0.0004006896535402644
56116.43686360006	0.9999007593410314	0.0004006912214641947
56116.45729773557	1.0015157204085006	0.00040083582597043256
56116.47773187085	1.0010724045260881	0.0004008115963608101
56116.49816600589	1.0003413903840144	0.0004007271592897004
56116.51860024094	0.9999892316223437	0.00040066757553930535
56116.539034275746	0.9999678359415265	0.0004006868568115874
56116.55946851033	1.0001477215144212	0.00040069087105333313
56116.57990264491	1.0005794972794848	0.00040072974247958357
56116.60033667926	0.9999084219242237	0.0004006812020742427
56116.62077091337	0.9995911922580875	0.0004006125750622348
56116.64120504748	1.000474111800994	0.0004007232127657515
56116.66163908136	1.0002796077364935	0.0004006985260991425
56116.68207331501	0.9997066166536145	0.000400639016418287
56116.70250744866	1.0006870433709374	0.00040073558114738205
56116.722941482076	0.9996758654432744	0.00040064500451360106
56116.743375715254	0.9998784350209918	0.000400646156924969
56116.78424408115	1.0009285605779663	0.0004007333910670984
56116.8046781141	1.0002173960184808	0.00040066522813427316
56116.82511224659	0.9998508210528906	0.000400634551702893
56116.84554647907	0.9998646993666938	0.00040064583009373
56116.86598051132	1.0005609938847198	0.0004007092720154793
56116.88641464334	1.000331682044306	0.0004006752939465493
56116.906848875355	0.9998711672450081	0.00040063156442034155
56116.92728300714	0.9999425075860435	0.0004006309661447788
56116.947717038696	0.9987791416153872	0.00040052046682017954
56116.968151270245	0.9999778390262112	0.0004006422139211099
56116.98858540157	1.0003422879865032	0.00040065930167620673
56117.009019532656	0.9998245416329055	0.00040061694264145167
56117.02945366374	0.9999974385396851	0.0004006218473289642
56117.07032192522	0.9995695030677745	0.00040058524969591196
56117.09075605583	0.999764428305372	0.00040061059973224604
56117.11119008622	0.9999855765160779	0.00040060011718404446
56117.13162431638	0.9995374170622897	0.00040057887533409174
56117.1520584463	0.9995860368784335	0.00040056602913840923
56117.172492476224	1.000170639506658	0.00040062784907777047
56117.19292670592	0.9999310921745289	0.00040061051930317227
56117.2133608356	0.9994532595993598	0.0004005553725306685
56117.23379506483	0.9996501307782556	0.00040060551727566203
56117.25422909405	1.0004430579277908	0.00040070679836066547
56117.295097452035	0.9995240537850861	0.0004006461756551768
56117.315531480795	0.9999090715510688	0.0004006457865387926
56117.33596560955	0.9994052335451133	0.000400597316855213
56117.356399837845	0.9995442450477822	0.000400616274223744
56117.37683386613	1.0005714978471862	0.00040073054827254235
56117.397267994194	1.0012293692638792	0.00040075743402710734
56117.41770222226	0.9995161775156237	0.00040061820039604003
56117.43813635008	1.0006751776418152	0.00040071924995139694
56117.45857047768	0.9994911436029293	0.00040060333325453044
56117.47900460504	1.0002717955855955	0.00040066894872073914
56117.4994387324	0.9994535639474407	0.0004005826774258589
56117.51987285953	0.9994727295634592	0.0004005671701383503
56117.540306986426	0.9995624159902671	0.0004005765582385465
56117.56074111332	1.0000182726470017	0.0004006095419032847
56117.62204349284	1.00129069198177	0.00040075500042530853
56117.64247771904	0.9994933162739159	0.0004005829214213167
56117.683345970734	1.0004634171038596	0.00040064612571570716
56117.74464834746	0.9997811556164838	0.00040059547109942294
56117.7650823725	1.0001244052096705	0.00040062469764443596
56117.78551649753	1.0000917307377974	0.00040061828282185664