55289.15948104799	0.9998886962240318	0.0004237972218297604
55289.17991523752	1.000327312599531	0.00042383244111843574
55289.20034942716	0.9996227168238767	0.0004237584563532515
55289.22078361692	0.9995604401046737	0.000423748304354098
55289.241217906856	1.0004915554698404	0.00042384150548248746
55289.28208618719	1.0005357394531473	0.0004238558217144525
55289.30252047759	1.0000860881017355	0.0004237889277529316
55289.32295456811	0.9996909266664215	0.00042377198089422563
55289.34338875874	1.000038963692466	0.0004238124396253455
55289.36382304955	0.9999796078454773	0.00042380717944412867
55289.384257140526	0.9993437724190416	0.00042372754486901454
55289.40469133163	1.000514030850556	0.0004238617306024307
55289.425125622845	0.9998793057460682	0.00042377927046838683
55289.44555971424	0.9995058458948021	0.00042372807993589737
55289.4659939058	1.0002071854220733	0.0004237936280650951
55289.48642819748	1.0003091962322097	0.0004238371669783072
55289.50686238927	0.9997657192676744	0.00042377826578442196
55289.547730773396	0.9998093528110094	0.0004237706685053703
55289.568164965596	0.9999714729254682	0.0004237941197009697
55289.588599058035	0.9996267849475609	0.0004237513696971265
55289.60903335059	0.9994089109110744	0.00042373496514936363
55289.62946754326	1.000058080210563	0.0004238005748685211
55289.649901636105	1.0010033856713103	0.00042389100291904437
55289.67033592907	1.0006686664589706	0.00042386621250377446
55289.6907701222	0.9993864735009884	0.00042372798628805436
55289.711204215455	0.9997436020872269	0.0004237685719380561
55289.731638508885	1.000449366363576	0.00042384106956462527
55289.752072702424	0.9991342242856639	0.00042370533232109894
55289.772506796144	1.0004527122938707	0.00042384359305970847
55289.79294098998	1.0003811531407676	0.0004240200987917105
55289.81337528396	0.9998115136601458	0.00042378608781859327
55289.833809378084	1.0003452706908726	0.00042383129521827566
55289.85424357236	0.999867795868683	0.00042377265885437887
55289.87467786677	0.9998881194334329	0.00042376921730550107
55289.915546156015	1.0004818426136268	0.0004238280205492661
55289.935980450864	1.0002303844104194	0.00042382725879640574
55289.956414545864	0.9994921218474333	0.00042375002701682544
55289.97684874101	0.9999909752392815	0.00042377993265413176
55289.99728303627	1.0000175013825945	0.00042378914759999006
55290.03815132723	1.000094947235359	0.00042380403203816103
55290.05858562295	1.00045280122039	0.0004238451885215887
55290.079019718796	1.0000425432738673	0.0004238013059601069
55290.09945391479	1.0005421036726094	0.0004238556877901534
55290.11988821089	0.9996255032229378	0.0004237683851127434
55290.14032230717	0.9997091730330658	0.00042378400747823393
55290.160756503596	1.0002021499491862	0.00042381870965439613
55290.18119080013	1.0005222695634508	0.000423855417559047
55290.20162499685	0.9999646854412416	0.0004237976953600948
55290.222059093685	1.0001147883240773	0.00042380497653365083
55290.24249339066	0.9997855640835361	0.0004237760438823805
55290.262927587784	1.0002396840134045	0.00042382865848752276
55290.283361685055	0.9998571800172833	0.00042377505532569264
55290.303795982465	0.9996861624117838	0.00042376649102019847
55290.32423018	0.9995799257662185	0.0004237643446447469
55290.344664277705	0.999020043627612	0.00042369704866012287
55290.36509857552	0.9994068755270353	0.00042373514862357174
55290.38553277349	0.9997146470587291	0.000423760809658524
55290.40596687161	1.0003024561595408	0.000423837832231636
55290.44683536827	1.0000985666150923	0.00042381630306709007
55290.46726946679	1.000189039684743	0.00042381465247219314
55290.48770366548	1.000341172466266	0.0004238278774095507
55290.508137964294	0.999490223408238	0.0004237423451853219
55290.54900626239	1.0003600024309505	0.0004238364261811532
55290.5694405616	1.0000012991802	0.00042379385518449266
55290.589874761	0.9997932941779107	0.00042377384810831633
55290.61030886053	0.9998498541305361	0.0004237753617934253
55290.63074316019	1.0006416700121294	0.0004238763518189579
55290.65117725999	1.0017795589023644	0.00042395446393168326
55290.67161145994	0.9999796836978584	0.0004237862993854498
55290.69204576003	0.9991356276387279	0.0004237146987451227
55290.71247986024	1.0000617997066585	0.0004237970089772972
55290.732914060616	1.0000208432924014	0.0004237809445642253
55290.75334836112	1.0000018213885373	0.00042379185640259974
55290.773782461765	1.0005284863058859	0.0004238194480805769
55290.79421666256	1.0005796437485917	0.0004238087600257055
55290.81465096349	1.0001604881058639	0.0004237957253759905
55290.835085064544	0.9987366667344348	0.0004236585625720919
55290.85551926574	0.9998755472111401	0.0004237387347562289
55290.87595356708	0.9989143904345824	0.0004236524651447978
55290.896387768575	0.999728159412764	0.00042372727468787275
55290.91682187021	1.0001557536969359	0.00042378830794959695
55290.93725617196	1.000842161203177	0.000423826215515806
55290.957690373856	0.9997906928862648	0.00042372250035404457
55290.97812447589	0.9998587252111136	0.0004237256514172678
55290.99855877808	1.0005512886691739	0.000423809176263233
55291.01899298042	0.9998140034385672	0.0004237208243979472
55291.03942708286	1.0008698405203273	0.00042383985022054503
55291.05986128546	0.9995448661075237	0.00042371479616325214
55291.100729691054	0.9998276791619218	0.0004237259710458321
55291.12116389409	1.0000116913143053	0.0004237371135198318
55291.14159819724	1.000096916361554	0.00042375871804391474
55291.162032300526	1.0005584911592227	0.0004237769391191322
55291.18246650397	0.9995527571478158	0.0004236842356988821
55291.202900807526	1.0000691569387372	0.0004237578462995825
55291.22333501122	1.0001594829600506	0.0004237432015497548
55291.24376911507	0.9997412120555412	0.0004237047481153855
55291.264203419065	0.9996809272390716	0.00042370201691491806
55291.28463762317	0.9996783775555323	0.00042368700948619846
55291.30507172742	0.9998465977384106	0.0004237273457236594
55291.325506031826	1.0003049471369092	0.00042374387812788684
55291.345940236366	1.0004722318590598	0.00042376336883121347
55291.36637434103	0.9997345413887341	0.0004236873732255005
55291.38680864587	1.000037037233302	0.0004237248034847453
55291.407242850786	1.0003831060774546	0.0004237529754537162
55291.427676955886	1.00065949467194	0.0004237804117310768
55291.4481112611	0.9998379182808008	0.00042371297689416915
55291.46854536646	0.9989943633836791	0.00042361993505210126
55291.488979571965	0.9985211974208847	0.00042357937301945223
55291.50941387762	0.9986451828829367	0.0004235741150127789
55291.52984798338	0.9987621227097113	0.00042359942677783614
55291.550282189266	0.9971586669353453	0.00042344053401847703
55291.57071649533	0.9973019290676933	0.00042346037185031477
55291.5911507015	0.9980829756859935	0.00042351942159117096
55291.61158480782	0.997645638366771	0.0004234820356730355
55291.63201911429	0.9979123834565629	0.00042350785564302014
55291.652453320894	0.9972658124111659	0.0004234474692043215
55291.672887427594	0.9974850908136442	0.0004234767252577228
55291.69332163447	0.9974829086251339	0.00042346045382092947
55291.713755941484	0.9978448777166942	0.000423496823364367
55291.754624255904	0.9979279354767244	0.0004235068812744994
55291.7750585633	0.9980751223555244	0.00042351139207866235
55291.79549267084	0.9986575597851427	0.00042358239885256603
55291.81592687853	0.9975476825885375	0.0004234470444645894
55291.83636118636	0.9984015566216764	0.00042354646133632967
55291.85679529431	0.9978042515964958	0.0004235130221937484
55291.87722950241	0.9999388217878434	0.0004237045825887273
55291.89766381065	0.9996044497532731	0.0004236731313834151
55291.91809801901	0.9993109651353493	0.00042365346026139103
55291.93853212748	0.9994060447218087	0.00042365260151797736
55291.95896643613	1.0003154105399963	0.0004237443130677229
55291.979400644894	1.0003354570143288	0.00042372972880767764
55291.999834753806	0.9996828786436052	0.0004236756424356637
55292.02026906283	0.999167893020448	0.00042362624978503274
55292.04070327203	0.9999658039976259	0.0004236944486858302
55292.06113738132	1.0000189101815142	0.00042369557636255656
55292.08157169078	1.0002429101603962	0.00042372559076344696
55292.102005900364	1.00031645560173	0.00042372158526244957
55292.12244001006	1.0005961676589141	0.0004237603103768043
55292.14287431993	0.9999224764333955	0.0004236686917021995
55292.16330852992	1.0001774418781462	0.00042370830942058834
55292.18374264005	0.9999187213476938	0.00042367501858099616
55292.2041769503	1.0003477367650802	0.00042370628660233484
55292.224611160695	1.0009576540001797	0.0004237700402687196
55292.24504527121	0.9998592855929915	0.00042366404097027836
55292.26547948186	0.9998357574533606	0.0004236694171187386
55292.285913792664	1.000565695115275	0.0004237494835868816
55292.306347903585	1.0001634964072306	0.00042371003492612763
55292.326782114644	0.9994725782780021	0.00042363471331570527
55292.34721642586	0.9998046548030786	0.0004236437590437095
55292.367650537184	1.0001478718954024	0.0004236912199304434
55292.38808474865	0.9993647774118936	0.00042362986391817253
55292.40851906024	0.9998911795797844	0.00042365700275754536
55292.42895317198	1.0003282553499946	0.0004236881145183137
55292.44938738382	1.000169035895781	0.00042367548689157316
55292.46982169585	0.9996916411495228	0.0004236503751783919
55292.49025580796	0.9997264259387232	0.00042363208960554137
55292.510690020245	0.9997391186737367	0.0004236315799173023
55292.53112433265	0.9996655458753263	0.00042361120834958455
55292.55155844517	1.0001534293332468	0.0004236635669235615
55292.57199265783	1.0008119364370323	0.0004237311435500397
55292.592426970645	1.0002637041005356	0.00042366591860576236
55292.612861183574	1.000166569217551	0.00042367859452764297
55292.63329529664	1.0003867450540698	0.0004236870852593307
55292.65372960983	0.9998907312852185	0.00042363244901613727
55292.67416382317	1.000660254889877	0.0004237162621545622
55292.694597936614	0.999212581574367	0.00042355817492776226
55292.71503225024	1.0002731352265815	0.00042367207812147516
55292.73546646396	0.999814149071074	0.0004236310142809231
55292.75590057781	1.000261058280431	0.0004236630264582726
55292.776334891816	0.9994240245704128	0.00042357949729711494
55292.79676910594	0.9996293972180917	0.0004235926017837176
55292.8172032202	0.9997366421336729	0.00042361621913165984
55292.83763743458	0.9997697565765349	0.000423618664800564
55292.87850596378	0.9998443135306236	0.000423611154281594
55292.89894007857	0.9996561515761551	0.0004236181804017323
55292.91937439348	0.9995430530969457	0.000423574194339146
55292.93980860853	0.9997365683797994	0.00042360874819647576
55292.960242723726	0.9999575831609394	0.0004236168232042829
55292.98067703904	0.999833694901615	0.0004236301089176361
55293.001111154495	0.9999344758273117	0.0004235990660598091
55293.02154537007	0.9994520900658532	0.00042356366449045036
55293.04197968576	0.9999423486614023	0.00042360432028850975
55293.0624138016	1.0002558688119494	0.000423624015588318
55293.082848017584	1.0001045698727704	0.00042361015184594477
55293.10328233369	0.999201877955492	0.0004235279435843093
55293.123716449925	0.9997954783912157	0.0004235837347682794
55293.14415066629	1.0006401005611325	0.00042365813597652896
55293.16458498279	0.9995524191616796	0.0004235670335302496
55293.185019099416	1.000084756454968	0.0004235935698829143
55293.205453316186	1.0000594466371864	0.0004235897267677383
55293.225887633074	1.0005945974155523	0.000423640180249969
55293.26675596725	1.0002219324420698	0.00042361172186847136
55293.287190284536	0.9997944161617534	0.00042358141628463537
55293.30762450195	1.0002434486769638	0.0004235901715226894
55293.328058619474	0.9995213952222538	0.00042351878976211726
55293.34849293718	1.0004832655148328	0.0004236128375394457
55293.36892715499	1.0001184804033165	0.0004235880980826607
55293.38936127292	1.0000240016512925	0.00042358561768436875
55293.40979559097	1.0001001400870408	0.0004235653634501986
55293.430229809164	1.0001723243603273	0.00042358540918565756
55293.45066392748	0.999821438196719	0.0004235475411155357
55293.471098145936	1.0000601152938577	0.0004235650279482895
55293.49153246453	1.000559224782817	0.0004236050725964612
55293.53240080209	0.9997752950920512	0.0004235382942715987
55293.55283512107	1.000099762271042	0.0004235554383904675
55293.573269340166	1.0005337990351968	0.0004235855353816233
55293.59370345941	1.0006808690569629	0.00042360193111147656
55293.614137778764	0.9999148858999027	0.000423515435289867
55293.63457199824	1.0005604523330511	0.000423598490044811
55293.655006117864	1.0005847810385355	0.00042360236678850606
55293.675440437626	1.0003451713421208	0.0004235554084569861
55293.69587465751	1.0009985167958162	0.000423639678285385
55293.71630877751	1.0001249454242305	0.0004235497269361875
55293.73674309765	0.9993688703384837	0.000423452828766341
55293.757177217914	0.9995476735630155	0.00042346956364866295
55293.77761143832	1.0001325475541398	0.00042353183774088154
55293.79804575881	0.9995427568345666	0.0004234801702649886
55293.81847997948	1.0005778638399607	0.0004235735007838062
55293.83891410027	0.9995344532124415	0.00042345151708660084
55293.85934842117	1.0001010647458046	0.0004235337308902649
55293.90021676338	1.0001684770350283	0.0004235368869699767
55293.94108520608	1.0003574245308433	0.0004235352488835052
55293.96151942763	0.9995525793647554	0.00042347170135776817
55293.98195374931	0.9991621174795673	0.00042345508580018737
55294.002387971115	0.9997762657016606	0.0004234810412691586
55294.02282209304	0.9998440885442955	0.0004234842692905451
55294.0432563151	0.9995878721394394	0.00042345389715813084
55294.06369063728	0.99971317040097	0.0004234605395494366
55294.08412475961	0.9998672808868926	0.00042349601554255274
55294.10455898205	0.999696952447807	0.00042345418876903597
55294.12499330464	1.0007108918514536	0.0004235555212418612