55906.8882429714	1.000593151169812	0.00043064285028157124
55906.908675942694	0.9991582455367399	0.00043050866930125143
55906.92910871408	0.9997284247404823	0.0004305588006582842
55906.94954158553	1.0001789829635743	0.0004306102199291046
55906.969974557054	1.0004821011764804	0.00043063053626729136
55906.990407428675	0.9998558178349097	0.0004305587249560496
55907.01084020037	1.0002163524835486	0.0004305942928385279
55907.03127317214	0.9995558343578194	0.00043052090763843765
55907.051706043996	1.0001078786178978	0.00043060078120515927
55907.072138815936	0.999774162648546	0.0004305556775298306
55907.09257178793	1.0001184553395577	0.0004305612359200528
55907.113004560044	0.9996706962437492	0.0004305215197427353
55907.13343753222	1.0001162609565015	0.00043056566999622733
55907.15387040446	0.9999629885454708	0.000430569641987505
55907.17430317679	0.9996544147813989	0.0004305388737531095
55907.19473614922	0.9994167718135021	0.00043050943325513374
55907.215169021714	1.0004248979117714	0.00043060256612990173
55907.235601794295	0.999792446550176	0.0004305503522970683
55907.256034766935	0.9990694507999084	0.000430465329602224
55907.276467639684	1.0000362042470203	0.00043057896802368507
55907.2969004125	0.9999257957930393	0.0004305407853473961
55907.31733338539	0.9994696648474876	0.00043051085232855175
55907.33776625838	0.9996743713089091	0.0004305497712206838
55907.35819923146	1.0002953086513748	0.0004305841990298973
55907.37863200459	1.0007531036132882	0.0004306320773670283
55907.399064877805	0.9998992768024629	0.0004305381318783355
55907.419497851115	1.0000100669194731	0.00043055923138354997
55907.4399306245	1.000025819386005	0.00043054681319130257
55907.46036349799	1.000209114933887	0.0004306075408384145
55907.48079647153	0.9997321676218784	0.0004305123922758836
55907.501229345165	0.9997383403326392	0.0004305183391971585
55907.521662118896	0.9993287403045387	0.0004304967842618264
55907.542095092685	1.0002224324617564	0.00043056882443476806
55907.562527966555	1.0005712020820285	0.0004306001365415948
55907.58296084053	0.999656710385456	0.0004305166708940975
55907.60339371457	0.9999758020625715	0.0004305519780172729
55907.623826588715	1.0002147643153327	0.0004305655493257594
55907.64425956293	1.0000676149772814	0.00043056430658226487
55907.66469233722	0.9993778654443355	0.0004304772214123462
55907.68512521159	0.9991672871345768	0.00043046794324499326
55907.70555818604	1.000247723201919	0.00043056076930262505
55907.72599096059	1.0000243964118658	0.00043055971517249816
55907.74642393521	1.0003107455833666	0.0004305746592619827
55907.76685670993	1.0008340304581402	0.00043061842010118465
55907.787289584725	1.000011496016337	0.00043053888189771084
55907.80772255959	1.000682106288866	0.00043061897302691156
55907.82815533456	1.0005982227550128	0.0004305962147487295
55907.8485882096	0.9995142500312956	0.00043048554075635775
55907.86902118472	1.0001735443020727	0.0004305671586614395
55907.889453959935	1.0004666067698649	0.00043058809999642713
55907.90988683524	1.0006133360359852	0.0004306101457051428
55907.930319810606	1.0004482629400449	0.0004305955892426404
55907.950752586075	0.9995388224971238	0.0004305151430199747
55907.971185561626	0.9999573863645235	0.00043053189969836524
55907.991618437256	1.0000163953548906	0.0004305558022071176
55908.012051212965	0.9998599392151305	0.00043054741066980554
55908.03248418877	0.9993493169569508	0.0004305059110146606
55908.05291706465	0.9999419730176812	0.00043056628878654953
55908.07334994063	1.000893696513253	0.00043064234886564103
55908.09378281668	1.0009173759383234	0.0004306485666820784
55908.11421569282	1.00018491954875	0.00043056905135500006
55908.134648569045	0.9999785503147778	0.0004305599059529196
55908.15508154534	0.9998119131958096	0.0004305406230128418
55908.17551432174	0.9994169320257542	0.0004305180056442668
55908.19594729822	0.9999611650448625	0.00043055647232337926
55908.21638017479	1.0001746130344922	0.00043059315406618353
55908.23681295144	1.0001887148797204	0.00043059486337319544
55908.25724592818	1.0001339364573212	0.0004305606023417539
55908.277678804996	1.0004762016953839	0.0004306013722901494
55908.298111581906	0.9993481803930677	0.00043050516535573033
55908.3185445589	0.9995111990778732	0.0004305314128128821
55908.33897743598	0.9998673020702706	0.00043055494299996125
55908.37984319039	0.9991499626846261	0.00043048831506470515
55908.40027596774	0.9998484628874864	0.0004305535333255717
55908.42070894516	1.0004774902352669	0.00043061353893136855
55908.441141822674	1.0001526631913875	0.0004305737488522969
55908.461574600275	1.0005609697725468	0.0004306298827890725
55908.48200757794	1.000011762822745	0.00043058669425609635
55908.50244045572	1.0001518106787333	0.0004306028282250028
55908.52287333357	0.9999316422004889	0.000430583321183318
55908.54330621152	0.999705423763133	0.00043056621894785606
55908.56373908956	1.0001654865035945	0.0004305829481240983
55908.58417206767	1.0001219116471267	0.0004305998362609396
55908.604604845874	1.0001551664868311	0.00043061726422368666
55908.625037724174	0.9994880605897324	0.00043053551582716355
55908.64547070254	1.0004555383900866	0.00043064040998957607
55908.66590358101	1.0000273626417604	0.0004305977211308484
55908.68633635957	0.9995236404400826	0.00043056195478294025
55908.72720221694	1.0005843201696913	0.0004306600989733702
55908.747634995765	0.9999130922859346	0.00043058335067865604
55908.76806797467	0.9998035194789285	0.0004305893911842399
55908.788500853654	1.0005116413215855	0.0004306460586809765
55908.80893373274	1.0000105321269686	0.0004306041950309084
55908.82936661191	1.000086373144418	0.0004306075872254506
55908.849799491174	1.0003284335098506	0.000430657233052245
55908.87023247052	1.000048105743616	0.00043061838146800396
55908.89066524996	1.0010029670423346	0.00043071128789865654
55908.91109812949	0.9987228247326055	0.0004305105710615114
55908.9315311091	0.9996286561397335	0.0004305782402145039
55908.951963888794	1.0005638511225454	0.00043068357383808134
55908.972396768586	0.9994335493692342	0.00043056446631233383
55908.99282974847	0.9997896722407976	0.0004305904449551673
55909.01326252844	1.0000296172874779	0.0004306198919390774
55909.0336955085	1.0003460726527797	0.00043066255125831043
55909.054128288655	0.9998416962844384	0.0004306171744788158
55909.07456116888	0.9999170009075063	0.0004306093046039799
55909.094994149214	1.0003832100976646	0.00043066965723973394
55909.11542692963	1.0006448769795666	0.0004306933860540583
55909.13585981013	1.000157669013801	0.0004306460985993737
55909.15629279073	0.9998594354831383	0.00043062658699911005
55909.17672557142	0.9996893744723154	0.00043059448355565094
55909.19715855219	0.9987826180473842	0.0004305086066827753
55909.21759143306	0.9979154746545981	0.00043044194368897407
55909.238024314014	0.9976919041732456	0.0004304054464250378
55909.258457195065	0.9982540285768529	0.0004304537825091226
55909.278890076195	0.998343934986691	0.00043045567284069397
55909.29932295743	0.997565453672232	0.0004303873229209119
55909.31975583874	0.9973181978003222	0.00043036003787004485
55909.340188720154	0.9985125341476258	0.000430484951229437
55909.36062160165	0.9981036994090903	0.0004304424891119027
55909.38105458324	0.9976119960536983	0.00043039109925416263
55909.40148736493	0.9977098699944842	0.0004304245154231162
55909.42192034669	0.9977296142020399	0.0004303946255506646
55909.44235322856	0.9978344549151514	0.00043040933235008303
55909.46278601051	0.9981421030618901	0.00043043279950964465
55909.48321899255	0.9970717162412758	0.0004303420237758652
55909.50365187469	0.9976202701191664	0.0004304068585841908
55909.52408465693	0.9981387546489497	0.0004304511046299955
55909.54451763924	0.9980988909013451	0.00043043511811208625
55909.56495052166	0.9989154247355314	0.0004305111847736233
55909.58538330417	0.9997112642577324	0.00043057768002453497
55909.605816286756	0.9996072100511086	0.0004305741600938546
55909.626249169436	1.000169524759988	0.00043063860984971235
55909.64668215222	0.9999168836119584	0.0004306107214195072
55909.66711493509	0.9995804958011465	0.00043056798327400884
55909.68754781806	0.9994235917711779	0.00043057359642439236
55909.70798070112	0.9999054761983787	0.0004305870637602941
55909.728413584264	0.9994697905370081	0.00043055764609735474
55909.74884646751	0.9997919659447132	0.0004305870844036658
55909.76927935085	0.9991093841374404	0.0004305419916284396
55909.78971223426	1.0004006345996974	0.00043065618189755113
55909.81014521779	0.9997137814342881	0.000430573288020356
55909.830578001405	0.9996433887147118	0.00043058251104000994
55909.851010885104	0.9999993671641821	0.00043060423656389343
55909.871443868906	0.9999451334411896	0.00043062757886303704
55909.8918767528	0.9999473675008267	0.0004306291384018688
55909.91230953679	1.0003988706739664	0.0004306397732248
55909.93274252087	1.000607925340943	0.00043065911560603534
55909.95317540504	0.9997764317779203	0.0004305952092456817
55909.9736081893	1.0007081441337533	0.0004306807483123761
55909.99404117366	0.9996831115967924	0.0004305808012408627
55910.01447405812	1.0006169298530456	0.00043066794551155867
55910.03490704266	0.9999091516167431	0.00043062021075987076
55910.05533982731	1.0005190621772364	0.0004306848256225453
55910.07577271205	0.9994041600992826	0.00043056427092344425
55910.09620569687	0.999158407979684	0.0004305374199325652
55910.116638481806	0.9994154651908556	0.00043056883215092883
55910.13707136682	0.9998191569085089	0.0004305946785901957
55910.157504351926	1.000538960891301	0.000430672078026826
55910.17793713714	0.9997029728750968	0.0004305897831429982
55910.198370022445	0.9997907760390252	0.000430595754898654
55910.21880300784	1.000012817950775	0.0004306097643994471
55910.239235793335	0.9997301866504181	0.00043058849359512547
55910.25966877893	0.9999259487312565	0.00043059437880273795
55910.280101664604	1.0004856159447202	0.0004306545083336116
55910.300534450376	1.0001780497825454	0.0004306338469888092
55910.320967436244	1.0003452899456653	0.0004306428888488087
55910.34140022222	1.0007981229439533	0.0004306835245730238
55910.36183310829	1.0006641558956673	0.0004306822493692253
55910.38226609445	1.0004268959617564	0.0004306544523955108
55910.402698980695	1.0001463630743703	0.00043062546247437885
55910.42313176706	0.9995137162393478	0.00043057870899166424
55910.44356475349	1.0007213703197981	0.00043067825667189575
55910.46399764004	0.9998053134755579	0.0004306241013745067
55910.484430526674	0.9998806732591982	0.00043062090709826076
55910.504863413415	1.0000785432761876	0.0004306396029757953
55910.52529630024	0.9996029227025913	0.0004306138544532616
55910.545729287165	1.0006489272555417	0.0004306705662137493
55910.56616207419	1.0005207827484168	0.0004306738656220164
55910.586594961314	0.999994270681638	0.0004306299110372965
55910.60702794853	0.9997953642888994	0.00043061005244967026
55910.62746073585	0.9991780027123606	0.00043055420585329127
55910.647893723246	1.0000122567853267	0.0004306307137136021
55910.66832661076	1.0000595682932836	0.00043065084219724297
55910.688759398356	0.9998020805354598	0.000430630452819321
55910.70919238606	0.9998258060401258	0.00043061962410683856
55910.72962527386	1.0004500940235348	0.0004306812361330498
55910.75005806176	1.000405629384713	0.00043068897706819006
55910.77049104975	1.0004558370272536	0.00043070063260557546
55910.79092393784	1.000015864820765	0.00043064481467239724
55910.81135672603	0.9997376078312089	0.00043063102801754955
55910.831789714306	0.9997614381099581	0.00043062656558527353
55910.85222260269	1.000337388454733	0.00043068138692561793
55910.87265559117	0.9998904516747527	0.0004306607783432893
55910.89308837975	0.9999382568787247	0.00043064327038921707
55910.913521268434	1.0009777821679684	0.00043075270442934115
55910.933954257205	0.9999539845478584	0.00043065397861676306
55910.954387046084	0.9997986834220746	0.00043064312015440246
55910.97481993506	0.9995247983468449	0.00043061778139109945
55910.99525282412	0.9996354126067315	0.0004306359568768168
55911.01568571329	0.9997597647088325	0.0004306594255198941
55911.036118602555	1.0000109546176033	0.00043065878969405325
55911.05655149192	0.9999360177774979	0.00043065713165358005
55911.07698438138	1.0005448829699093	0.0004307374576830301
55911.09741737095	1.0005752810617528	0.000430771398031671
55911.117850260605	1.0001717991702934	0.00043074084706160037
55911.13828305038	0.999390910137624	0.00043066275550659257
55911.158716040234	1.000312066090633	0.0004307432593513784
55911.17914893018	0.9989451070321875	0.0004306101061307776
55911.19958172025	0.99989465596572	0.0004306963250353051
55911.22001471041	1.0003567041358343	0.00043074877624005916
55911.24044760066	1.0006699052370358	0.0004307837799891943
55911.26088059102	1.0002847220332904	0.0004307595580853752
55911.281313381485	1.001274404733406	0.00043083467632072555
55911.30174627204	0.9985103710690904	0.00043059610566147956
55911.322179262694	1.0001667392076627	0.0004307475758320751
55911.34261205346	1.0003390418288403	0.0004307500147054577
55911.36304494431	0.999929187983329	0.0004307306737202484
55911.38347793526	1.000223905206376	0.00043077205840167266
55911.40391072633	0.9992228700815666	0.00043067429926607186
55911.42434361748	1.0001034961249016	0.0004307482749629697
55911.44477660874	0.9998854440100843	0.0004307284429220415
55911.46520940011	0.9994670298404237	0.00043068578092214795
55911.48564239156	0.999894991489028	0.0004307266104872462
55911.50607528313	0.9997081625992397	0.00043072017630535345
55911.526508174786	1.0001559568848686	0.000430766051238862
55911.54694106654	1.0004013007641275	0.0004307776474151307
55911.56737395841	0.9996920194711894	0.0004307174021570924
55911.587806850366	0.9996349007557984	0.0004307263895440691
55911.60823974244	1.0004963206303643	0.00043079249099330297
55911.62867263461	0.9999012800200567	0.0004307463525948605
55911.64910552688	1.0006457118243846	0.00043080724543270753
55911.66953841925	1.0003992350055093	0.0004307848748479225
55911.71040420429	1.000336919523761	0.0004307869057008159
55911.73083709696	0.9993750787328869	0.0004306899020973013
55911.75126998975	0.999570049729103	0.00043075830105542007
55911.771702982616	0.9996427142329719	0.000430740614424334
55911.792135775606	0.9990533635472092	0.0004306968423722685
55911.81256866869	1.000067192734466	0.00043077895361277055