55289.17991523752	1.0003698385047524	0.00042385045907915097
55289.20034942716	0.9996642345665601	0.00042377605648803696
55289.22078361692	0.9996007862309033	0.00042376540847496066
55289.241217906856	1.0005307866547792	0.0004238581251175013
55289.28208618719	1.0005722536581407	0.00042387129018574385
55289.30252047759	1.0001212165978586	0.00042380381353914804
55289.32295456811	0.9997245683284434	0.00042378624169561464
55289.34338875874	1.0000710190243318	0.00042382602454442783
55289.36382304955	1.0000099757389644	0.00042382004983786814
55289.384257140526	0.9993727080051422	0.00042373981372503393
55289.40469133163	1.0005412091886847	0.0004238732445413449
55289.425125622845	0.9999046647664418	0.0004237900183927532
55289.44555971424	0.9995294138534909	0.00042373807127904387
55289.4659939058	1.0002290050192317	0.0004238028731558897
55289.48642819748	1.0003292681858156	0.00042384567158866576
55289.50686238927	0.9997838778170932	0.0004237859627862631
55289.547730773396	0.9998236457828475	0.00042377672660256024
55289.568164965596	0.9999837179640564	0.00042379930922436084
55289.588599058035	0.9996369812549423	0.0004237556920094973
55289.60903335059	0.9994172040804512	0.00042373848133357863
55289.62946754326	1.0000645586655201	0.0004238033202820021
55289.649901636105	1.0010079321354948	0.00042389292819251546
55289.67033592907	1.0006710955816487	0.00042386724143878945
55289.6907701222	0.9993871958466397	0.00042372829255402496
55289.711204215455	0.9997424079620136	0.0004237680657755408
55289.731638508885	1.0004464291189712	0.00042383982519890657
55289.752072702424	0.9991293334826091	0.0004237032582660988
55289.772506796144	1.0004460327159146	0.0004238407632444796
55289.79294098998	1.0003727669802693	0.0004240165442459338
55289.81337528396	0.9998014819500508	0.00042378183571795515
55289.833809378084	1.0003335501727493	0.0004238263294104467
55289.85424357236	0.9998545099436764	0.0004237670278981778
55289.87467786677	0.9998733594780947	0.0004237629617909095
55289.915546156015	1.000464132632362	0.0004238205181779248
55289.935980450864	1.000211356837756	0.0004238191962499273
55289.956414545864	0.9994718246714567	0.0004237414217175135
55289.97684874101	0.9999695872871639	0.0004237708687874245
55289.99728303627	0.9999951383343262	0.00042377967054868824
55290.03815132723	1.0000706860839914	0.0004237937510405417
55290.05858562295	1.0004278442131194	0.0004238346154016589
55290.079019718796	1.0000168122279898	0.0004237904015731685
55290.09945391479	1.0005156254415433	0.00042384447092201876
55290.11988821089	0.9995987071644091	0.0004237570255361685
55290.14032230717	0.9996820320139651	0.0004237725022023479
55290.160756503596	1.000174702613173	0.000423807079310937
55290.18119080013	1.000494675068399	0.00042384372758814053
55290.20162499685	0.9999370975987258	0.00042378600328311607
55290.222059093685	1.0000870912143625	0.00042379323970796864
55290.24249339066	0.9997582419701005	0.0004237644629418686
55290.262927587784	1.0002124762965101	0.0004238171298406034
55290.283361685055	0.9998302954051965	0.00042376366067033367
55290.303795982465	0.9996598212048967	0.0004237553249950683
55290.32423018	0.9995541361759134	0.00042375341134311427
55290.344664277705	0.9989948189433138	0.0004236863505521533
55290.36509857552	0.999382409093183	0.0004237247751828455
55290.38553277349	0.999691171968743	0.00042375085899593376
55290.40596687161	1.000279920972717	0.0004238282838548691
55290.44683536827	1.0000781184881913	0.00042380763767166103
55290.46726946679	1.0001699326379703	0.00042380655615633034
55290.48770366548	1.0003233525141317	0.00042382032739291984
55290.508137964294	0.9994737341921013	0.00042373535444248877
55290.54900626239	1.0003464652070728	0.0004238306906773598
55290.5694405616	0.9999894673820502	0.00042378884094765524
55290.589874761	0.9997829983307118	0.0004237694840954624
55290.61030886053	0.9998412279755108	0.0004237717056925101
55290.63074316019	1.0006348782830778	0.0004238734748117142
55290.65117725999	1.0017744718264994	0.00042395231107429833
55290.67161145994	0.9999765628898803	0.00042378497680291565
55290.69204576003	0.9991343896521125	0.0004237141737381955
55290.71247986024	1.0000622792898273	0.0004237972122106499
55290.732914060616	1.0000232245184588	0.0004237819536614202
55290.75334836112	1.0000062107882304	0.0004237937165910559
55290.773782461765	1.0005348506918772	0.00042382214400637526
55290.79421666256	1.000587871367798	0.0004238122449427889
55290.81465096349	1.0001704843025996	0.0004237999610416632
55290.835085064544	0.9987486771223271	0.0004236636573121168
55290.85551926574	0.9998895257896266	0.0004237446587586491
55290.87595356708	0.9989301483965454	0.00042365914829952577
55290.896387768575	0.9997457347665759	0.0004237347238696351
55290.91682187021	1.0001751984974618	0.0004237965471454251
55290.93725617196	1.0008633515638088	0.0004238351889890469
55290.957690373856	0.9998135323300241	0.0004237321799662727
55290.97812447589	0.9998833434699222	0.0004237360842789185
55290.99855877808	1.0005775666274537	0.00042382030696685465
55291.01899298042	0.9998418194616373	0.00042373261281877973
55291.03942708286	1.0008990206370296	0.0004238522071682636
55291.05986128546	0.9995753712919885	0.0004237277275467805
55291.100729691054	0.9998607471490425	0.0004237399852257205
55291.12116389409	1.0000459294788662	0.0004237516213312396
55291.14159819724	1.0001321386425766	0.00042377364234615837
55291.162032300526	1.000594711684856	0.00042379227997488587
55291.18246650397	0.9995896783885541	0.00042369988564587227
55291.202900807526	1.0001068120716663	0.00042377380185417736
55291.22333501122	1.000197632568102	0.00042375936460907574
55291.24376911507	0.9997799947694251	0.00042372118478901596
55291.264203419065	0.9997199711434768	0.00042371856517606216
55291.28463762317	0.9997177724209689	0.00042370370594888154
55291.30507172742	0.9998859318351101	0.0004237440152131878
55291.325506031826	1.0003443782512278	0.00042376058172747237
55291.345940236366	1.0005113686023965	0.0004237799457212794
55291.36637434103	0.999773380714799	0.00042370383332701443
55291.38680864587	1.0000756284984416	0.00042374115495536955
55291.407242850786	1.0004211135869883	0.0004237690750811056
55291.427676955886	1.0006967843026493	0.0004237962039312602
55291.4481112611	0.99987447892854	0.0004237284706263107
55291.46854536646	0.9990299282277596	0.0004236350161951905
55291.488979571965	0.9985556807274595	0.00042359400106882787
55291.50941387762	0.998678466258973	0.0004235882321154205
55291.52984798338	0.9987940974594226	0.000423612988050677
55291.550282189266	0.9971891497076097	0.0004234534784392539
55291.57071649533	0.99733072748457	0.00042347259983059214
55291.5911507015	0.9981102449227979	0.0004235309928249059
55291.61158480782	0.9976709773992174	0.00042349279162147023
55291.63201911429	0.997935870178694	0.0004235178232629142
55291.652453320894	0.9972871977826523	0.0004234565496132969
55291.672887427594	0.9975045040452495	0.00042348496703679554
55291.69332163447	0.9975001411830601	0.00042346776954206794
55291.713755941484	0.9978597481468051	0.0004235031345456485
55291.754624255904	0.9979378778375336	0.0004235111006755895
55291.7750585633	0.9980824450820559	0.0004235144993178247
55291.79549267084	0.9986621957061875	0.0004235843651868093
55291.81592687853	0.9975495810597461	0.00042344785034288104
55291.83636118636	0.9984006773705546	0.0004235460883364091
55291.85679529431	0.9978005211860783	0.0004235114388397114
55291.87722950241	0.9999322208219967	0.0004237017855581312
55291.89766381065	0.9995949523061683	0.00042366910597800995
55291.91809801901	0.9992983759901102	0.0004236481231489923
55291.93853212748	0.9993903449145296	0.0004236459463008789
55291.95896643613	1.0002967188705922	0.00042373639507652913
55291.979400644894	1.0003138907282114	0.00042372059359558066
55291.999834753806	0.9996580418005289	0.0004236651163321651
55292.02026906283	0.9991401496322375	0.00042361448716977463
55292.04070327203	0.9999349751800005	0.00042368138624025936
55292.06113738132	0.9999850373372292	0.0004236812248596637
55292.08157169078	1.0002059671015404	0.0004237099408455328
55292.102005900364	1.0002764956983559	0.000423704658745336
55292.12244001006	1.0005531782572328	0.00042374210402864085
55292.14287431993	0.9998767761687233	0.00042364932842974543
55292.16330852992	1.0001288877564496	0.00042368774028559477
55292.18374264005	0.9998673224723396	0.0004236532403914235
55292.2041769503	1.0002936289260838	0.00042368336874018086
55292.224611160695	1.0009009155937891	0.000423746019235797
55292.24504527121	0.999799972969351	0.0004236389088080089
55292.26547948186	0.9997739224602793	0.0004236432152197956
55292.285913792664	1.0005014818250695	0.00042372228862237624
55292.306347903585	1.0000970772858513	0.00042368189707832517
55292.326782114644	0.999403927148925	0.0004236056149672189
55292.34721642586	0.9997339237714796	0.0004236137884289862
55292.367650537184	1.0000751380427135	0.00042366040779191684
55292.38808474865	0.999290226328138	0.0004235982617783132
55292.40851906024	0.9998148585215912	0.00042362466528780694
55292.42895317198	1.0002503818219988	0.00042365513125699816
55292.44938738382	1.0000898217943772	0.0004236419314906595
55292.46982169585	0.9996111342536026	0.0004236162578813604
55292.49025580796	0.9996447651687844	0.00042359748601628896
55292.510690020245	0.9996566008612657	0.0004235966136439862
55292.53112433265	0.9995820632446548	0.00042357583233987723
55292.55155844517	1.0000691263673844	0.000423627856307398
55292.57199265783	1.0007270132055452	0.0004236951881255669
55292.592426970645	1.0001784623599996	0.0004236298141063592
55292.612861183574	1.0000811992347753	0.0004236424311170366
55292.63329529664	1.0003013717558	0.00042365092767919304
55292.65372960983	0.9998054243547265	0.0004235963062829849
55292.67416382317	1.0005750956209671	0.0004236802025959518
55292.694597936614	0.9991279737051139	0.00042352231033263385
55292.71503225024	1.0001892003668094	0.0004236365269752791
55292.73546646396	0.9997309151561333	0.00042359574725870535
55292.75590057781	1.0001787333110195	0.00042362815751540486
55292.776334891816	0.9993428330827164	0.00042354508642775644
55292.79676910594	0.9995493957115363	0.0004235587011737489
55292.8172032202	0.9996578651366673	0.00042358283912714704
55292.83763743458	0.999692624716341	0.00042358598278011486
55292.87850596378	0.9997707577798892	0.0004235799903933256
55292.89894007857	0.9995845588004734	0.0004235878419685457
55292.91937439348	0.9994734154993427	0.000423544684165263
55292.93980860853	0.9996693305968575	0.0004235802581782405
55292.960242723726	0.9998926161189021	0.0004235893009049131
55292.98067703904	0.9997712982453522	0.0004236036714186565
55293.001111154495	0.9998746444432894	0.0004235737198806288
55293.02154537007	0.9993949224681662	0.00042353943709885544
55293.04197968576	0.9998880283842284	0.00042358130865776826
55293.0624138016	1.0002044642218868	0.00042360224493988595
55293.082848017584	1.000056142080164	0.0004235896394863399
55293.10328233369	0.9991565447309836	0.00042350872836086377
55293.123716449925	0.999753354761067	0.0004235658882336971
55293.14415066629	1.0006012038617842	0.00042364166761479514
55293.16458498279	0.9995170362560614	0.00042355203978696707
55293.185019099416	1.0000525029747152	0.0004235799086739485
55293.205453316186	1.0000306745377059	0.0004235775399264476
55293.225887633074	1.0005692051084412	0.0004236294294408108
55293.26675596725	1.0002035926598833	0.0004236039546455594
55293.287190284536	0.9997797521494819	0.0004235752036043223
55293.30762450195	1.000232190224389	0.00042358540371354895
55293.328058619474	0.9995136655648288	0.0004235155145394221
55293.34849293718	1.0004791482364326	0.00042361109424993127
55293.36892715499	1.000117929436374	0.00042358786472726945
55293.38936127292	1.0000269674549096	0.000423586873925974
55293.40979559097	1.0001065821786361	0.00042356809182384695
55293.430229809164	1.0001822181529854	0.000423589599329805
55293.45066392748	0.9998347738426137	0.00042355319040431077
55293.471098145936	1.000076764180922	0.00042357207941070353
55293.49153246453	1.0005793112755355	0.00042361357658102835
55293.53240080209	0.9998017406956444	0.00042354949751485934
55293.55283512107	1.0001292516174116	0.00042356792751755323
55293.573269340166	1.0005663281845212	0.00042359930690752823
55293.59370345941	1.0007163143829414	0.00042361693560391534
55293.614137778764	0.9999531133613133	0.00042353162658793404
55293.63457199824	1.000601433193095	0.0004236158397515628
55293.655006117864	1.0006282910260937	0.00042362078695045325
55293.675440437626	1.000391241574962	0.0004235749150201684
55293.69587465751	1.0010469746074953	0.000423660186459379
55293.71630877751	1.0001756663385168	0.0004235712070817376
55293.73674309765	0.9994215814794841	0.00042347516354424594
55293.757177217914	0.9996024236312759	0.0004234927591281074
55293.77761143832	1.0001891419966524	0.0004235558041124409
55293.79804575881	0.9996009721995607	0.00042350483459526475
55293.81847997948	1.000637825106956	0.000423598884119467
55293.83891410027	0.9995957391462634	0.00042347748079557513
55293.85934842117	1.0001636951792825	0.00042356025431084036
55293.90021676338	1.000233280971609	0.00042356432920415333
55293.94108520608	1.0004239109727406	0.00042356339817397465
55293.96151942763	0.9996195068629459	0.0004235000559457223
55293.98195374931	0.9992293566684695	0.00042348358245354085
55294.002387971115	0.9998438775800791	0.00042350968002530546
55294.02282209304	0.9999118175455054	0.0004235129559297079
55294.0432563151	0.9996555088392792	0.0004234825499908996
55294.06369063728	0.9997806143447678	0.00042348910759242703
55294.08412475961	0.9999344935043659	0.0004235244835965017
55294.10455898205	0.9997636731702727	0.0004234824505030912
55294.12499330464	1.000777058059651	0.00042358352639602687
55294.165861650166	1.0004414984661525	0.0004235591667718758