55083.25326629979	1.0005670908480158	0.0003947061831717756
55083.273699544494	1.0005674757776102	0.0003947033987371225
55083.29413278873	0.9999222558712332	0.00039464483533408406
55083.31456593273	0.9997042843139381	0.0003946329085753171
55083.33499927673	1.0002207830011451	0.000394681004252361
55083.35543252027	0.9998481687520119	0.0003946550124343696
55083.37586566358	1.0007194159605715	0.00039474516058448603
55083.396299006876	1.000099787936065	0.000394659470805962
55083.416732249716	1.0006638224677722	0.00039473505107843093
55083.43716539255	1.000165265993348	0.00039467036744808993
55083.45759863492	0.9999123806581012	0.0003946510390079281
55083.4780319773	0.9994346133921541	0.00039459212932512654
55083.49846511944	1.000454851470572	0.0003947056401943128
55083.51889836111	1.0002052662524408	0.0003946760235813983
55083.539331602784	1.0003585542828886	0.0003946885346248914
55083.5801980852	0.999498052058812	0.0003946095534968531
55083.600631226174	0.9998737968557107	0.0003946645150588013
55083.62106456692	0.9991003880185243	0.0003945999556875211
55083.641497807424	1.000030848876504	0.0003946699818570132
55083.6619310477	0.9997890497045075	0.0003946454755198679
55083.702797527556	0.9997007780355007	0.00039463022196275545
55083.72323076714	0.999207032253606	0.0003946064616750762
55083.74366390625	0.9996500655762472	0.0003946318098900982
55083.76409724559	0.9996282060157899	0.0003946365112791164
55084.29536128382	0.9991768717004681	0.0003945994082660727
55084.33622774971	0.9993381372728735	0.0003946393971736544
55084.3566609823	0.9993992412563284	0.0003946388377713971
55084.37709411466	0.9995338724765812	0.0003946692764037074
55084.39752744679	0.9995927963227059	0.00039465978770848856
55084.41796067868	0.9997150753089411	0.0003946606898026336
55084.438393810575	0.9995862911852751	0.0003946807855133082
55084.479260373206	0.9994579059687739	0.00039464997961295386
55084.4996935044	1.0004197465369198	0.0003947556970918993
55084.52012673513	1.0004803233345057	0.0003947478857012184
55084.540560065856	0.9997298973128168	0.0003946752186058127
55084.56099329612	1.00047126600162	0.00039472739268108946
55084.58142642639	1.0001180013562108	0.0003947244681900536
55084.60185965619	1.0005511532117504	0.0003947637424630911
55084.64272611532	1.0000977061907133	0.0003947140769824023
55084.66315934466	1.0000275881341514	0.0003947446620986625
55084.683592673755	0.999784584070193	0.0003947055428923594
55084.70402580239	1.0005795603786014	0.0003947822614649673
55084.72445903103	0.9996991637323646	0.0003946798460125349
55084.74489225943	1.000715281988452	0.0003947712403432403
55084.7653254876	1.000255078150882	0.00039474303708749857
55084.78575871554	0.9997101915951698	0.00039469102761108477
55084.80619194324	1.000376189093459	0.0003947691221110187
55084.82662527071	0.999660166512698	0.0003946856117178109
55084.84705839795	0.9996012479158215	0.00039468316641807165
55084.86749162495	0.9997605584048992	0.00039471194372059923
55084.887924751725	0.9996223023565822	0.0003946844015773657
55084.90835807827	0.9998505107480445	0.00039473856529168407
55084.92879130457	1.0002075359639302	0.00039476029476707026
55084.94922443088	0.9999703960501235	0.0003947170517345127
55084.96965775672	0.9999416272150987	0.0003947068519410305
55084.99009098233	1.0001895213952827	0.00039473272196946025
55085.01052410794	1.0006216642297363	0.0003947876795810287
55085.03095733308	0.999659204383883	0.0003946964503321006
55085.05139055822	0.9996126428390905	0.00039472193936384415
55085.0718238829	0.9993180628618337	0.00039467728085375514
55085.09225700758	0.9995773318481566	0.0003946903423928349
55085.112690331785	0.9999132635513824	0.00039474278914808955
55085.133123456	1.0001298987274523	0.0003947476928089953
55085.15355667998	1.0004837274343317	0.00039479360168150746
55085.17398980349	1.0002518679778987	0.00039475554802653675
55085.194423127	0.9995599258909389	0.00039469129976226917
55085.214856350285	1.0005124295131023	0.00039479942955847114
55085.23528957333	1.0002862868875848	0.0003947799937351863
55085.255722796144	1.000316038804467	0.0003947745248471374
55085.27615601873	1.0010258849952036	0.0003948603702705029
55085.29658924107	0.9999542346106115	0.00039473161915605596
55085.31702236319	0.9998177644716666	0.0003947293458608397
55085.337455685076	0.9997064406901173	0.0003947191248956574
55085.35788890672	1.001025987816601	0.0003948516959938034
55085.37832202814	1.0002800794779436	0.0003947766390642543
55085.39875534933	0.9993734234845373	0.00039469790395654146
55085.41918857051	1.0002444352229554	0.00039475813091767513
55085.43962169123	0.999809636165261	0.0003947399061664339
55085.46005491172	1.000353859487224	0.0003947787870133676
55085.4804882322	1.0002330709373422	0.00039477713027947044
55085.50092135222	0.9996977243916367	0.0003947275763349903
55085.52135457224	0.9999759063246785	0.00039475921563155087
55085.541787891794	0.999227217766609	0.00039469156738566684
55085.56222111135	0.9979204831745819	0.0003945509918154192
55085.582654230675	0.9982249097058552	0.00039457998542107443
55085.603087449526	0.9977572777518369	0.000394539354691832
55085.623520768386	0.9974156248981622	0.0003945067251439887
55085.64395388701	0.9972678321143367	0.00039448101672614626
55085.6643871054	0.9985702614306319	0.00039461345043083134
55085.68482042356	0.997569516682664	0.0003945082722667051
55085.705253541484	0.9978297462006172	0.00039455792090271376
55085.72568675917	0.9983659617443793	0.00039460027424945506
55085.74611997663	0.9980583982676989	0.00039455780599230005
55085.76655319386	0.9974256856014955	0.0003945045255485482
55085.78698641085	0.9981351509680213	0.00039458280133887154
55085.807419627614	0.9970927678657003	0.0003944936797691864
55085.827852844144	0.9983457953090958	0.00039460704806138045
55085.84828606067	0.997545264144776	0.0003945339161963829
55085.86871927673	0.9977568928083256	0.00039454866095655234
55085.88915239256	0.9983157962683711	0.0003947369985360516
55085.90958570839	0.9977990674257806	0.0003945718744492701
55085.930018923755	0.9984940818432768	0.0003946263848974125
55085.95045203912	1.0012598039858842	0.00039490584357084846
55085.970885354014	0.9998170478689067	0.0003947517365656042
55085.991318568915	1.0006081933797233	0.000394836053840586
55086.01175168358	0.9998904799375413	0.00039475636164406947
55086.03218489778	0.999789174115646	0.00039476645622588493
55086.05261821198	1.0000732515741906	0.0003947840497678135
55086.07305142595	0.9993873789763151	0.00039471116730154307
55086.093484539684	0.9992323759086164	0.0003946996126957522
55086.11391785318	0.9996168484052455	0.00039474234050062044
55086.13435106645	1.0004706051262438	0.00039482914023772846
55086.15478417948	1.0001513467141934	0.0003947935627074261
55086.17521739229	0.9997979531990219	0.0003947805427221986
55086.19565070486	1.0004686060392356	0.00039486511039313733
55086.2160838172	0.9999147554198419	0.00039478937056246937
55086.23651702953	1.0000521156236326	0.00039480629518667094
55086.256950341405	1.0000778499873466	0.00039481244478606174
55086.27738345304	1.0004923038294768	0.0003948253021277811
55086.29781666468	1.0001428653168276	0.00039480805524283273
55086.318249875854	0.9999022564710598	0.00039479789281481536
55086.33868318702	1.0002601635332704	0.00039483481715494803
55086.35911629773	1.0003469624986752	0.00039483898707473386
55086.37954950844	0.9996743082843219	0.0003947680513167619
55086.39998281891	1.0002300382925522	0.00039482374262497094
55086.44084913893	1.0002657726961626	0.0003948129225777745
55086.46128224871	1.0002404503602575	0.000394827019060902
55086.48171555825	0.9999634452948905	0.00039480568539655854
55086.50214876756	1.0005993733711849	0.0003948919645965035
55086.52258187664	1.0002268674097734	0.0003948305417454877
55086.54301518548	1.0003461668965323	0.00039484547060633727
55086.563448394096	1.0001040468137865	0.0003948191286659719
55086.583881502476	1.0004305379685325	0.00039484604122023325
55086.60431471062	1.0000950507868371	0.0003948255536133979
55086.62474801877	1.0000326167066638	0.00039482715955444403
55086.64518112645	1.0002832531423977	0.00039483610121444744
55086.68604764134	1.0004389838853687	0.0003948520524859556
55086.706480748326	1.0000239222092615	0.0003948169734583071
55086.7269139553	1.000412564340579	0.0003948706315497286
55086.74734706205	0.9995215158784669	0.000394784836180701
55086.76778036834	1.0000955860071694	0.0003948291760453527
55086.78821357462	1.0004341703958621	0.00039483863724001884
55086.80864678067	0.9999331633513717	0.0003948018275126326
55086.82907998649	0.9994929217147924	0.00039476400078848644
55086.84951319207	1.0000308407162757	0.00039481536418882766
55086.869946397426	0.9995864300072821	0.0003947794851220669
55086.89037950255	0.9996408226863432	0.00039480433500496047
55086.91081280743	1.0002302452753615	0.00039484835231751777
55086.931246012085	1.0000018594677742	0.00039482565001999526
55086.97211242069	1.0004692882003439	0.0003948922213331388
55086.99254562488	1.000305978920024	0.0003948497624692714
55087.012978728606	1.0002803185920708	0.000394876021407992
55087.03341193209	1.0004484905291442	0.0003948771347447962
55087.05384523558	0.999691614422724	0.000394818674214046
55087.07427843884	1.0003926126911025	0.00039488248938847483
55087.09471154163	1.0003610627744963	0.00039487278851029026
55087.11514484442	1.0001951533487725	0.00039486629054969407
55087.135578046975	0.9997147281832585	0.0003948081688646708
55087.15601114907	1.000440865444283	0.00039489348813277503
55087.176444351164	1.0000035714156228	0.0003948801319137489
55087.19687765303	1.0000859943192217	0.00039487252823337566
55087.237743956044	0.9999728350362691	0.0003948455759197104
55087.2581772572	1.0005633220514056	0.00039488926904497753
55087.27861035813	0.9997313017106184	0.0003948260078459431
55087.29904355906	1.0002054388081334	0.00039487419705005127
55087.33990995975	0.9995323739390288	0.00039482023500586285
55087.360343159984	0.9998959620482665	0.0003948605724166804
55087.38077635975	0.9997643532960904	0.00039484513942853334
55087.40120965951	1.0001828180280574	0.0003948937407174145
55087.85073979658	1.0008939103718986	0.00039493808824596463
55087.871172991225	0.9994927824413485	0.00039480723046602387
55087.89160618586	0.9991650878021624	0.0003947887061159606
55087.91203948004	0.9993644993564358	0.0003948180506506092
55087.932472573986	0.9999752788023127	0.0003948693500315341
55087.95290576769	0.999577872623952	0.00039482573268458506
55087.97333896117	0.9995778649198301	0.00039485108738433994
55087.99377215465	0.9995496871310386	0.0003948532382554916
55088.01420524766	0.9997139063297996	0.0003948471081527986
55088.034638540674	0.9993902162163087	0.0003948107645324748
55088.05507173322	0.9999073493784698	0.0003948565953061297
55088.075504925764	0.9999815552746941	0.000394878003339534
55088.09593801808	0.9999410657463397	0.0003948670243658691
55088.11637131016	0.9998086542079385	0.0003948438069661947
55088.136804502006	0.9999056590914809	0.00039487005372406113
55088.17767088501	0.9999019971434762	0.0003948717498733245
55088.19810407615	1.0000379538784692	0.0003948776107828182
55088.21853716707	1.0000548539553904	0.0003948885176878792