55289.15948104799	0.9999285845327646	0.00042381412826593504
55289.17991523752	1.0003661789399891	0.00042384890854439347
55289.20034942716	0.9996605427338294	0.0004237744914522363
55289.22078361692	0.9995970408799291	0.00042376382069090994
55289.241217906856	1.0005269656542808	0.00042385650641457983
55289.28208618719	1.0005682354880399	0.00042386958797289656
55289.30252047759	1.0001170767368803	0.00042380205926292533
55289.32295456811	0.999720290879966	0.0004237844284723813
55289.34338875874	1.000066585752286	0.00042382414574179163
55289.36382304955	1.0000053740916186	0.0004238180995869159
55289.384257140526	0.9993679272255996	0.00042373778664683116
55289.40469133163	1.0005362278009355	0.00042387113420649003
55289.425125622845	0.999899479749438	0.00042378782082479617
55289.44555971424	0.9995240130177144	0.0004237357816618465
55289.4659939058	1.0002233723078355	0.00042380048654316264
55289.48642819748	1.00032339750991	0.00042384318414712916
55289.50686238927	0.9997777647150986	0.0004237833715794314
55289.547730773396	0.999817019854861	0.00042377391819321266
55289.568164965596	0.999976825910572	0.0004237963883292968
55289.588599058035	0.9996298221076634	0.00042375265717838734
55289.60903335059	0.9994097735657673	0.00042373533090251254
55289.62946754326	1.0000568477128706	0.0004238000525656261
55289.649901636105	1.0009999365340398	0.0004238895423263254
55289.67033592907	1.000662824922295	0.0004238637381282805
55289.6907701222	0.9993786589765293	0.00042372467302256536
55289.711204215455	0.9997335927436237	0.00042376432920498345
55289.731638508885	1.0004373348292956	0.00042383597239676327
55289.752072702424	0.9991199823465305	0.00042369929270659397
55289.772506796144	1.0004364048144612	0.0004238366843666921
55289.79294098998	1.0003628811287337	0.0004240123540432979
55289.81337528396	0.999791350035453	0.0004237775411440371
55289.833809378084	1.000323168859282	0.00042382193100355486
55289.85424357236	0.9998438985614264	0.0004237625304899317
55289.87467786677	0.9998625227139832	0.00042375836899001865
55289.915546156015	1.000452872445259	0.0004238157480935439
55289.935980450864	1.0001999098009762	0.00042381434580117535
55289.956414545864	0.9994602103297928	0.00042373649763908784
55289.97684874101	0.999957806037132	0.0004237658760850214
55289.99728303627	0.9999832113103733	0.0004237746160938337
55290.03815132723	1.0000585177509662	0.00042378859454153783
55290.05858562295	1.0004155783108368	0.0004238294189109708
55290.079019718796	1.000004477305145	0.000423785174239146
55290.09945391479	1.0005032302062788	0.00042383921997760673
55290.11988821089	0.9995862898727411	0.0004237517615091698
55290.14032230717	0.9996696017096556	0.00042376723290571985
55290.160756503596	1.000162276365047	0.0004238018138988931
55290.18119080013	1.000482277885324	0.00042383847571782364
55290.20162499685	0.9999247638362954	0.0004237807760784265
55290.222059093685	1.0000748362276373	0.0004237880465797176
55290.24249339066	0.9997460962878509	0.0004237593147887457
55290.262927587784	1.0002004556431896	0.00042381203636405736
55290.283361685055	0.9998184355576077	0.00042375863404486304
55290.303795982465	0.9996481457399516	0.00042375037577100494
55290.32423018	0.9995426708764309	0.0004237485507161688
55290.344664277705	0.9989835958273874	0.00042368159068659786
55290.36509857552	0.9993714447873042	0.0004237201264637953
55290.38553277349	0.999680495125087	0.0004237463332765942
55290.40596687161	1.0002695567326598	0.00042382389242604526
55290.44683536827	1.000068478378272	0.0004238035524385814
55290.46726946679	1.0001606951640338	0.00042380264191947047
55290.48770366548	1.0003145456351112	0.00042381659606510427
55290.508137964294	0.9994653948670248	0.0004237318189149944
55290.54900626239	1.0003391247600808	0.0004238275806481582
55290.5694405616	0.9999826748650381	0.0004237859623244242
55290.589874761	0.9997767804733991	0.0004237668485853667
55290.61030886053	0.9998356108963553	0.00042376932495530095
55290.63074316019	1.0006298859851885	0.0004238713600516758
55290.65117725999	1.0017701311355949	0.0004239504740880382
55290.67161145994	0.9999729130466789	0.00042378343001794704
55290.69204576003	0.999131451888961	0.00042371292788788813
55290.71247986024	1.0000600745565151	0.0004237962779090062
55290.732914060616	1.0000217812133556	0.0004237813420289688
55290.75334836112	1.0000055539138613	0.00042379343821355464
55290.773782461765	1.0005350047900403	0.0004238222092816767
55290.79421666256	1.0005888607229811	0.00042381266399728
55290.81465096349	1.0001723313539943	0.00042380074368854315
55290.835085064544	0.9987514008901849	0.00042366481271935663
55290.85551926574	0.9998931547546746	0.00042374619668310596
55290.87595356708	0.9989346960263411	0.00042366107700792357
55290.896387768575	0.99975122911029	0.0004237370526059684
55290.91682187021	1.0001816578448979	0.00042379928411505227
55290.93725617196	1.0008707970155282	0.00042383834191140316
55290.957690373856	0.9998219679767009	0.00042373575508787304
55290.97812447589	0.9998927941730732	0.00042374008935008314
55290.99855877808	1.0005880544667523	0.0004238247493603473
55291.01899298042	0.9998533437329742	0.00042373749680093507
55291.03942708286	1.0009116156023703	0.0004238575407770981
55291.05986128546	0.9995890188528501	0.00042373351285333817
55291.100729691054	0.999876569560959	0.0004237466907480754
55291.12116389409	1.0000628540644116	0.00042375879282242207
55291.14159819724	1.000150171461231	0.0004237812831697532
55291.162032300526	1.0006138663145696	0.00042380039273433166
55291.18246650397	0.9996099310677549	0.0004237084702261725
55291.202900807526	1.0001281967577589	0.0004237828631560478
55291.22333501122	1.0002201431843345	0.00042376890180864614
55291.24376911507	0.9998036205521141	0.0004237311977365493
55291.264203419065	0.9997447197472814	0.0004237290545562855
55291.28463762317	0.9997436435982572	0.0004237146707571471
55291.30507172742	0.9999129272278393	0.00042375545565428524
55291.325506031826	1.0003725021085783	0.0004237724954068115
55291.345940236366	1.0005406077630712	0.0004237923303580886
55291.36637434103	0.999803701076055	0.00042371668309231105
55291.38680864587	1.000107052756321	0.00042375446969972284
55291.407242850786	1.0004536340556698	0.0004237828504490453
55291.427676955886	1.0007303882685954	0.00042381043524830685
55291.4481112611	0.9999091164840137	0.0004237431493872116
55291.46854536646	0.9990655830228389	0.00042365013548167435
55291.488979571965	0.9985923494670417	0.00042360955619350806
55291.50941387762	0.9987161540409819	0.00042360421734138947
55291.52984798338	0.998832786455935	0.0004236293969996875
55291.550282189266	0.9972287527232595	0.0004234702957449159
55291.57071649533	0.9973712920964382	0.00042348982380772986
55291.5911507015	0.9981517763100911	0.00042354861595800486
55291.61158480782	0.9977134022736451	0.0004235108001923444
55291.63201911429	0.9979791942066766	0.0004235362097129602
55291.652453320894	0.9973313556383395	0.00042347529941099733
55291.672887427594	0.9975495071880066	0.00042350407286975147
55291.69332163447	0.9975459521306225	0.0004234872176193001
55291.713755941484	0.9979063551035263	0.00042352291507322234
55291.754624255904	0.9979859567638183	0.0004235315047101915
55291.7750585633	0.9981312177481273	0.00042353519493405707
55291.79549267084	0.9987116508422371	0.00042360534167164954
55291.81592687853	0.99759960055892	0.0004234690830212387
55291.83636118636	0.9984513246314655	0.0004235675741483982
55291.85679529431	0.997851686959357	0.00042353315589617756
55291.87722950241	0.9999840093446369	0.00042372372993501703
55291.89766381065	0.999647199143141	0.0004236912503182343
55291.91809801901	0.9993510447289085	0.00042367045182766986
55291.93853212748	0.9994434169872365	0.00042366844378504857
55291.95896643613	1.000350198265855	0.00042375904952068747
55291.979400644894	1.0003676899489793	0.0004237433822801826
55291.999834753806	0.9997120836082428	0.00042368801979294314
55292.02026906283	0.9991943998175922	0.0004236374881115908
55292.04070327203	0.9999894632286572	0.00042370447331348054
55292.06113738132	1.000039680544185	0.0004237043765069272
55292.08157169078	1.0002607321739312	0.0004237331405727353
55292.102005900364	1.000331331431279	0.0004237278864784731
55292.12244001006	1.000608052688521	0.0004237653437798872
55292.14287431993	0.9999315935395422	0.00042367255463410106
55292.16330852992	1.0001836553231067	0.00042371094164178196
55292.18374264005	0.9999219683469315	0.0004236763943652804
55292.2041769503	1.0003481468448756	0.0004237064602953227
55292.224611160695	1.0009552713925636	0.000423769031556991
55292.24504527121	0.9998540302004557	0.000423661814136092
55292.26547948186	0.9998276958351582	0.00042366600109659754
55292.285913792664	1.0005549681270411	0.0004237449406011019
55292.306347903585	1.0001501725757311	0.000423704390407876
55292.326782114644	0.9994565734708999	0.00042362792954592937
55292.34721642586	0.9997861324423761	0.0004236359106280448
55292.367650537184	1.0001268669749537	0.00042368232164588016
55292.38808474865	0.999341375573915	0.0004236199438993142
55292.40851906024	0.9998654537831189	0.00042364610265748306
55292.42895317198	1.0003003770809977	0.0004236763067030648
55292.44938738382	1.0001391467093543	0.00042366282571615425
55292.46982169585	0.9996597338264198	0.0004236368534594467
55292.49025580796	0.9996926255738692	0.00042361776676799203
55292.510690020245	0.9997036826884854	0.00042361656419756354
55292.53112433265	0.9996283249158369	0.0004235954358587847
55292.55155844517	1.000114556790256	0.00042364710056976435
55292.57199265783	1.0007715832437687	0.00042371405851727274
55292.592426970645	1.000222083192519	0.0004236482898942978
55292.612861183574	1.0001238571119835	0.0004236605013365555
55292.63329529664	1.000343047056582	0.0004236685781396804
55292.65372960983	0.9998460555074571	0.00042361352083873486
55292.67416382317	1.0006147028313102	0.00042369697374184154
55292.694597936614	0.9991664401419597	0.00042353861594576043
55292.71503225024	1.0002265943216453	0.0004236523654237954
55292.73546646396	0.9997671516568397	0.00042361110101776393
55292.75590057781	1.0002138189203384	0.00042364301811135245
55292.776334891816	0.999376698174941	0.0004235594392533717
55292.79676910594	0.9995820525988076	0.0004235725395181232
55292.8172032202	0.9996892877620577	0.00042359615376742543
55292.83763743458	0.9997227894265701	0.0004235987640571912
55292.87850596378	0.9997983485733118	0.00042359167998108556
55292.89894007857	0.9996108303010053	0.00042359897488183207
55292.91937439348	0.999498354416335	0.00042355525247609254
55292.93980860853	0.9996929302627355	0.00042359025783738746
55292.960242723726	0.999914863832009	0.00042359872581023767
55292.98067703904	0.9997921748440564	0.000423612516845479
55293.001111154495	0.9998941447699036	0.00042358198074205655
55293.02154537007	0.9994130272445064	0.0004235471098282315
55293.04197968576	0.999904748254855	0.00042358839167554586
55293.0624138016	1.0002197896352778	0.00042360873549231724
55293.082848017584	1.0000700616656453	0.00042359553534752984
55293.10328233369	0.9991690469637142	0.00042351402763525015
55293.123716449925	0.999764457741193	0.0004235705922375564
55293.14415066629	1.0006109087390385	0.00042364577653488045
55293.16458498279	0.9995253264752048	0.0004235555528228645
55293.185019099416	1.0000593960611945	0.00042358282829360117
55293.205453316186	1.0000361706675436	0.00042357986789219414
55293.225887633074	1.000573312803475	0.0004236311685913809
55293.26675596725	1.0002049412210428	0.00042360452578511993
55293.287190284536	0.9997797367109365	0.00042357519706349663
55293.30762450195	1.0002308224265204	0.0004235848244688316
55293.328058619474	0.9995109603773243	0.0004235143682930851
55293.34849293718	1.0004751150725442	0.0004236093865751925
55293.36892715499	1.0001125884321092	0.0004235856026094477
55293.38936127292	1.0000203345883123	0.0004235840644065125
55293.40979559097	1.0000986743566007	0.0004235647426797159
55293.430229809164	1.0001730544319611	0.0004235857183800675
55293.45066392748	0.9998243787999316	0.0004235487868232316
55293.471098145936	1.0000651532794238	0.00042356716173451344
55293.49153246453	1.000566503129608	0.00042360815401787464
55293.53240080209	0.9997866332270786	0.0004235430974852741
55293.55283512107	1.000113021962208	0.0004235610540445418
55293.573269340166	1.0005490001387674	0.0004235919709139368
55293.59370345941	1.0006979195694947	0.00042360914882719214
55293.614137778764	0.9999336972857887	0.0004235234028803032
55293.63457199824	1.0005809974338595	0.00042360718804367763
55293.655006117864	1.0006068771803664	0.0004236117212961439
55293.675440437626	1.000368885726386	0.0004235654493468724
55293.69587465751	1.0010236872903278	0.00042365033086879875
55293.71630877751	1.0001515146933262	0.00042356097893697176
55293.73674309765	0.9993965960089989	0.00042346457669441593
55293.757177217914	0.999576613829105	0.0004234818245164303
55293.77761143832	1.0001625295446845	0.0004235445343855269
55293.79804575881	0.9995736214840351	0.000423493246811162
55293.81847997948	1.0006097247899512	0.000423586988443901
55293.83891410027	0.9995669812838665	0.00042346529756325023
55293.85934842117	1.0001342676441851	0.00042354779201660825
55293.90021676338	1.0002026467391831	0.00042355135666229235
55293.94108520608	1.0003922023993392	0.000423549973273836
55293.96151942763	0.9995873409396521	0.00042348642849025455
55293.98195374931	0.9991967544329519	0.000423469765293946
55294.002387971115	0.9998108397646762	0.00042349568600589523
55294.02282209304	0.9998783952841206	0.00042349879992068337
55294.0432563151	0.9996217460742893	0.00042346824712187497
55294.06369063728	0.9997465309105407	0.0004234746704619831
55294.08412475961	0.9999001205919171	0.0004235099248728162
55294.10455898205	0.9997290537239055	0.00042346778630956614
55294.12499330464	1.0007421821460787	0.00042356876500402826