55083.25326629979	1.000449179189849	0.0003946596690889399
55083.273699544494	1.0004572078397127	0.00039465990029157686
55083.29413278873	0.9998208702029304	0.00039460482089282356
55083.31456593273	0.9996129006594077	0.00039459683491038496
55083.33499927673	1.0001404974406745	0.00039464932406117526
55083.35543252027	0.9997801929127162	0.0003946281813548709
55083.37586566358	1.0006647803212534	0.0003947236089348705
55083.396299006876	1.0000596455081932	0.00039464362979736283
55083.416732249716	1.0006391441342033	0.00039472531613744176
55083.43716539255	1.0001570393465158	0.00039466712117086107
55083.45759863492	0.9999214848717308	0.00039465463231013923
55083.4780319773	0.9994618522043828	0.00039460288362638205
55083.49846511944	1.000501012376027	0.0003947238518804401
55083.51889836111	1.0002709531365541	0.0003947019432991783
55083.539331602784	1.0004443444853754	0.0003947223828977531
55083.5801980852	0.9996251703958569	0.0003946597407984883
55083.600631226174	1.000022082352536	0.00039472304546921794
55083.62106456692	0.999269787033023	0.00039466686071970445
55083.641497807424	1.0002216639720776	0.0003947452885241952
55083.6619310477	1.0000009661983722	0.00039472912505125296
55083.702797527556	0.999954183827769	0.00039473025347843153
55083.72323076714	0.9994804335480832	0.0003947144332104524
55083.74366390625	0.9999431501709203	0.0003947475108819048
55083.76409724559	0.9999401680079699	0.00039475966866053553
55084.29536128382	0.9995298588464203	0.00039473881153176394
55084.33622774971	0.9996575992500006	0.00039476555295353636
55084.3566609823	0.9997007828781078	0.00039475790933984174
55084.37709411466	0.9998168815399973	0.0003947810234743668
55084.39752744679	0.9998567202546297	0.0003947639903031125
55084.41796067868	0.9999595051729248	0.0003947571841549853
55084.438393810575	0.9998108494528672	0.0003947694510284602
55084.479260373206	0.9996422340072889	0.00039472276412564575
55084.4996935044	1.0005840782646644	0.00039482054075973435
55084.52012673513	1.0006245908843647	0.0003948048076705504
55084.540560065856	0.9998541976939112	0.0003947242901402472
55084.56099329612	1.0005760815746345	0.0003947687467701617
55084.58142642639	1.0002035988486475	0.00039475825162824254
55084.60185965619	1.0006180754966234	0.000394790146402106
55084.64272611532	1.0001289491372998	0.0003947264078084284
55084.66315934466	1.00004203504128	0.00039475036478080894
55084.683592673755	0.999783013943315	0.00039470492302104746
55084.70402580239	1.0005627996436641	0.0003947756484567626
55084.72445903103	0.9996681307819356	0.0003946675942466628
55084.74489225943	1.0006708523030141	0.0003947537133179774
55084.7653254876	1.0001982849391693	0.0003947206240796897
55084.78575871554	0.9996420587314006	0.00039466412838544797
55084.80619194324	1.0002976648542339	0.00039473813482311513
55084.82662527071	0.9995724089614614	0.0003946509633003257
55084.84705839795	0.9995052662118399	0.000394645268943529
55084.86749162495	0.9996573939045112	0.0003946712137076689
55084.887924751725	0.9995130452128554	0.00039464126319371004
55084.90835807827	0.9997361699267793	0.00039469342381177744
55084.92879130457	1.0000891271123071	0.00039471356135276466
55084.94922443088	0.9998489992054527	0.00039466913291130793
55084.96965775672	0.9998181991973161	0.0003946581312127256
55084.99009098233	1.000064974843682	0.0003946835686857339
55085.01052410794	1.000496883546553	0.00039473844830997844
55085.03095733308	0.9995352265238533	0.0003946475000287783
55085.05139055822	0.9994901678563574	0.00039467357706765447
55085.0718238829	0.9991978823185294	0.0003946298159556355
55085.09225700758	0.9994600850850499	0.0003946440466600281
55085.112690331785	0.9997995909360385	0.00039469791381053154
55085.133123456	1.0000204023482617	0.00039470447497988
55085.15355667998	1.0003789184168443	0.0003947522437579672
55085.17398980349	1.0001522674259509	0.00039471624005648785
55085.194423127	0.9994659685226236	0.00039465419927948466
55085.214856350285	1.0004242905164948	0.0003947646501548814
55085.23528957333	1.0002043370970983	0.0003947476508567535
55085.255722796144	1.0002404538054568	0.00039474469524238025
55085.27615601873	1.0009567520522062	0.00039483310038679754
55085.29658924107	0.9998917458096489	0.00039470695172155816
55085.31702236319	0.9997618643101099	0.0003947072764047959
55085.337455685076	0.9996570789183901	0.0003946996351389184
55085.35788890672	1.0009829987051029	0.00039483473906781866
55085.37832202814	1.0002433999507887	0.0003947621628982787
55085.39875534933	0.9993428445901146	0.0003946858269638474
55085.41918857051	1.0002196518744921	0.0003947483498801881
55085.43962169123	0.9997903909544976	0.00039473230786730176
55085.46005491172	1.0003398037760791	0.0003947732400796062
55085.4804882322	1.0002238520421989	0.0003947734917185442
55085.50092135222	0.9996929492461818	0.0003947256908834722
55085.52135457224	0.9999751508341723	0.0003947589173875255
55085.541787891794	0.9992300411107956	0.000394692682597625
55085.56222111135	0.9979264206771409	0.0003945533393446693
55085.582654230675	0.9982334996781291	0.0003945833808794543
55085.603087449526	0.9977680371874705	0.000394543609254426
55085.623520768386	0.9974280737199642	0.00039451164901303435
55085.64395388701	0.9972814923803337	0.00039448642020497687
55085.6643871054	0.9985846781961331	0.0003946191476259094
55085.68482042356	0.9975841887227079	0.000394514074610373
55085.705253541484	0.9978442345015626	0.0003945636498097945
55085.72568675917	0.9983798266918833	0.0003946057543161813
55085.74611997663	0.9980712016944194	0.00039456286751171095
55085.76655319386	0.9974370179368018	0.0003945090077446937
55085.78698641085	0.9981446426416191	0.00039458655358740616
55085.807419627614	0.9971000425000912	0.0003944965579339694
55085.827852844144	0.9983505341000495	0.00039460892112011254
55085.84828606067	0.9975471484389531	0.00039453466144372926
55085.86871927673	0.9977556465130495	0.00039454816812695034
55085.88915239256	0.9983111655916144	0.0003947351675528588
55085.90958570839	0.9977908356493602	0.0003945686192573599
55085.930018923755	0.9984820460949689	0.00039462162811023613
55085.95045203912	1.0012437627178457	0.0003948995167509147
55085.970885354014	0.9997969288436489	0.00039474379309217025
55085.991318568915	1.0005838479830471	0.0003948264472429023
55086.01175168358	0.9998618654418118	0.00039474506465259773
55086.03218489778	0.9997562231456447	0.00039475344554524005
55086.05261821198	1.0000359218867507	0.0003947693136820709
55086.07305142595	0.9993457027526358	0.000394694707146809
55086.093484539684	0.9991863500694103	0.0003946814323591791
55086.11391785318	0.9995664817201951	0.00039472245101679294
55086.13435106645	1.0004159206505703	0.00039480755936928137
55086.15478417948	1.0000924736183232	0.0003947703235053368
55086.17521739229	0.9997349768146512	0.00039475567584672537
55086.19565070486	1.000401552246094	0.00039483864559127223
55086.2160838172	0.9998438065894323	0.00039476135833047877
55086.23651702953	0.999977332138308	0.000394776771734522
55086.256950341405	0.9999993524886078	0.0003947814554091977
55086.27738345304	1.0004101764845559	0.0003947928921295761
55086.29781666468	1.0000572884068526	0.0003947742736156547
55086.318249875854	0.9998133405794649	0.0003947627855766706
55086.33868318702	1.000167971586835	0.000394798426032277
55086.35911629773	1.000251632142316	0.0003948013599885794
55086.37954950844	0.9995760242420761	0.00039472923927616894
55086.39998281891	1.0001287865338766	0.00039478377522069667
55086.44084913893	1.000158991223742	0.0003947707750742266
55086.46128224871	1.000131048886522	0.0003947838347868203
55086.48171555825	0.9998515393219245	0.00039476150266711516
55086.50214876756	1.000484942982438	0.0003948468040235266
55086.52258187664	1.000110107083099	0.00039478445165879106
55086.54301518548	1.000227097294752	0.0003947984727824783
55086.563448394096	0.9999827876934833	0.0003947712582265176
55086.583881502476	1.0003070971375887	0.00039479732207225315
55086.60431471062	0.9999695889889376	0.00039477602279752787
55086.62474801877	0.9999051835854759	0.00039477684713819765
55086.64518112645	1.0001538976434676	0.00039478504145641603
55086.68604764134	1.0003061297637599	0.00039479961778134744
55086.706480748326	0.999889559649374	0.00039476392610807604
55086.7269139553	1.0002767217614985	0.0003948170134256616
55086.74734706205	0.9993845218180971	0.00039473072711269035
55086.76778036834	0.9999574144190958	0.0003947746270851979
55086.78821357462	1.0002950498497742	0.00039478373091189156
55086.80864678067	0.9997934325424123	0.00039474665784654
55086.82907998649	0.9993528214767717	0.0003947086661990453
55086.84951319207	0.9998905116884057	0.00039475996184123096
55086.869946397426	0.9994463184113498	0.0003947241490530274
55086.89037950255	0.9995011991957367	0.0003947491912392109
55086.91081280743	1.0000914098524287	0.0003947935459984255
55086.931246012085	0.9998643346561864	0.00039477135179783205
55086.97211242069	1.0003356252541322	0.00039483946363396506
55086.99254562488	1.0001750543419372	0.00039479808274361916
55087.012978728606	1.0001526625267108	0.0003948256272152232
55087.03341193209	1.000324660944305	0.0003948282591933602
55087.05384523558	0.9995723372726021	0.00039477156684053624
55087.07427843884	1.0002783578499315	0.0003948373898590162
55087.09471154163	1.0002525888634906	0.0003948299705745335
55087.11514484442	1.0000931698709927	0.00039482602856938604
55087.135578046975	0.9996199797940857	0.00039477075075230566
55087.15601114907	1.0003539740632585	0.0003948591904129132
55087.176444351164	0.9999253874860511	0.000394849258743587
55087.19687765303	1.0000172293278704	0.0003948453771622247
55087.237743956044	0.9999251968433363	0.00039482676567900656
55087.2581772572	1.0005273455950412	0.0003948750703268719
55087.27861035813	0.9997077655857781	0.00039481671267413545
55087.29904355906	1.0001950165457205	0.00039487008241285564
55087.33990995975	0.9995501924312159	0.0003948272733984714
55087.360343159984	0.9999288303603557	0.000394873552167593
55087.38077635975	0.9998128073322347	0.0003948642757786085
55087.40120965951	1.0002473794811453	0.0003949192309710527
55087.85073979658	1.0012406517888495	0.0003950749073342888
55087.871172991225	0.9998377661313964	0.00039494350164038004
55087.89160618586	0.9995065626255456	0.0003949236291685577
55087.91203948004	0.9997004447786968	0.00039495077231205256
55087.932472573986	1.0003035601932928	0.00039499898149566293
55087.95290576769	0.9998958354805079	0.0003949513256186069
55087.97333896117	0.9998832761539398	0.00039497173026982165
55087.99377215465	0.9998401465606884	0.00039496797877100134
55088.01420524766	0.9999870611166762	0.00039495499339576006
55088.034638540674	0.9996435296857786	0.00039491083643924854
55088.05507173322	1.000138638866986	0.00039494792994830666
55088.075504925764	1.0001883436015044	0.00039495966100729194
55088.09593801808	1.0001210133409635	0.00039493808392494203
55088.11637131016	0.99995949634188	0.00039490337744717193
55088.136804502006	1.0000252570970314	0.0003949172838506712
55088.17767088501	0.9999529470299492	0.00039489187051603244
55088.19810407615	1.0000517522441523	0.00039488305924170167
55088.21853716707	1.000029789514063	0.0003948786205706928
55088.23897035776	1.0003298355803936	0.00039486678253134946