56284.48018768459	1.000252495427585	0.00010892974205397098
56284.50062065016	1.0001019443119457	0.00010892343061967574
56284.521053615834	1.0000963468867763	0.00010892454501141704
56284.54148648169	1.0000017734289406	0.00010892060125321819
56284.5619195477	0.9999523836955823	0.00010891709103004712
56284.58235251381	0.999943055085096	0.00010891728738604869
56284.60278548011	1.0000658890870557	0.00010892327069567833
56284.62321844658	1.0000324492954002	0.000108922379536001
56284.64365141316	0.9999205933704068	0.00010891980379140947
56284.66408447992	0.9997893682023988	0.00010891402038643554
56284.684517346825	0.9998772754070224	0.00010891784653780836
56284.7049503139	1.0001286157259013	0.00010892532611625433
56284.7253833811	0.9999561012633786	0.0001089208750171186
56284.76624921595	1.0000837654170014	0.00010892445515468334
56284.786682283615	0.9999784912757024	0.00010892079863253302
56284.80711515142	0.9997540656901351	0.00010891133889210738
56284.8275482194	0.9999616462581657	0.00010891947166514351
56284.8479811875	0.9999330736786315	0.00010891932020982829
56284.868414055774	0.9998100176123562	0.00010891455882504233
56284.88884712419	0.9997474006921073	0.00010891228709349586
56284.909280092754	1.0000811083546157	0.00010892867546337527
56284.92971296149	0.9997435954321456	0.00010891348547112105
56284.95014603037	0.9998136820956923	0.00010891581008324678
56284.970578999404	0.9998317294947334	0.00010891816224977143
56284.991012068545	0.9998093699534217	0.00010891694653296855
56285.03187790739	0.9998931715098001	0.00010892121613677991
56285.05231097703	1.0000711964625515	0.00010892728009024675
56285.07274384682	0.9998411077581193	0.00010891886287721757
56285.09317681678	0.9996769008628562	0.00010891107561747984
56285.11360988685	0.9999840962502159	0.00010892461529541946
56285.134042857106	0.9998000544270136	0.00010891702314695802
56285.154475727504	0.9999208928127651	0.00010892374429607921
56285.17490879807	0.999866587862281	0.00010892022988532362
56285.19534166879	0.999846918802046	0.00010891914903361191
56285.21577473963	1.0000301339757676	0.00010892821531991156
56285.23620771066	0.9999059360111315	0.00010892287573962563
56285.256640581814	0.9999776770065173	0.00010892602156567193
56285.277073653146	0.9998582484825829	0.00010892146870821861
56285.297506624614	0.99987865470869	0.00010892067137312331
56285.317939496264	0.9999433444514347	0.00010892258613481836
56285.33837256806	0.9999078172556184	0.00010892019371426633
56285.358805539996	0.9997794599733563	0.0001089163433699148
56285.37923841208	1.0001270774518234	0.00010893060635294411
56285.399671484345	0.9997032181096831	0.00010891160045368356
56285.420104456716	0.9999973910384163	0.00010892482965299895
56285.44053752927	1.0001118241389306	0.00010892773271950582
56285.460970402	0.9999278312299129	0.00010892233876142927
56285.48140337486	1.000080900586553	0.00010892818508699053
56285.50183644788	0.9999064727898782	0.00010892079373573482
56285.54270229438	1.0000544647839469	0.00010892658449860474
56285.56313536786	1.000044289830438	0.00010892751595184074
56285.58356824152	1.0002387780636413	0.00010893490523262002
56285.60400131529	1.000027794152095	0.00010892565856449594
56285.62443428924	1.0001902658782882	0.00010893067267693491
56285.644867263334	1.0002431923531272	0.00010893693888668757
56285.68573321204	0.9999890739263655	0.00010892599654172034
56285.7061661866	1.0003154321430898	0.00010893668166366188
56285.7265991613	1.000345013304205	0.00010893985644870892
56285.74703213618	1.0005461372336943	0.00010894725871841052
56285.78789808643	1.000319447983705	0.00010893861128093462
56285.80833106178	1.0002911453016066	0.00010893772833839868
56285.82876403727	1.0003416553306037	0.00010894045920458673
56285.84919701293	1.0003970419228072	0.00010894169542122631
56285.869629988774	1.0001173874860425	0.00010893166846629609
56285.890063064726	1.000207245135112	0.00010893485267182663
56285.91049594086	1.0000118801745876	0.00010892512804288412
56285.930928917165	1.0003396573174166	0.00010893931235208945
56285.95136199359	1.0000259752153207	0.00010892610400065168
56285.97179487018	1.0000558131084418	0.00010892824434180114
56285.99222784695	1.0002444837619169	0.00010893615148978625
56286.05352687814	1.0001195614959466	0.00010893110869519471
56286.07395985552	1.000095788652853	0.00010892934083084
56286.09439273307	0.9998675604864339	0.0001089200940173677
56286.11482581078	0.9999244397968404	0.00010892226645596286
56286.13525878862	1.0001029468864688	0.0001089300101856418
56286.17612474479	0.9996667897999976	0.00010891076710807624
56286.19655772313	0.9999608885824877	0.00010892427152241309
56286.216990801615	0.9998281015831095	0.00010891869492011374
56286.23742368025	0.999690686110112	0.00010891249708021014
56286.257856659024	0.9998982533386164	0.00010892003669031274
56286.27828973798	0.9998457403898902	0.00010891894794754396
56286.29872271711	0.9999246145412372	0.00010892249796886536
56286.319155596386	0.9996789678819638	0.00010891120345013456
56286.3395886758	0.9998960145439376	0.00010892010378683958
56286.3600216554	0.9998439604277088	0.00010892040839247052
56286.38045453516	0.9998733637374471	0.00010891989855577764
56286.40088761505	0.9998914792364417	0.00010892205243117182
56286.42132059511	0.9997938480711406	0.0001089172471658515
56286.44175357534	0.99977453117148	0.0001089178826339612
56286.46218655572	0.9996262800004191	0.00010891073985146597
56286.48261943625	0.9996229082084919	0.00010890991055895927
56286.50305251694	1.0000365785382785	0.00010892809717828843
56286.52348549782	0.9999684941835791	0.0001089263448766624
56286.54391837884	0.999919790892839	0.00010892227247905172
56286.56435146	0.9996820648399137	0.00010891428868579858
56286.584784441344	1.0001550423778893	0.0001089342094594544
56286.60521732283	0.999746257891117	0.00010891667023490261
56286.62565040449	1.0000411622710457	0.00010892894781960283
56286.646083386295	1.0000273780912052	0.00010892686133629274
56286.66651646825	1.0000151690201378	0.000108927914069555
56286.6869493504	1.0000067248487816	0.00010892922338168952
56286.70738233267	1.000121479552481	0.0001089336075507228
56286.72781541512	0.999906580986191	0.00010892435158238029
56286.748248297736	1.0000160076014846	0.00010892884069850395
56286.768681280504	0.9999025549005658	0.00010892646136433298
56286.78911436342	1.000325523004281	0.00010894329033973259
56286.80954724653	1.0000021892373847	0.00010892966457167521
56286.82998032976	0.9998506576214513	0.00010892339401115594
56286.850413313165	0.9999997437343796	0.00010892827714983022
56286.87084629675	1.0003566253700522	0.00010894390708272571
56286.89127928048	1.0001348402196868	0.00010893654329725986
56286.91171226438	0.9998232767914241	0.00010892095732394979
56286.93214524842	1.0000751808647403	0.00010893149535642739
56286.952578232616	1.0003293023690525	0.00010894258041417354
56286.97301121698	1.0002130250426526	0.00010893771104598258
56286.99344420152	1.0003245903277955	0.00010894569914362951
56287.01387728621	1.0003347211548987	0.00010894631487139854
56287.034310171075	1.0003417283059697	0.00010894405301113485
56287.05474325608	1.0002570247165379	0.00010894046473754196
56287.07517624126	1.0003854100158505	0.0001089459536249449
56287.09560912661	1.0002234875698544	0.00010894072727266445
56287.11604221209	1.0001406574902874	0.0001089339272749111
56287.13647509774	1.0001541469235076	0.00010893547027607595
56287.15690808359	0.9999334932556349	0.00010892717519524057
56287.177341169554	0.999470579453532	0.00010891013713611572
56287.1977740557	0.9995783506778317	0.00010891310570520372
56287.21820704201	0.9993301649945886	0.00010890324497004108
56287.238640128475	0.9994115892341175	0.00010890549778861431
56287.25907301511	0.9995522049847821	0.00010891178786546311
56287.27950610189	0.999258603143911	0.00010890176273165264
56287.29993908885	0.9992950145245879	0.00010890203720067742
56287.320371975955	0.999132414906979	0.00010889415055799256
56287.34080506323	0.9991413976096057	0.00010889379386106952
56287.36123805068	0.9992814906374464	0.00010890019576062435
56287.38167103828	0.9991790537156645	0.00010889597998845399
56287.40210402602	0.9991375222917744	0.00010889709629475235
56287.42253701397	0.9995897853146406	0.00010891365323168748
56287.442970102034	0.9993650426141314	0.00010890471036656871
56287.463402990295	0.9992678281460627	0.00010890138212382236
56287.48383597871	0.9993781860420563	0.00010890697115110062
56287.5042690673	0.9993313168216134	0.00010890274513740304
56287.52470205603	0.9991049074714531	0.00010889603007081332
56287.545134944936	0.9992873158091997	0.00010890417570054323
56287.56556803402	0.9993118813738296	0.0001089041607840588
56287.58600102324	0.999351638168308	0.00010890691389424559
56287.60643391262	0.9995211735417231	0.0001089141200200081
56287.62686700217	0.9998519307010323	0.00010892793905686475
56287.667733081784	0.9998370346058749	0.0001089274232533617
56287.68816597183	0.9999297090457545	0.00010893345824903176
56287.70859896204	0.9999684900542296	0.00010893431651508347
56287.729032052404	0.9998077273733966	0.00010892881409120966
56287.74946494294	0.9998015617113537	0.00010892827067265288
56287.76989793365	0.9997740989708558	0.00010892985416544948
56287.79033092451	0.9997877704602559	0.00010893041312717926
56287.81076391554	0.9999662843887888	0.00010893900741883457
56287.831196806714	0.9999181610663188	0.0001089371307414116
56287.8516298981	0.9998073344419525	0.0001089324967022759
56287.8720628896	0.9998469422552775	0.00010893172277301191
56287.892495981294	0.9997762883321194	0.00010892964118833576
56287.91292887314	0.9999442645211825	0.00010893857533152617
56287.933361865165	0.9998175293647525	0.0001089310804526365
56287.95379495733	0.9999507000540828	0.00010893646865912976
56287.9742278497	1.0000056577400633	0.00010893930152705862
56287.99466084219	0.9998359227034024	0.00010893449923321012
56288.015093934875	1.0000625085469554	0.00010894100589536669
56288.03552682768	1.0002252581456301	0.00010894813160231283
56288.05595992069	1.000219029680218	0.00010894934023878847
56288.07639291388	1.000344933232531	0.00010895573547255436
56288.09682590721	1.0000973764529717	0.00010894456156412022
56288.11725890072	1.0003333017180644	0.0001089557419168003
56288.137691894364	1.0000605515827408	0.00010894353837809864
56288.15812488819	1.0002344317107539	0.00010895339169936871
56288.17855798219	1.0004394530298402	0.00010895993465044504
56288.198990876364	1.0002650531519168	0.00010895507104319149
56288.21942387069	1.000373519549598	0.0001089578585037157
56288.23985696518	1.000116497006534	0.0001089487770927534
56288.26028985982	1.0003111352476348	0.00010895710155425458
56288.28072295467	1.0001990103273408	0.0001089506512397291
56288.30115594965	1.0003774879609146	0.00010896132395306145
56288.32158884482	1.0002361639248594	0.00010895194170437017
56288.34202194013	1.0001330982580279	0.00010895323340490124
56288.36245493561	1.0002130022811615	0.00010895471643739104
56288.38288783127	1.000076533696463	0.00010895006044060243
56288.40332092708	1.000186559004565	0.00010895293481313948
56288.42375382308	0.9999827658811321	0.00010894653367305298
56288.44418691924	1.000011441598628	0.00010894782896009153
56288.485052812044	0.9999309961155068	0.00010894517272437965
56288.50548590872	0.9998478010134335	0.0001089425470412635
56288.525918905514	0.9999434605597226	0.00010894542276670651
56288.546351902536	0.9998579610438783	0.0001089441836315042
56288.56678489968	0.9999316180410643	0.00010894686146672429
56288.587217897	0.9998253443578912	0.00010894434825955899
56288.60765089449	0.9997076371905301	0.00010893999360055084
56288.62808389216	0.9994919762632549	0.00010892980111427388
56288.648516889945	0.9995362938095764	0.00010893311581623817
56288.66894998796	0.9995469269400156	0.00010893473368413169
56288.68938298609	0.9995612775719979	0.0001089355134458764
56288.70981588446	0.9996302878330384	0.00010893820573658747
56288.73024898294	0.999605677199078	0.00010893829978618009
56288.77111488043	0.9998592535607841	0.00010894817679865361
56288.79154797943	0.9995797543703455	0.0001089381584726837
56288.811980978615	0.9998076709345548	0.00010894504731035666
56288.83241387791	0.999714540931504	0.00010894606959050362
56288.85284697744	0.9998641122900999	0.0001089495652488619
56288.87327997709	1.0001175807608478	0.00010896288140942757
56288.89371307696	1.0000424533326342	0.0001089599904682326
56288.91414597696	1.0000767350933968	0.0001089621300881457
56288.93457897713	0.9998951512413411	0.00010895561744250412
56288.95501207748	1.0000846215627244	0.00010896113571358627
56288.975444977994	1.000285262794489	0.00010897061535175217
56288.99587797869	1.0000866682332463	0.00010896583747670947
56289.0163110795	0.9999627636196152	0.0001089600816229817
56289.03674398054	1.0000538954168101	0.00010896419917883306
56289.05717708176	1.0001303143128213	0.00010896792683240867
56289.0776099831	0.9999155128778099	0.0001089598267780607
56289.0980429846	1.0001273473895969	0.00010897001975889535
56289.11847608635	1.0002319704325455	0.00010897273771240803
56289.159341990235	1.000056502651124	0.0001089681672373214
56289.179775092445	1.0000638469019532	0.00010896572529809391
56289.20020799483	1.0000908643481994	0.00010896833797325498
56289.22064099738	1.0002446363575241	0.00010897512283550795
56289.24107410006	1.0001856869680905	0.00010897615774957037
56289.26150710296	1.0004161019352102	0.00010898349733183354
56289.28194010598	1.0002269182970087	0.0001089747616663346
56289.30237310924	1.0003110049555772	0.00010897980847217074
56289.32280611261	1.0002610778545846	0.00010897826371733666
56289.34323911621	1.0000267062893895	0.00010897066390163059
56289.36367211994	1.0001541846505853	0.000108974882538066
56289.38410512383	1.0005213875882433	0.0001089895725589863
56289.4045382279	0.9999728075903188	0.00010896921281650729
56289.424971132146	1.000386171006263	0.00010898648902894989
56289.44540423656	1.000068911140752	0.00010896987527756121
56289.46583724116	1.0001556978883412	0.00010897492596708551
56289.48627014593	1.000134657662402	0.00010897440815896655
56289.50670325087	1.0001217707146295	0.00010897417908861163
56289.52713625599	1.0000122128748135	0.00010897097838003742
56289.54756916122	1.0001606392134506	0.00010897700066551354
56289.568002266686	1.0002782197328317	0.00010898072182053453
56289.58843527227	1.0001479763753678	0.00010897542171425791
56289.60886817809	1.0000300421367763	0.00010897181795580057
56289.62930128402	1.0002450897289308	0.00010897900734733361
56289.649734290186	1.0000420567531738	0.00010897338571266999
56289.67016739647	1.0001409734470303	0.0001089760588648357
56289.69060030292	1.0001869999427087	0.00010897955595670609
56289.711033309555	0.9997877783797385	0.00010896209154270483
56289.73146631636	0.9999826589514961	0.0001089697954188276
56289.75189932334	0.9999834244075185	0.00010897060091134229
56289.772332330554	1.0000567750604372	0.00010897420669024808
56289.79276533789	1.0000088451240075	0.0001089717504718285
56289.81319834533	1.0000689282276554	0.00010897510458598984
56289.83363135301	1.0000258532726498	0.00010897213324347029
56289.854064360865	1.0000335412042878	0.0001089723668051543
56289.87449736889	0.9999114042376809	0.00010896643391008707
56289.894930477094	0.9999115181626768	0.00010896727675753308
56289.915363485474	0.9999670341132274	0.00010896875248892831
56289.93579639396	0.9997898491595026	0.00010896283300096522
56289.95622950269	0.9998722475726903	0.00010896479187779916
56289.97666251159	0.9999639196191052	0.00010897057106745586
56289.99709542061	0.9998420859722554	0.00010896076188930243
56290.01752852986	0.9997286035817923	0.00010896079633444259
56290.058394648826	0.9999230930876214	0.00010896504239802561
56290.078827558544	0.9999189313614616	0.00010896521117161168
56290.09926056849	0.9997561232094658	0.00010895836115371514
56290.140126588856	0.9996929749566054	0.00010895433065728716
56290.16055959927	0.99978362327229	0.00010895847879660399
56290.18099270986	0.9995488110027883	0.00010894745186862302
56290.20142562068	0.9995897908063283	0.00010894684811060018
56290.221858631616	0.9997635561118043	0.00010895453230883355
56290.24229174279	0.9996238896319178	0.0001089482020967759
56290.26272465408	0.9997748801629951	0.00010895395658495564
56290.28315776554	0.9998880284048004	0.00010896000233836775