55204.31845925587	1.0002085536142495	0.00010345432493402576
55204.338892594744	1.000083617729631	0.00010344883193583525
55204.35932603398	1.0002270410547212	0.00010345443381183663
55204.40019261313	1.0000813082041258	0.00010345025765247479
55204.42062585306	0.9999094928017701	0.0001034410171408546
55204.44105929334	1.0000616173064263	0.00010345132792789893
55204.46149263385	1.0000519206336793	0.00010344934406130566
55204.48192597459	0.9999854533192912	0.00010344530957892664
55204.50235931569	0.9998384916928162	0.00010343935991831646
55204.52279265689	0.9998067152979374	0.00010343775199877692
55204.54322599845	1.0000800057906236	0.00010344966967806569
55204.56365934036	0.9998728931318639	0.0001034412891951912
55204.58409268238	0.9998280381114736	0.00010343830752071672
55204.62495946724	0.9998670826633365	0.0001034396805668031
55204.6453927102	0.9998101791844597	0.00010343903013391409
55204.66582605327	0.9996038785921669	0.00010342947585940577
55204.70669274023	0.9996924223800391	0.00010343347685288774
55204.72712608423	0.9996819281146386	0.00010343295840944436
55204.74755932835	0.9998253499081696	0.0001034388320858417
55204.7679927727	0.9998533084273031	0.00010343975797435082
55204.788426117404	0.9996550873404455	0.0001034327443356706
55204.80885946234	0.9998972043991226	0.00010344112596654946
55204.82929280762	0.9999038888512481	0.0001034408094252197
55204.84972615302	0.9999076887564666	0.00010344191918343034
55204.87015949877	0.9999293820155895	0.00010344304979739756
55204.89059284475	0.9998160352852844	0.00010343927592481514
55204.91102619097	0.9999025387128397	0.00010344186034497902
55204.93145953753	0.9998959532310809	0.00010344278531352938
55204.951892784324	0.9999445338739915	0.00010344443964348139
55204.97232623136	1.0000014669847817	0.00010344687720151623
55204.99275957862	0.9998667011581072	0.00010344145848798782
55205.03362627396	1.0000137070738666	0.00010344725288563657
55205.05405962204	1.0000339972673484	0.00010344831931062261
55205.07449287046	0.9999533874860469	0.00010344493130935618
55205.094926319005	0.9999739472934407	0.00010344506605763974
55205.1153595679	1.000138515298717	0.00010345314213844691
55205.13579291702	0.9999855108368603	0.00010344621657723972
55205.15622636638	1.0001424536710781	0.00010345302282467989
55205.17665971609	1.000203817900139	0.00010345557472784973
55205.197092966024	0.9999081530326628	0.0001034441434522801
55205.2175263162	1.0000213953613342	0.0001034489286061572
55205.23795976661	1.0001813150925338	0.00010345532063187902
55205.25839301724	1.0002917295638756	0.00010346014642920453
55205.299259819454	1.0002367971556427	0.00010345860501380553
55205.31969307102	1.0001869029972532	0.00010345564439691268
55205.34012642271	1.0002044987959453	0.00010345682813530392
55205.360559874745	1.0001559382218905	0.00010345551453841435
55205.38099312701	1.000149972435437	0.00010345439653481996
55205.40142647951	1.0001957236548211	0.00010345747881166525
55205.421859832364	1.0002455024504557	0.000103458721821621
55205.44229328533	1.0003058850217401	0.00010346066478275619
55205.46272653876	1.0002147684912979	0.00010346072396557313
55205.48315989231	1.0002742612598972	0.00010346160233883425
55205.52402660022	1.0002384601070533	0.0001034623396694835
55205.54445995459	1.0001189826162307	0.00010345630046028407
55205.5648934093	1.0000583094130546	0.00010345604925153255
55205.58532666413	1.000244922672866	0.00010346535102342386
55205.60576001931	1.0003325263388048	0.00010346846345725713
55205.626193474716	1.0003069466932226	0.00010346808985211583
55205.64662673036	1.0003107017066628	0.00010346746881607394
55205.66706008636	1.000052280170415	0.00010345681475592948
55205.68749344258	0.9999148952575587	0.00010345317322894428
55205.70792679904	1.0000851640891428	0.00010345968234765044
55205.728360155736	1.000025970126647	0.00010345837919810401
55205.74879351277	0.9997113404976142	0.00010344452638893996
55205.76922697005	0.9997938409916454	0.00010344903337603922
55205.78966022756	1.0000202415909334	0.00010345954170427317
55205.81009358529	0.9999713860043571	0.00010345835110602701
55205.830526943384	0.9999672796740786	0.00010345835879719982
55205.85096030171	0.9999031113728425	0.00010345692159648093
55205.87139366026	0.9997039162721942	0.0001034495479439919
55205.89182701905	1.0001156915339193	0.00010346917269649484
55205.91226037819	0.999999942306472	0.0001034626612614257
55205.93269373755	0.99995173832436	0.00010346030660855341
55205.953126997156	1.0000848541539267	0.00010346844204959533
55205.97356045711	1.000004233871893	0.00010346520538390992
55206.01442707759	0.9999946150818267	0.00010346679564087598
55206.03486053836	0.9999203082035885	0.00010346475442423276
55206.05529389924	0.9998350520191327	0.00010346124810821733
55206.075727160474	0.9999175973105435	0.00010346752817618263
55206.09616062194	0.9999644092024007	0.00010346794898280074
55206.116593983636	0.999970104231469	0.00010346998264893303
55206.137027245684	0.9998454897792798	0.00010346622974820055
55206.15746070785	0.9999700000967612	0.00010347151290012961
55206.177894070475	0.9999122625357224	0.00010346926994131493
55206.19832733322	1.0000074933555203	0.00010347256082337652
55206.2187606962	0.9999054537253632	0.0001034703465818672
55206.23919415953	0.9999422680859253	0.00010347262784644979
55206.280060787	1.0002988474025363	0.00010348821107078049
55206.3209276154	1.0001580840179582	0.0001034826161839671
55206.34136088001	1.0001687460387925	0.00010348512668140632
55206.361794344964	1.000076256142841	0.0001034826141448875
55206.38222771004	1.000012803845502	0.00010348125387248134
55206.402660975466	1.000208536324502	0.00010348869629546307
55206.423094441234	0.9999474262285631	0.00010347983725720159
55206.443527807125	1.000005494494425	0.00010348391328498697
55206.463961073365	0.9998813470528991	0.00010347840404317574
55206.48439443983	1.0000146899455724	0.00010348610923815222
55206.50482790654	0.9999958528741806	0.00010348500225978732
55206.52526117359	0.9998761331882655	0.0001034823139542386
55206.54569454087	0.9998223115955548	0.00010348090397417109
55206.566128008395	0.9998667445364862	0.00010348375159635664
55206.606994644244	0.9999363669265062	0.00010348712233443785
55206.62742811258	0.999956866353359	0.00010348872047792635
55206.64786148115	0.9998252835700712	0.00010348394440472785
55206.66829474994	0.9999932175549036	0.00010349219661544148
55206.70916148848	0.9998598948297317	0.00010348895704231846
55206.72959485809	1.0000188721668195	0.00010349611263975352
55206.75002832794	0.9998706249927451	0.00010349013946080591
55206.770461598135	0.9999737553864466	0.00010349355389601307
55206.79089496856	0.9997383871026656	0.00010348713215977646
55206.81132823922	1.0001072143043783	0.0001035021460944698
55206.83176171024	1.0000824456705408	0.00010349866724405935
55206.852195081476	1.0000017178011633	0.0001034980590267831
55206.872628452955	1.0001089504457408	0.00010350182337659599
55206.91349519672	0.9997759948806842	0.00010348840197313067
55206.933928569015	0.9999545549441625	0.00010349648445110641
55206.95436194154	1.0000812519484177	0.00010350199972818465
55206.974795314294	1.0001060016209498	0.0001035051132386853
55206.9952286874	0.999700469075274	0.00010348936218372589
55207.015662160746	0.9991638975867847	0.00010346571945942797
55207.03609543443	0.9993214017113531	0.0001034746368454367
55207.056528808236	0.9991842691502036	0.00010346849384913665
55207.076962282394	0.9991098976372637	0.00010346568362023731
55207.097395556775	0.9991756705515459	0.00010346712362136704
55207.1178289314	0.9992555430524958	0.00010347047896915326
55207.13826220637	0.9993324465881315	0.0001034744548731059
55207.158695681566	0.99929439265341	0.00010347295737477077
55207.179129057	0.9992543074066096	0.00010347270628491264
55207.19956243279	0.9991000437143012	0.00010346582176632304
55207.219995808686	0.9991283050106595	0.00010346666517193361
55207.24042918494	0.9990899068045639	0.00010346529441968693
55207.26086256154	0.999048405215599	0.00010346467533012275
55207.28129593825	0.9990271826144602	0.00010346350401401902
55207.30172931532	0.999088590385081	0.00010346579190332137
55207.32216269262	0.999328201754091	0.0001034756281361536
55207.34259617014	0.9991877631656175	0.00010347166219156409
55207.363029448024	0.9993651656292986	0.00010347724935681501
55207.38346282614	0.9990881752856337	0.00010346487061273876
55207.42432958318	0.9993670373861576	0.00010347539250745307
55207.44476296199	0.9997333482947514	0.00010349214572005753
55207.48562972066	1.0000493311768728	0.00010350443370317929
55207.506063100285	1.000103062143769	0.00010350694761396101
55207.526496480255	1.0001339466368118	0.00010350896756183867
55207.546929860466	1.0003693726362022	0.00010351979283718337
55207.567363241025	1.0001045254061458	0.0001035064876944301
55207.628663384094	1.000361756645898	0.00010351600747525784
55207.64909666558	1.0000975137893198	0.00010350498525444669
55207.66953014742	0.9999967073703069	0.00010350010219792654
55207.68996352949	1.0002934641831651	0.00010351179864921856
55207.71039681179	1.0001639605791377	0.00010350730343404525
55207.730830294444	1.0000481781646038	0.00010350390671894151
55207.75126367733	1.000021843288781	0.00010350073586475046
55207.771696960444	1.0000515801880157	0.00010350201907778589
55207.792130343914	1.0003880874262947	0.00010351450426102532
55207.81256382762	1.000143454386932	0.00010350500225401924
55207.832997111545	1.0001521108434461	0.00010350552223918924
55207.853430495714	1.0002164855714866	0.00010350807168469109
55207.89429736486	1.0002504145523978	0.0001035073148938014
55207.91473064984	1.000338846231571	0.00010351163397781269
55207.935164135175	0.9997643574346899	0.0001034869397835878
55207.95559752073	0.9998511056887464	0.0001034916174183358
55207.97603080653	1.0001362467435875	0.00010350205877711764
55207.99646429256	1.0000840345269781	0.00010349862804861336
55208.016897678935	1.000000152710669	0.00010349390652302558
55208.03733096555	1.0001139857716725	0.00010349831546402937
55208.057764452395	0.9997812619769065	0.00010348419312730348
55208.078197839466	0.9998738522186549	0.00010348813853157054
55208.09863112689	0.9999098546471092	0.00010348848045105021
55208.119064514554	0.9998047492069522	0.00010348388001462913
55208.13949800244	0.9997824646616974	0.00010348280386138773
55208.159931290684	0.9998189364637946	0.00010348294715028851
55208.18036467916	0.999660189678292	0.00010347607787990684
55208.20079816786	0.9998146596608138	0.00010348283868959116
55208.2212315568	0.9996855096422977	0.00010347590485463391
55208.24166484609	0.9999824755716128	0.00010348787526579214
55208.26209833561	0.999706571226789	0.00010347458813860923
55208.28253172537	0.9997848177756552	0.0001034777993879488
55208.302965015355	0.9997219172717476	0.00010347566703698399
55208.32339850569	0.9996830323145115	0.00010347450942565169
55208.34383179626	0.999681449299113	0.00010347197642290261
55208.36426518718	0.9999304244706968	0.00010348170420202726
55208.384698678325	0.9999738986395396	0.00010348366201454142
55208.40513196971	0.9997779220770032	0.0001034748226966144
55208.42556536133	0.9998577787338568	0.0001034774852640601
55208.44599875317	1.0000531113026334	0.0001034852105868688
55208.466432145375	0.999923974048877	0.00010347826568027506
55208.507298930585	1.0000291063429436	0.00010348141750244265
55208.5277323236	0.9997745301977593	0.00010346986702921285
55208.54816571685	1.0000229400023724	0.00010347933648007273
55208.568599110324	1.0001258261119745	0.00010348307959481984
55208.58903260404	0.9999436795341358	0.00010347598039971957
55208.6094658981	0.9999055658090734	0.0001034736095068286
55208.62989929239	1.0000483326460632	0.00010347822126397558
55208.670766081916	0.9999815377804241	0.00010347269984583779
55208.69119947702	0.999869203781793	0.00010347008564379678
55208.711632972365	1.0000653704354714	0.00010347588293706155
55208.73206626806	0.9998831698375465	0.00010346835391279618
55208.75249966398	0.999831789023622	0.0001034663456437286
55208.772933060136	0.9999338596960488	0.0001034691689787421
55208.79336645653	1.0001216103877175	0.00010347545420199413
55208.81379985326	0.9999742547733875	0.00010347028491529902
55208.834233250236	1.000056839777782	0.0001034732154421242
55208.85466664744	1.0000752448743142	0.00010347288541089024
55208.87510004499	1.000130022831567	0.00010347382526130273
55208.89553344278	1.0000792630082693	0.00010347210218290476
55208.9159669408	0.999934931224085	0.00010346509430155658
55208.93640023917	1.0002795353870124	0.00010348087127180793
55208.956833637654	1.0002766539757069	0.00010348015500790064
55208.97726713649	1.0000947359618388	0.00010347082549251074
55208.99770043567	1.0002851667290618	0.00010347910533455144
55209.01813383509	1.0003045800690291	0.0001034792620227442
55209.038567334625	1.0000482403260473	0.00010346949591448357
55209.05900063462	0.9999481666298453	0.00010346485515357885
55209.0998675352	0.9999240859545957	0.00010346194639444251
55209.12030083589	0.999922350753923	0.00010346212738048532
55209.14073423694	1.0003658272270801	0.0001034820804313626
55209.16116763811	0.9998965196286004	0.0001034613730984128
55209.18160103973	1.0001097772074115	0.00010347034597088417
55209.20203444148	1.0000282287541256	0.00010346771116758044
55209.22246774346	0.9998501612393371	0.00010345939164212127
55209.24290124578	0.9999811803428101	0.00010346403638505278
55209.26333464846	0.9999544569418954	0.00010346304721011735
55209.30420145439	0.9998030782372211	0.00010345952108526946
55209.32463485777	0.9998839185528205	0.00010346211871703739
55209.345068161376	0.999650887187615	0.00010345272053522797
55209.36550166533	0.9998712872997525	0.00010346249998685488
55209.38593506952	0.9999685495501568	0.00010346603298240639
55209.406368373944	1.0000749190832703	0.00010347054895242728
55209.42680187871	0.9998825145857804	0.00010346326701233325
55209.44723528372	1.0000484947019221	0.00010346977761090158
55209.46766868896	0.9998464434070523	0.00010346207262501308
55209.7333028816	1.0000708268354062	0.00010347958629204467
55209.753736390565	0.9999642728349935	0.00010347596987472758
55209.77416979988	0.999928329264405	0.00010347512891308674
55209.8150365192	0.9999866872191064	0.00010347873558044779
55209.83547002933	0.9998983308116688	0.0001034763721225687
55209.85590343968	0.9999987123359003	0.00010348091454810479
55209.876336750276	1.000054780279329	0.00010348425620976755
55209.896770261104	1.0001128584360082	0.00010348701974997335
55209.917203672274	1.000063438904915	0.00010348512015292784
55209.93763698368	1.0001523864395647	0.00010349202052496292
55209.958070495326	1.0003095048989687	0.00010349687673149857
55209.97850390731	1.0000275817481716	0.00010348865759872102
55209.998937219534	1.000042015975132	0.00010349752227169716
55210.03980414479	1.0001167040968837	0.00010351094344599588
55210.06023745783	0.9999799465075293	0.0001034972962362182
55210.0806709711	1.0000003112683882	0.00010348977368162499
55210.121537698455	0.999939500875507	0.00010350678352809297