56404.50733944511	0.9998694476847262	0.00010943197700007816
56404.52777380352	1.0003870709132743	0.00010945654769245431
56404.54820806203	0.9999049061832583	0.00010943497170266847
56404.56864242065	1.0001446197211297	0.0001094443081019175
56404.589076579374	1.0003268200775195	0.00010945495326704737
56404.60951083821	1.0000940050678486	0.00010944645212609386
56404.62994519715	1.0000472435108396	0.00010944593842292371
56404.65037935617	0.9999433215992134	0.00010944225598000118
56404.67081361532	1.0003422682182306	0.00010945802358939692
56404.69124797458	1.000020539292666	0.00010944503461804821
56404.71168213396	0.9999474250727232	0.00010944563386104101
56404.73211649342	1.0000402314487866	0.00010945029609983659
56404.752550753	1.000306920319342	0.00010946165473561596
56404.77298491266	0.9998601551910897	0.00010944123385044514
56404.79341927245	0.9998049920430024	0.00010943922998312928
56404.81385353235	0.9997010772265436	0.00010943409726954753
56404.83428769234	0.9997624375417441	0.00010943775572598749
56404.85472205244	0.9998858566194582	0.00010944156779509913
56404.875156312664	0.9997066197498091	0.0001094362535417839
56404.89559047297	1.0000027427819824	0.00010944843075465308
56404.916024833394	0.9998450110933075	0.00010944079110958433
56404.93645909391	0.9999387767401646	0.00010944398030437893
56404.956893454546	0.9997956555447698	0.00010944007436695221
56404.97732761528	0.9998590219722767	0.00010944026609462432
56404.99776187611	0.9997348302037296	0.00010943608854980079
56405.018196237055	0.9998566006569185	0.00010943982146639844
56405.03863039812	0.9998152641099156	0.00010944148726105588
56405.079499020525	0.9998079292875092	0.00010944043236957808
56405.12036754337	1.0000467781472144	0.00010945113195416288
56405.140801804926	1.0000544425371538	0.00010945214924406541
56405.1612359666	0.9999473884729493	0.00010944715555730296
56405.1816703284	0.999866533659578	0.00010944319044810793
56405.20210459027	0.9997624403323221	0.00010943832618379167
56405.22253875227	0.9997476468563015	0.00010943846720346768
56405.24297311437	0.9999230822005039	0.00010944532378158232
56405.263407376566	0.9998411845823822	0.00010944327148443942
56405.28384163887	0.9999380480413533	0.00010944799513303046
56405.304275901275	0.9998165354894742	0.00010944084553999663
56405.32471016379	0.9998170458109175	0.00010944056500831223
56405.3451444264	0.9998408551600823	0.00010944347518108891
56405.365578689125	0.9997331890124949	0.00010943840915134878
56405.40644721486	1.0000376229004984	0.00010945088477425751
56405.42688147788	0.9997578904642528	0.00010944090017153812
56405.44731574102	0.9999133446093681	0.00010944748163783572
56405.48818426759	1.0002116163328383	0.0001094592253655715
56405.50861863104	0.9998362310465603	0.0001094452644024005
56405.52905289458	1.0000847997736038	0.00010945401207600668
56405.54948705822	1.000274360868398	0.00010946309895674233
56405.56992142197	1.0000892942667199	0.00010945494297221091
56405.59035568582	0.9998511238878156	0.00010944595226446816
56405.61078984978	1.000216715542867	0.00010946132574268485
56405.63122421382	0.999878042437306	0.00010944764357054684
56405.67209264226	1.0001494420273138	0.00010945938837022932
56405.692527006606	1.0000340101518561	0.00010945565587250099
56405.71296127108	1.0001056532654502	0.00010945807110654319
56405.733395635645	1.0000643165456133	0.00010945799185310275
56405.75382980031	1.0000322187214847	0.00010945778111996272
56405.77426406509	1.0002986844811004	0.00010946941868199606
56405.79469842996	0.9999311901558776	0.00010945519923659464
56405.81513259494	0.9999286157129785	0.00010945549952111508
56405.83556686001	1.0002040490660693	0.00010946680754359184
56405.85600122519	0.9999443671500564	0.0001094595069631019
56405.87643539048	0.9999697488404565	0.00010946192666124082
56405.91730402134	1.0000575176990831	0.00010946946827258076
56405.93773818693	1.0002566785842957	0.00010947797898977442
56405.958172552615	1.0000591812314947	0.00010947097884908583
56405.9786068184	1.000261520426118	0.00010947910150770007
56405.99904108429	1.0004147851058365	0.00010948008666978652
56406.01947535027	1.0002145712290573	0.00010947067608526463
56406.03990961636	1.00028353313432	0.00010947264342600308
56406.060343782556	1.0003178424684782	0.00010947363064778524
56406.10121241523	1.0003871485752385	0.00010947643296974268
56406.121646681735	1.0004766197879327	0.00010947929198236121
56406.14208094833	1.0002584226035973	0.00010946942252637674
56406.162515215015	1.0004778276232196	0.00010947950171766141
56406.18294958182	1.0002141385631056	0.000109469137065757
56406.20338374871	1.0001102871028458	0.00010946298387068583
56406.2238180157	1.0001581700101838	0.0001094656441560022
56406.2442523828	1.000219549544551	0.00010946782482501803
56406.26468655	1.000085353206547	0.0001094629512118222
56406.28512091729	1.000073018403295	0.00010946244358964966
56406.305555184685	1.000031343275007	0.00010945972732973509
56406.325989352175	1.0002678347279121	0.00010946984065499763
56406.34642371978	1.0002505566076845	0.00010946912458709561
56406.366857987465	1.000140933772705	0.00010946245565992566
56406.38729215526	1.0001622226369518	0.00010946544168036524
56406.40772652315	1.0003900646185089	0.00010947404507602283
56406.42816079114	1.0000814952972341	0.00010946052043288511
56406.448594959234	1.0002877747173833	0.00010946861754052409
56406.469029327425	0.9998954211948424	0.00010945046792083392
56406.48946359571	0.9999028475194868	0.00010945215474383028
56406.509897964104	1.000144864475319	0.00010946097458049032
56406.530332132585	0.9998566282791338	0.00010945009594107334
56406.55076640117	0.9999702398053498	0.000109452437893052
56406.57120076985	0.9998580105307443	0.00010944961205707824
56406.59163493864	0.9999411469418835	0.00010945225793808938
56406.61206920752	0.9999009676890436	0.00010945175655278573
56406.63250357651	0.9998496064813794	0.00010944650947894052
56406.65293784559	0.9999317472409086	0.000109450620974584
56406.67337211477	1.0000550532897703	0.00010945610780828722
56406.693806384035	0.9997612653980268	0.00010944442502244288
56406.71424055341	0.9996189263685576	0.00010943760524642579
56406.73467492289	0.9999086507404471	0.00010944820722407984
56406.755109192454	0.9997846871400698	0.00010944401923582274
56406.77554336212	0.9998087622936087	0.00010944388346073694
56406.79597773189	0.9997666891999509	0.00010944074142606694
56406.816412001746	0.9997329296503026	0.00010943893372525268
56406.83684617171	0.9998132155233906	0.00010944154482987971
56406.85728054178	0.999549876373562	0.00010943061540692829
56406.877714811926	0.9996441404837054	0.00010943432353075672
56406.89814918218	0.999821307108716	0.0001094404725365143
56406.91858335254	0.9997915418202263	0.00010943907696585885
56406.93901762298	0.9997820973722746	0.00010943852142485325
56406.959451993534	0.9997822717651902	0.0001094386478307346
56406.979886164176	0.9997633578824621	0.00010943716495579028
56407.000320434905	0.9998630205016164	0.00010944024067422492
56407.02075480575	1.000034113842332	0.00010944567703053327
56407.041188976684	0.999867908118695	0.00010943779472360108
56407.06162334771	0.9997479569075955	0.00010943185615673591
56407.08205761884	0.9999782298278708	0.00010944543992812422
56407.102491790065	1.000031006745606	0.00010944196813454287
56407.122926161384	0.9998362137521171	0.00010943285061051985
56407.143360432805	0.9999281242469024	0.00010943715821389835
56407.16379470433	0.9998086085680091	0.00010943119972760799
56407.18422897592	0.9994759363644413	0.00010941793893232754
56407.204663247634	0.999365978755103	0.00010941183011562695
56407.22509751944	0.9992197728951607	0.00010940385270442197
56407.24553179134	0.9992756131089046	0.00010940530232458992
56407.26596606333	0.9993799113198563	0.00010940989532511867
56407.286400335426	0.9995126931303691	0.00010941667962198034
56407.30683470761	0.9991300107213374	0.00010939996092236692
56407.32726887989	0.9993859370041243	0.00010940865867819809
56407.34770315227	0.9991809693913445	0.00010940100659929681
56407.36813742474	0.9990784964193358	0.0001093941040109235
56407.38857169731	0.9993800672601008	0.00010940725709440863
56407.409006069975	0.9995095570248891	0.00010941219983568315
56407.42944024273	0.9993533065631393	0.00010940471823984282
56407.44987461559	0.9994063335426646	0.00010940758878591747
56407.47030888854	0.9994133392881167	0.00010940642032919767
56407.490743061586	0.9992608035755776	0.00010940032994724803
56407.511177434724	0.9992742898246252	0.00010939995700824294
56407.53161170796	0.9993805551374315	0.00010940553057650477
56407.55204588129	0.9993971203080836	0.00010940469022740714
56407.57248025471	0.9991774037920699	0.00010939539558565106
56407.592914528235	0.9994983395105507	0.00010940838128104155
56407.613348901854	0.9995751151646697	0.00010941126192614897
56407.63378307555	0.999718973451001	0.00010941700500189732
56407.65421734935	1.000175358498314	0.00010943585138401091
56407.67465172326	1.0002406743457837	0.00010943846546904244
56407.69508589724	1.000431894744937	0.00010944579014493764
56407.71552017133	1.0001809125732333	0.00010943614995551593
56407.73595454552	1.0003481110372179	0.0001094450805659658
56407.75638871978	1.0004591312105349	0.00010944798176895419
56407.79725736862	1.0003435655125028	0.00010944350230245027
56407.81769164317	1.000253273840393	0.00010944180340009806
56407.83812591782	1.0004884892245032	0.00010944866564858279
56407.858560192566	1.0001806074480104	0.00010943824424768393
56407.8789944674	1.0005723479620108	0.00010945305430316277
56407.89942874233	1.0002074834865833	0.0001094385493923963
56407.919863017356	1.000174918086346	0.00010943695357840936
56407.940297292465	1.0003279751063274	0.00010944432178116365
56407.96073156768	1.0002865840393518	0.00010944375469333416
56407.98116584298	1.000072646236672	0.00010943349712909664
56408.001600118376	1.0000240295483398	0.00010943215380703446
56408.042468669446	0.9999787342079608	0.00010943036243352543
56408.062903045124	1.000230124278221	0.000109443447856518
56408.08333722088	0.9997089059167503	0.00010942042413822754
56408.103771496746	0.9998569177978546	0.00010942897413550805
56408.1242058727	0.9999564425990173	0.00010943152380511566
56408.16507432488	0.9999112494584795	0.00010943012753083828
56408.18550870111	0.9998714749465161	0.00010942846183158628
56408.20594287742	0.9997275119238771	0.0001094252489135334
56408.22637725385	0.9999394027164697	0.00010943225419940953
56408.24681153035	0.9998946325456679	0.00010943126735959166
56408.26724570694	0.9997876482345347	0.00010942188012819639
56408.28768008364	1.0000181427564447	0.00010943526112392238
56408.30811436042	0.9998006799797258	0.00010942781107493556
56408.32854853728	0.9998034974507037	0.00010942892698098895
56408.348982914256	0.9999289288427581	0.00010943494239747719
56408.369417191316	0.9998542048517617	0.00010943205559423682
56408.38985156846	1.0000286407288161	0.0001094387462399375
56408.410285745704	1.0000068810878393	0.0001094366506209748
56408.43072002303	0.999794836769593	0.000109428362695827
56408.451154400456	1.0000515669779093	0.00010943997917412883
56408.47158867797	1.0000525891180618	0.0001094398585143362
56408.49202285557	0.9997718747898077	0.00010942870838389719
56408.512457233264	0.9999840855629955	0.00010943657507747669
56408.532891511044	1.0000386963354089	0.00010943821080840824
56408.553325688925	1.0001200816335203	0.00010944236912065601
56408.573760066894	1.0000211939542172	0.00010943871576549745
56408.59419434495	0.9999695692075247	0.00010943411072997904
56408.614628623094	1.0000135218386026	0.00010943014798654655
56408.655497079664	0.9998350051344581	0.00010943202337369335
56408.67593145809	1.0000510467304713	0.00010943747220695625
56408.71679991519	0.9999353524118447	0.00010943029777264415
56408.73723429388	0.9999938804077031	0.00010943296232665832
56408.75766857267	0.9999782061928911	0.0001094316808884842
56408.77810295154	0.9999158050921846	0.00010942953370894242
56408.7985371305	0.9999607507367366	0.00010942825932730484
56408.83940578869	0.9999135592401485	0.00010942694861771612
56408.88027424723	0.9999563481295666	0.00010942651540585023
56408.92114280614	0.9998854358697458	0.00010942085323282056
56408.9620114654	0.9998999633942646	0.00010942038680030597
56408.98244564516	0.999937448360649	0.0001094220639543696
56409.002880025015	0.999948785461188	0.0001094227243328314
56409.02331430496	0.9998472210374517	0.00010941505623908578
56409.04374858499	0.9996916509175435	0.0001094091755913267
56409.064182865106	0.9998643678302378	0.00010941010337473112
56409.08461714532	0.9998696387741618	0.00010941392700910697
56409.10505142562	0.9995937032950012	0.0001094018563228852
56409.125485706005	0.9999200557169015	0.00010941444244361865
56409.145919986484	0.9997527243436676	0.00010940888356026717
56409.16635426704	0.9999155608553956	0.0001094130528960829
56409.18678864769	1.0000726889977183	0.00010941828661616657
56409.20722282843	0.9999768307637652	0.0001094138543142082
56409.22765720926	0.9999890393439382	0.00010941179075626926
56409.248091490175	0.999996628811171	0.00010941296714827053
56409.26852567118	0.9998043572652892	0.00010940343676942397
56409.28896005227	0.9999191740568579	0.00010940847046510675
56409.309394233445	1.0000265789056237	0.00010941166600320285
56409.32982851472	0.9999584205897586	0.00010941199505724344
56409.35026289606	1.0002093768746687	0.000109420196630793
56409.391131459044	1.0000797845407503	0.00010941111148024914
56409.41156574065	0.9998779087360987	0.00010940285625124773
56409.43199992236	0.9999209287196142	0.00010940330209482177
56409.452434304156	1.0000974690982571	0.00010941198540465018
56409.472868586025	0.999992464000749	0.0001094090590898026
56409.49330276799	0.9998457831868597	0.00010940064780005607
56409.51373715005	1.0000583280864237	0.00010940879460784699
56409.55460571441	1.0000442953566613	0.00010940730475252023
56409.57503999672	1.0001855498755632	0.00010941356501885815
56409.595474279115	0.9999332015853085	0.00010940334878161432
56409.61590866161	1.0000887983073126	0.00010940974893853322
56409.63634284418	1.0001771244749695	0.00010941422985111968
56409.65677712683	0.9999874458154004	0.0001094049182554595
56409.67721150959	1.0000813952203746	0.00010941122705527012
56409.69764579241	0.9999881370796133	0.00010940736808777213
56409.718079975326	0.9999795500966915	0.00010940743471825483
56409.73851435834	0.9999137224287317	0.0001094055744897795
56409.758948641414	1.00000061251641	0.00010940961091303226
56409.77938292459	0.9999471408387197	0.00010940736392556325
56409.79981720786	0.99988711998896	0.00010940678522023928
56409.8202514912	1.0000794133386417	0.00010941392873040986
56409.84068587464	0.9999328030694338	0.00010941053485872305
56409.86112005815	1.000103739767654	0.0001094185486964868
56409.88155434175	1.0001744890310835	0.00010942100830257988
56409.922422909214	0.9997970311557307	0.00010940815253086507
56409.94285719307	1.000138563315448	0.00010942432764264042
56409.96329147702	0.9999599539383714	0.00010941698138891199
56409.98372576104	1.0001010373731514	0.00010942271321532382
56410.00416014516	0.999966826969037	0.00010941280193554958
56410.02459432936	1.0001470297155746	0.00010942778056477024
56410.04502861364	0.9999349513540821	0.00010942050757703957
56410.06546299801	0.9999914198793225	0.00010941377069665107
56410.08589718246	1.000070353633419	0.00010943003784513016
56410.106331467	1.0000522497694115	0.0001094288582197949
56410.12676585162	1.0000653470543535	0.00010943119824217775
56410.14720003632	1.000115590332762	0.00010943513395937442
56410.16763442112	0.9998554920901689	0.00010942485921888216
56410.188068706	1.0001464034074066	0.00010943742776934328
56410.20850289095	0.9998763171843692	0.0001094291682975182
56410.228937276	1.0001376004416807	0.00010943950564960653
56410.24937156112	1.0000367335427411	0.00010943708696848949
56410.26980584633	1.0001274050666968	0.00010944248143161633
56410.29024013163	1.0001485674005208	0.0001094327176234517
56410.310674417	1.0001057352443785	0.00010944209607069312