55444.35582199105	1.00014546405715	0.00010557286711547411
55444.37625522108	1.0000738614346434	0.00010557057085508311
55444.396688450885	1.0001564227817141	0.00010557367581250714
55444.417121680446	1.0002601307530004	0.00010557963073718094
55444.43755490978	1.0000462406886537	0.00010556954350673523
55444.45798813911	1.000221484920317	0.00010557762565498799
55444.47842136798	1.0002433827295658	0.00010557941960787629
55444.49885459662	1.0001211289703287	0.00010557399332696079
55444.51928772502	1.0001778732912558	0.00010557533884335097
55444.53972105342	1.0001300774528123	0.00010557348680009513
55444.56015428136	1.0002729756599968	0.00010558025235720913
55444.58058760929	1.000077989227717	0.0001055718381122156
55444.601020737	1.000359387152385	0.00010558430385154258
55444.62145396424	0.999932015407146	0.00010556539449660598
55444.64188729147	0.9999535007198623	0.00010556553626975267
55444.66232041848	1.000240295235956	0.00010557871941047939
55444.682753645255	1.000018198668472	0.00010557014643049596
55444.70318697179	0.9998765351813965	0.0001055628288306593
55444.7236200981	0.9998889258676589	0.00010556453973027879
55444.744053324175	0.9997287934218305	0.00010555661489123002
55444.76448665001	0.9999149555575312	0.00010556564093736244
55444.78491987562	0.999859056770522	0.00010556394888187655
55444.805353001	0.9998271276205443	0.0001055618797138955
55444.82578632637	0.999715854003472	0.00010555706311603217
55444.846219551284	0.9997242222482998	0.00010555819076579485
55444.866652676195	0.9996616271707145	0.00010555519700661431
55444.887086000635	0.9997224108656535	0.0001055579706231787
55444.90751922508	0.9999303173536828	0.00010556701376767389
55444.927952549064	0.9998549234347204	0.00010556311542410893
55444.94838567304	0.9999448159548104	0.00010556898342573355
55444.968818896785	0.9996905306516009	0.00010555596879115625
55444.9892522203	0.9998129811455054	0.00010556151438329394
55445.009685343575	0.9998576018567894	0.00010556403087111939
55445.030118566625	0.9997150231522819	0.00010555766226761044
55445.05055178944	0.9997679441190465	0.00010555999130742086
55445.07098501202	0.9994660913248572	0.00010554788326043578
55445.09141823437	0.9998060632391965	0.00010556092572007468
55445.11185145672	0.9996430189661922	0.00010555490607693252
55445.1322846786	0.9996846415525696	0.00010555695729867534
55445.15271790025	0.999992564007726	0.00010557045543245181
55445.173151121904	0.9997512127788657	0.00010556045774277183
55445.193584343084	0.9997849780056776	0.0001055612316607439
55445.21401756427	0.9996116285496508	0.00010555485671144423
55445.25488400594	0.9998364767197379	0.00010556461882007313
55445.275317226195	0.9998306920388017	0.00010556465295422282
55445.29575054645	0.999750777260832	0.0001055607539951159
55445.316183666466	0.999750778782597	0.0001055604365389487
55445.357050205814	0.9999740698855824	0.00010557101943191865
55445.37748332536	0.999908782954041	0.00010556739546636856
55445.397916644455	1.0000613489918313	0.00010557444804410421
55445.418349863314	0.9997414413513445	0.00010556064782793031
55445.438782982164	0.9996029923508609	0.00010555499361767296
55445.45921630056	0.9998929563087148	0.00010556802489539144
55445.47964951895	0.9999689553669234	0.00010557232842213683
55445.50008263687	0.9999194581738823	0.00010556962316970458
55445.5205159548	0.9998947318656372	0.00010556744666784918
55445.54094917249	0.999935370717741	0.00010557121153456577
55445.56138228995	1.0000400389858544	0.00010557586403541669
55445.62268204093	0.9998561573305376	0.00010556669870208805
55445.64311525746	1.0001053556998674	0.00010557897683640706
55445.663548473756	0.999888288379606	0.00010556868574271767
55445.683981689814	1.0000101774900774	0.00010557526788706026
55445.70441490588	1.000158870700535	0.00010558051240084048
55445.72484812148	1.0000397808203747	0.0001055778348574229
55445.74528143707	1.0002133971918254	0.00010558382544636527
55445.7657145522	1.00007689980716	0.00010557850532929219
55445.80658108223	1.0002993594044836	0.00010558681030350455
55445.8474474111	1.000163702681333	0.00010558304895805967
55445.867880725295	1.0001463789258471	0.00010558065255280117
55445.88831383926	1.0000601047023092	0.00010557765642928225
55445.908747053	1.0001528891873717	0.0001055827011586689
55445.9291803665	1.0002865649531565	0.00010558769494731672
55445.94961348	1.000192266327712	0.00010558446370654016
55445.97004669304	1.0002638663328411	0.00010558682445433006
55445.990480005836	1.000163156174569	0.00010558379979285596
55446.01091311864	1.0004403356868519	0.0001055955071397874
55446.03134633097	1.0002710336264644	0.00010558753849899403
55446.05177964331	1.000145812043179	0.00010558208002261497
55446.07221275542	1.0002140471170353	0.00010558608283074498
55446.09264596706	1.0001662368297257	0.0001055833815737665
55446.11307927869	1.0000575068668656	0.0001055795594530661
55446.1335124901	1.0002617052364515	0.00010558713206473555
55446.15394570127	1.0001343156113922	0.00010558330432974872
55446.194812123154	1.0001574637386559	0.00010558332177331497
55446.215245333624	1.0002648667573162	0.00010558854407152518
55446.23567854387	1.0003086041846039	0.00010558974322414855
55446.25611175411	1.000114627077493	0.00010558236599483151
55446.27654506388	1.0000378971650143	0.00010557819313863303
55446.29697817366	1.0000935569999492	0.00010558085087431422
55446.317411382974	0.9999460600483076	0.00010557619395954583
55446.33784469228	1.000040978016378	0.00010557975762458362
55446.35827780136	1.000030192827227	0.00010557966457544952
55446.37871100997	1.000050307422446	0.00010557977696295579
55446.39914431858	1.0001410943193378	0.00010558522708409479
55446.41957742696	1.0000656913580546	0.00010558024634933057
55446.44001063534	1.000073289454716	0.00010558082195488575
55446.46044384325	1.0000687216336266	0.00010558063469764218
55446.48087705093	1.000121583265817	0.0001055835769160106
55446.50131025838	1.0000375234037806	0.0001055807354531443
55446.521743465826	1.0001222906413405	0.0001055835830434709
55446.54217667281	1.0000564705990689	0.00010558154420917077
55446.562609979796	0.9997333154188621	0.00010556753143134434
55446.583043086306	1.0001746236572149	0.00010558732318129575
55446.603476292825	0.9999663928909541	0.00010557755274888744
55446.62390959911	1.0001378432190409	0.00010558652796327026
55446.64434280516	1.0001309528927789	0.00010558700958414511
55446.66477591098	0.999832865519847	0.00010557351372081708
55446.685209216565	1.0002887781179057	0.00010559305049863711
55446.70564242191	0.9996385615760147	0.00010556464606174788
55446.72607552703	0.9999175474407878	0.00010557761699228231
55446.746508832155	0.9999854727087247	0.00010558091324353418
55446.766942036804	1.0001017311489449	0.00010558630196862354
55446.787375141226	0.9999681575785697	0.00010557940636595601
55446.80780844565	1.0000493897618623	0.00010558348588198408
55446.82824164983	0.9999597270182218	0.00010558017199738949
55446.84867475356	0.9999972879889716	0.00010558295798988603
55446.86910805728	0.9997663870114155	0.00010557367307073048
55446.88954126077	0.9998214189416037	0.00010557489173706727
55446.909974364025	0.9999321804797484	0.00010558028863006439
55446.93040766705	0.9998286399683485	0.00010557675888856678
55446.95084086984	0.9999280217377134	0.00010558026521483199
55446.9712741724	0.9998383178851815	0.00010557668393013039
55447.01214047705	0.9999238675446461	0.00010558196688589759
55447.03257377914	0.9994225715749916	0.00010556020422959135
55447.05300688077	0.999166429362527	0.00010554771233835624
55447.07344008239	0.999081404588846	0.00010554704457235287
55447.09387338356	0.9990862355535205	0.00010554584876223115
55447.11430658471	0.9992021526914261	0.00010555079199386917
55447.13473968564	0.9988802686489129	0.00010553801554979975
55447.15517288634	0.9987360214542906	0.00010553114715292455
55447.17560608681	0.9991139110779199	0.000105548737310737
55447.19603928703	0.9989330319986724	0.00010554147647086534
55447.216472587264	0.9989444048431476	0.00010554222949339843
55447.23690568703	0.9988869781606992	0.00010554028861351976
55447.25733888656	0.9988242830395369	0.00010553746580330031
55447.27777218609	0.9989257978820996	0.00010554264710300506
55447.29820528516	0.9989169793371651	0.0001055419932677108
55447.31863848422	0.9989341586038579	0.00010554369631951813
55447.339071783055	0.9987157656062152	0.00010553384503077269
55447.35950488166	0.9990255510196872	0.00010554844914670666
55447.37993817979	0.9990107792689585	0.00010554980893548796
55447.400371377924	0.9991027027089955	0.00010555234694472768
55447.42080447606	0.9989850997480137	0.00010554895474124379
55447.441237773724	0.9990442747735547	0.00010555006740449432
55447.46167097116	0.9990666475519143	0.0001055517757486597
55447.48210416836	0.9992224642567885	0.00010555908243818557
55447.502537365566	0.9996550486736971	0.00010557874985117167
55447.522970562306	0.9999639555188992	0.00010559211378587482
55447.543403759046	0.9999345996841272	0.00010559223809005622
55447.563836955545	0.9999894190498999	0.00010559379099571
55447.58427015159	0.9998566551747179	0.00010558923999692478
55447.60470334762	0.9997084917833634	0.00010558360557398147
55447.62513654343	0.9995902031784365	0.00010557789395241076
55447.645569739005	0.9996558750278258	0.00010558162274117996
55447.66600293435	0.9998642010669615	0.00010559157907504457
55447.686436229684	0.9995858282153881	0.00010558045077567676
55447.70686932456	0.9998269057201091	0.00010559084639866643
55447.7273026192	0.9996969442662591	0.00010558532786944768
55447.74773581384	0.9996852446608374	0.00010558515649554306
55447.76816890802	0.9998611019406357	0.00010559304594907422
55447.78860220219	0.9998452009320663	0.00010559389091866458
55447.80903539614	0.9997350280126075	0.00010558909671909045
55447.82946848985	0.9996049763425857	0.00010558338590501207
55447.849901783324	0.9995926302557849	0.00010558356566558415
55447.87033487657	0.9997927571671696	0.00010559362766993308
55447.890768069585	0.9996861848627592	0.00010558968242860109
55447.91120136236	0.9996296591026064	0.00010558718475068474
55447.93163445491	0.9994518878982672	0.00010557997363707495
55447.95206764746	0.9995812701129361	0.0001055855471699491
55447.97250093953	0.9996809192977935	0.00010559102922601168
55447.992934031616	0.99964428658562	0.00010559099930684869
55448.013367223466	0.9994217226836141	0.00010558259791994007
55448.033800514844	0.9997522076296675	0.00010559592568419528
55448.05423370623	0.9995609523910722	0.00010558936309950555
55448.07466679738	0.9996486007945198	0.00010559316817346955
55448.11553327898	0.999733952731059	0.0001055974756673958
55448.135966569665	0.9995960777884928	0.00010559259916420725
55448.15639965988	0.9998227551681448	0.00010560299225695206
55448.176832849866	0.9996453132570141	0.00010559583295358468
55448.197266139854	0.9997688855515666	0.00010564940939574349
55448.23813241889	0.9998279901006287	0.00010565416407933633
55448.25856570818	0.9998919794583221	0.00010565653884259932
55448.27899879723	0.9998408401487082	0.00010565399400704551
55448.31986527464	0.9999629769719938	0.00010566188119014511
55448.34029836299	1.0001149603909159	0.00010566954438112813
55448.36073155112	1.0000617502167475	0.00010566541541763375
55448.381164839244	1.0003862309871128	0.00010568172212993419
55448.401597926895	1.000408363825624	0.00010568364137812906
55448.422031114555	1.000344112248917	0.00010567975213603674
55448.44246440198	1.0004710785163087	0.00010568630505073317
55448.462897488935	1.0005496971904062	0.00010568859132479454
55448.483330675896	1.0007317604023669	0.00010569877327834239
55448.503763962624	1.000853264750728	0.00010570378447220238
55448.52419714911	1.0007879565543056	0.00010570164039101044
55448.544630335375	1.0008382368875286	0.00010570514182818943
55448.5650635214	1.000858565192791	0.00010570618691852701
55448.585496607426	1.00078109155627	0.00010570288547669168
55448.60592989299	1.000734587136146	0.00010570096844115558
55448.626363078554	1.0009947477986438	0.00010571284298230746
55448.646796163644	1.0009493568889287	0.00010571162405549965
55448.66722944874	1.0010080676032989	0.00010571498718904667
55448.6876626336	1.0011174132452958	0.00010572079612171601
55448.70809571823	1.0008389202024348	0.00010570816184211337
55448.728529002634	1.0012265782536114	0.00010572595963695377
55448.7489621868	1.000933312514977	0.00010571361755847099
55448.76939527073	1.000947180963191	0.00010571570138093148
55448.78982855443	1.0010698370996187	0.00010571983603974282
55448.81026173812	1.0009230443229118	0.00010571478326380505
55448.83069482136	1.0010961152645195	0.00010572274787998808
55448.851128104594	1.000996252260875	0.00010571936746660547
55448.8715612876	1.0011916774346739	0.00010572721467329729
55448.89199447013	1.0009150629200845	0.00010571555386237651
55448.91242765266	1.0008699143857305	0.00010571369298117357
55448.93286083496	1.0008746276230793	0.0001057159052291987
55448.95329411703	1.0007564495109753	0.00010571128194398193
55448.973727299104	1.0007896501375046	0.00010571304590987594
55448.99416038071	1.0005061117060288	0.00010569989205478753
55449.014593662076	1.0007304864571993	0.00010571000706256363
55449.03502684345	1.0005046929259398	0.00010569983773453722
55449.05545992435	1.0003978835663856	0.00010566414389667897
55449.075893205256	1.0002195381806134	0.00010568932305845395
55449.09632638593	1.0001899188719905	0.00010565615645734044
55449.11675946637	1.0001519153680007	0.00010565407934842219
55449.15762592655	1.000182891647125	0.00010565662627574106
55449.178059006284	0.9999329185597162	0.00010564575979226393
55449.198492285796	0.9996756684682605	0.0001056357111848175
55449.218925465306	0.9997218174395819	0.00010563631788149821
55449.23935854435	0.9995929325687541	0.00010563105232532844
55449.25979182339	0.9994195023599478	0.00010562556114769384
55449.2802249022	0.9993446928569187	0.0001056214497594259
55449.30065808054	0.9997453011998819	0.00010563895089997502
55449.321091358885	0.9994734098423542	0.00010562777230488065
55449.341524437	0.9993572514622185	0.00010562323972595038
55449.36195771487	0.9995706855384343	0.00010563390972200925
55449.38239089275	0.9994689721803298	0.00010562916802219903
55449.40282407017	0.9993928115707481	0.00010562698628260204
55449.42325724734	0.9994059868744404	0.00010562655514020664
55449.44369042452	0.9991424661740338	0.00010561512891524463
55449.46412360147	0.9993763433019969	0.00010562570863112571
55449.48455677795	0.9991466263356015	0.0001056164080120865
55449.50498995443	0.9991841191046607	0.00010561917666268796
55449.52542313068	0.9990907780148535	0.00010561417740652732
55449.545856406694	0.9992789102874644	0.00010562256399651476
55449.56628948248	0.9992567188181042	0.00010562181087628205
55449.58672265826	0.9993584507264494	0.00010562704035457736
55449.607155933576	0.9992428818104898	0.0001056222862366159
55449.627589008895	0.9993753145057276	0.00010562877716502869
55449.64802218375	0.9992893350232359	0.0001056250547788802
55449.668455458595	0.9995591717029395	0.00010563678333572782
55449.688888533216	0.9995820613269663	0.00010563832475579773
55449.7093217076	0.99966221145296	0.00010564170872646886
55449.72975498175	0.9994558820703345	0.00010563245343653873
55449.750188055674	0.9996457115555057	0.00010564151444836952
55449.770621329364	0.9996607103574155	0.00010564209702081928
55449.79105450281	0.9998294145021516	0.00010565012717579173
55449.81148767627	0.9997380436350689	0.00010564620406931673
55449.83192084926	0.9997394001932411	0.0001056464615230331
55449.852354022245	0.9996543209838943	0.00010564265862769935
55449.872787195	0.9998558154430909	0.00010565231522409692
55449.89322036753	0.9997766017129913	0.00010564886359341033
55449.93408661187	0.9998609394183712	0.00010565245639888914
55449.9545198837	1.0001189673872608	0.00010566389346636492
55449.97495305529	1.000034197821213	0.00010566011904603218
55449.99538612688	1.0001800549226787	0.0001056661564261728
55450.01581939801	0.9998852639040585	0.00010565438230781209
55450.03625256913	0.9997913440236724	0.00010565032188533687
55450.056685640026	0.9999024537977339	0.00010565624434521997
55450.07711891069	0.9999493767881624	0.00010565757704381996
55450.09755208111	1.0001985391642918	0.0001056687135120852
55450.11798535131	1.0001351104730605	0.00010566626119414644
55450.13841842127	1.0001900337030325	0.00010566811672608552
55450.158851591	1.0002577097927365	0.00010567161197845048