55444.35582199105	1.0000106418029076	0.00010555863561371475
55444.37625522108	0.9999287121279031	0.00010555524849164306
55444.396688450885	1.0000003002670301	0.00010555719596257884
55444.417121680446	1.0000941339270797	0.00010556210941143236
55444.43755490978	0.9998728475783729	0.00010555123932163382
55444.45798813911	1.0000411335092887	0.00010555858879760495
55444.47842136798	1.000059108751657	0.00010555996880223002
55444.49885459662	0.9999333831130908	0.00010555417464769783
55444.51928772502	0.9999924213883984	0.00010555576317785571
55444.53972105342	0.9999504742543642	0.000105554527930316
55444.56015428136	1.0001042220028775	0.00010556244016579898
55444.58058760929	0.999924824629965	0.00010555566950507437
55444.601020737	1.0002308999378002	0.00010557074249221513
55444.62145396424	0.9998325623133849	0.00010555489497772367
55444.64188729147	0.9998899298978919	0.00010555882506977427
55444.66232041848	1.0002182783388724	0.00010557639545311582
55444.682753645255	1.0000402363283385	0.00010557247290713627
55444.70318697179	0.9999445518479604	0.0001055700097489802
55444.7236200981	0.9999993024356357	0.00010557619287623734
55444.744053324175	0.9998768500807224	0.00010557224749061853
55444.76448665001	1.0000970765588224	0.00010558486829277166
55444.78491987562	1.0000646635827557	0.00010558565660845002
55444.805353001	1.0000503404401477	0.00010558544655276459
55444.82578632637	0.9999451986378088	0.00010558127894290445
55444.846219551284	0.9999550129560424	0.00010558255933565914
55444.866652676195	0.9998860018264447	0.00010557888893430781
55444.887086000635	0.9999419734032011	0.00010558115363441913
55444.90751922508	1.0001415323088634	0.00010558931265360074
55444.927952549064	1.0000607054076802	0.00010558484156222617
55444.94838567304	1.0001500576137714	0.00010559065177477381
55444.968818896785	0.999899144761962	0.00010557799607244731
55444.9892522203	1.0000294533799343	0.000105584369794575
55445.009685343575	1.0000855432817841	0.00010558809671367562
55445.030118566625	0.9999585550188741	0.00010558337625002523
55445.05055178944	1.0000259420263586	0.00010558723188561044
55445.07098501202	0.9997378537286284	0.00010557658252969243
55445.09141823437	1.0000876541759598	0.00010559065648592222
55445.11185145672	0.9999304890286922	0.00010558526078843593
55445.1322846786	0.9999737441177067	0.00010558748371256092
55445.15271790025	1.0002752508383255	0.00010560029903181976
55445.173151121904	1.000025142877863	0.00010558938112517945
55445.193584343084	1.000044598759204	0.00010558864344138656
55445.21401756427	0.9998549021022937	0.00010558054539318571
55445.25488400594	1.000043584976724	0.00010558648570002028
55445.275317226195	1.0000227267204347	0.00010558492846154935
55445.29575054645	0.9999274802868983	0.00010557941154966754
55445.316183666466	0.9999179514507762	0.00010557808775783736
55445.357050205814	1.0001251756792846	0.00010558697223825997
55445.37748332536	1.0000536858666924	0.0001055826938849292
55445.397916644455	1.0002023814133276	0.00010558933655076514
55445.418349863314	0.9998786131886663	0.00010557513152082581
55445.438782982164	0.9997365201314846	0.00010556909373956072
55445.45921630056	1.0000210433044967	0.00010558154823413901
55445.47964951895	1.0000879625046888	0.00010558489267282215
55445.50008263687	1.0000324969988967	0.00010558155759708548
55445.5205159548	0.9999962569031169	0.00010557816553518395
55445.54094917249	1.0000226599597815	0.00010558042736121417
55445.56138228995	1.000113360294662	0.00010558360468601847
55445.62268204093	0.9998749382617137	0.00010556868162822026
55445.64311525746	1.0001038055381335	0.00010557881318915845
55445.663548473756	0.9998659962008021	0.00010556633212377243
55445.683981689814	0.999966685740865	0.00010557067628071732
55445.70441490588	1.0000954496637184	0.00010557381743890967
55445.72484812148	0.9999538857483364	0.0001055687666024348
55445.74528143707	1.0001092940881735	0.00010557283618751784
55445.7657145522	0.9999539815506411	0.00010556552880138373
55445.80658108223	1.0001459950950504	0.00010557062190140751
55445.8474474111	0.9999853827444152	0.0001055642244770479
55445.867880725295	0.9999594019043127	0.00010556091428612146
55445.88831383926	0.9998650753256182	0.00010555706692228254
55445.908747053	0.9999522335844013	0.00010556151863668326
55445.9291803665	1.0000789920829538	0.00010556578408530358
55445.94961348	0.9999814633397085	0.00010556221046465318
55445.97004669304	1.0000517173122858	0.00010556443022202247
55445.990480005836	0.9999496679453669	0.00010556126257149259
55446.01091311864	1.0002240802054359	0.00010557268158346252
55446.03134633097	1.0000548792918285	0.00010556472147904359
55446.05177964331	0.9999300058827153	0.00010555929808119294
55446.07221275542	1.00000004735612	0.00010556349226970764
55446.09264596706	0.99995661601651	0.00010556125277807979
55446.11307927869	0.9998512608874389	0.00010555778534557997
55446.1335124901	1.0000602782457544	0.0001055658695309838
55446.15394570127	0.9999424550564376	0.00010556304977888844
55446.194812123154	0.9999923898664699	0.00010556589546956252
55446.215245333624	1.0001147248615332	0.00010557269500523613
55446.23567854387	1.0001765661130826	0.00010557580565927166
55446.25611175411	0.999998342223045	0.00010557008977195707
55446.27654506388	0.9999409346654669	0.00010556795640107193
55446.29697817366	1.0000126024112326	0.000105572304419536
55446.317411382974	0.999877240451325	0.00010556892785649333
55446.33784469228	0.9999831009661979	0.00010557364723004544
55446.35827780136	0.9999774161264795	0.00010557409259732097
55446.37871100997	1.0000001620271375	0.00010557448288963459
55446.39914431858	1.0000891281841429	0.00010557974100196457
55446.41957742696	1.0000078090574582	0.00010557413552320281
55446.44001063534	1.0000085519573392	0.00010557398741760093
55446.46044384325	0.9999980314586525	0.00010557317169697113
55446.48087705093	1.0000455632687364	0.00010557555142856663
55446.50131025838	0.9999546333909733	0.00010557198419300747
55446.521743465826	1.0000358837660994	0.0001055744610115225
55446.54217667281	0.9999676368131607	0.00010557216553049624
55446.562609979796	0.9996457602403405	0.00010555828598166491
55446.583043086306	1.000092424992007	0.0001055786455595854
55446.603476292825	0.9998867912733317	0.00010556914832245553
55446.62390959911	1.000063592510308	0.00010557868916926096
55446.64434280516	1.000062778884918	0.00010557981223703716
55446.66477591098	0.9997713394082997	0.00010556701710722732
55446.685209216565	1.0002346247911091	0.00010558733393448466
55446.70564242191	0.9995930060257543	0.00010555983526740258
55446.72607552703	0.999880435289469	0.00010557369845669134
55446.746508832155	0.9999590829390296	0.00010557812694707214
55446.766942036804	1.0000897067780814	0.00010558503248891618
55446.787375141226	0.9999742555175269	0.0001055800502032325
55446.80780844565	1.0000777552593558	0.00010558648066217676
55446.82824164983	1.0000127314208451	0.00010558576843672037
55446.84867475356	1.0000761340800723	0.00010559128281598745
55446.86910805728	0.9998720859765456	0.00010558483470622207
55446.88954126077	0.9999497707969452	0.00010558844489063572
55446.909974364025	1.0000770557975691	0.00010559558564537151
55446.93040766705	0.9999788411937575	0.00010559261936497829
55446.95084086984	1.0000688911146622	0.00010559513931162252
55446.9712741724	0.9999547438173894	0.0001055889777816723
55447.01214047705	0.9999251035079381	0.00010558209739126867
55447.03257377914	0.9993351244232181	0.00010555096795710456
55447.05300688077	0.9989685110931427	0.00010552680509012452
55447.07344008239	0.9987534345469871	0.00010551239647614421
55447.09387338356	0.9986131025115721	0.00010549586586114329
55447.11430658471	0.9985723930456009	0.00010548426728792895
55447.13473968564	0.9980879424687865	0.00010545430127958816
55447.15517288634	0.9977803238765585	0.00010543016365023433
55447.17560608681	0.9980015207657422	0.00010543122178868769
55447.19603928703	0.9976765216695341	0.00010540872086954857
55447.216472587264	0.9975627006331003	0.00010539624725242308
55447.23690568703	0.9974027049389967	0.00010538346343947629
55447.25733888656	0.9972681747724086	0.00010537304476767178
55447.27777218609	0.9973282915639492	0.00010537386074676233
55447.29820528516	0.997314179256498	0.00010537264714703967
55447.31863848422	0.9973604568841251	0.00010537742480404897
55447.339071783055	0.9972069836130724	0.00010537441271726265
55447.35950488166	0.9976121183327963	0.00010539911800305141
55447.37993817979	0.9977216438753143	0.00010541360620643364
55447.400371377924	0.9979627696039307	0.00010543191626800814
55447.42080447606	0.9980103728820603	0.0001054459688189457
55447.441237773724	0.9982460738363664	0.00010546573664473731
55447.46167097116	0.9984509581982741	0.00010548672793153407
55447.48210416836	0.9987820262774821	0.00010551255403171997
55447.502537365566	0.9993823765663269	0.00010554995153693954
55447.522970562306	0.9998416194839971	0.00010557919559972801
55447.543403759046	0.9999433912840329	0.00010559316647548333
55447.563836955545	1.0001048856233568	0.00010560598367794477
55447.58427015159	1.0000539401780884	0.0001056100741569625
55447.60470334762	0.9999627123536331	0.00010561045492520813
55447.62513654343	0.999877164142088	0.00010560820310719496
55447.645569739005	0.9999603456019543	0.00010561378030469403
55447.66600293435	1.000166216672566	0.0001056234737110032
55447.686436229684	0.9998785847221319	0.00010561137294671704
55447.70686932456	1.0001033052493127	0.00010562003671157543
55447.7273026192	0.9999579909916346	0.00010561289892910341
55447.74773581384	0.9999357120880202	0.00010561161046456719
55447.76816890802	1.00010699849613	0.00010561901452234166
55447.78860220219	1.000095825156224	0.00010562035940294857
55447.80903539614	0.9999968717635701	0.00010561675189208226
55447.82946848985	0.9998856028260719	0.00010561302710828969
55447.849901783324	0.9998974214606262	0.00010561575972265958
55447.87033487657	1.0001268590095194	0.00010562891400831874
55447.890768069585	1.0000472826264015	0.00010562782259575154
55447.91120136236	1.0000161935978717	0.00010562801296020458
55447.93163445491	0.9998578026291872	0.00010562285360669465
55447.95206764746	0.9999995932253649	0.00010562973454724427
55447.97250093953	1.0001036909549157	0.0001056356843690092
55447.992934031616	1.0000649322785267	0.0001056354315110479
55448.013367223466	0.9998315156839387	0.00010562588996433101
55448.033800514844	1.000147154000368	0.00010563764074847967
55448.05423370623	0.9999393586714426	0.00010562933632779301
55448.07466679738	1.0000066787131459	0.00010563099204662921
55448.11553327898	1.000053950415101	0.00010563127560743178
55448.135966569665	0.9998979112413645	0.0001056244834217705
55448.15639965988	1.000109273147609	0.00010563325477679411
55448.176832849866	0.9999157152776538	0.00010562439641126623
55448.197266139854	1.0000213232354696	0.00010567608545317937
55448.23813241889	1.0000292038847383	0.00010567542681089797
55448.25856570818	1.0000563551100707	0.00010567390808126765
55448.27899879723	0.9999600747853226	0.00010566659362798158
55448.31986527464	0.9999569464040973	0.00010566124396540454
55448.34029836299	1.000032306771373	0.00010566081141475483
55448.36073155112	0.9998946499428533	0.00010564775978801525
55448.381164839244	1.000129770453421	0.0001056546294031259
55448.401597926895	1.0000607531228562	0.00010564691960912064
55448.422031114555	0.9999075333074271	0.00010563363045274846
55448.44246440198	0.9999497753755813	0.00010563123638964151
55448.462897488935	0.9999509768754522	0.00010562534818268705
55448.483330675896	1.0000644739439986	0.00010562829349258401
55448.503763962624	1.0001262403380673	0.0001056270007572179
55448.52419714911	1.0000121939546063	0.00010561970557274527
55448.544630335375	1.0000220314170398	0.00010561893697325977
55448.5650635214	1.000009295677616	0.00010561649088630292
55448.585496607426	0.999904857066254	0.00010561033725138012
55448.60592989299	0.9998360460263865	0.00010560606149309298
55448.626363078554	1.000075522574827	0.00010561576563803126
55448.646796163644	1.0000090505969006	0.00010561231702807034
55448.66722944874	1.000048296022971	0.0001056136271265232
55448.6876626336	1.0001389677106731	0.0001056174695393257
55448.70809571823	0.9998420994364252	0.00010560287807593088
55448.728529002634	1.0002114779552074	0.00010561876866189622
55448.7489621868	0.9999051041733825	0.00010560502328746941
55448.76939527073	0.9999072647256342	0.00010560586993675383
55448.78982855443	1.0000246782872881	0.00010560946010573685
55448.81026173812	0.9998812877804856	0.00010560475575697436
55448.83069482136	1.0000631802458306	0.00010561366272133836
55448.851128104594	0.9999834194319245	0.00010561239798916314
55448.8715612876	1.00020475208979	0.00010562299400291334
55448.89199447013	0.9999626262286353	0.00010561495854106958
55448.91242765266	0.9999609271204313	0.00010561768409999282
55448.93286083496	1.0000151677184361	0.00010562512604535293
55448.95329411703	0.9999562252013482	0.00010562675314813478
55448.973727299104	1.0000526674685155	0.00010563519869921495
55448.99416038071	0.9998414633889158	0.00010562967433742299
55449.014593662076	1.0001435302722885	0.00010564800521162371
55449.03502684345	0.9999994434397658	0.00010564645988525611
55449.05545992435	0.9999829846492733	0.00010562032139405229
55449.075893205256	0.9998975318175536	0.0001056552978937444
55449.09632638593	0.9999652655541704	0.00010563242495830372
55449.11675946637	1.0000243188373994	0.00010564060030212773
55449.15762592655	1.0002446677424728	0.00010566315213603465
55449.178059006284	1.0000824664403833	0.00010566155995163976
55449.198492285796	0.9999041846921601	0.00010565985849037902
55449.218925465306	1.000020342725622	0.00010566786176846925
55449.23935854435	0.9999511915568186	0.00010566891101028032
55449.25979182339	0.9998281900867143	0.00010566875409156971
55449.2802249022	0.9997967577683486	0.00010566922882071663
55449.30065808054	1.000231647916267	0.00010569034114590157
55449.321091358885	0.9999920928970094	0.00010568258850614823
55449.341524437	0.9999038164699977	0.00010568100682250969
55449.36195771487	1.0001475834822202	0.00010569487588097567
55449.38239089275	1.0000747395661382	0.0001056931887239506
55449.40282407017	1.0000322798073202	0.0001056945724227769
55449.42325724734	1.0000788517806098	0.00010569766978535271
55449.44369042452	0.9998483653687601	0.00010568974653683133
55449.46412360147	1.00011317962232	0.0001057035860583841
55449.48455677795	0.9999086030509906	0.00010569695399157242
55449.50498995443	0.9999621855189719	0.00010570142249956343
55449.52542313068	0.9998767357031892	0.0001056972612228897
55449.545856406694	1.000058167323964	0.00010570493051637229
55449.56628948248	1.0000193074608488	0.00010570241678253565
55449.58672265826	1.0000902721694376	0.00010570439011134847
55449.607155933576	0.9999364284160318	0.00010569559571864719
55449.627589008895	1.0000232119735895	0.00010569725656037219
55449.64802218375	0.9998838262208034	0.00010568789260082811
55449.668455458595	1.000101520899704	0.00010569410062740282
55449.688888533216	1.0000720151110944	0.00010569010429343206
55449.7093217076	1.0001020000738372	0.00010568818444682281
55449.72975498175	0.9998505136446066	0.0001056741620323274
55449.750188055674	0.999999261107525	0.000105678877195667
55449.770621329364	0.9999775695218424	0.00010567558204853268
55449.79105450281	1.0001138438803863	0.00010568018230274353
55449.81148767627	0.9999928461693809	0.0001056731300432843
55449.83192084926	0.9999674701172465	0.00010567056258421598
55449.852354022245	0.9998570354691915	0.00010566408133024723
55449.872787195	1.000033474050648	0.00010567108797404545
55449.89322036753	0.9999292535546043	0.00010566499469066166
55449.93408661187	0.9999654509521333	0.00010566349983485973
55449.9545198837	1.000200965629806	0.00010567255668928865
55449.97495305529	1.000092483007719	0.00010566627725517964
55449.99538612688	1.0002158568437278	0.0001056699387965283
55450.01581939801	0.999898867609253	0.00010565581976380959
55450.03625256913	0.9997818834509475	0.00010564932216418548
55450.056685640026	0.9998677701907712	0.00010565257944807115
55450.07711891069	0.9998885619068318	0.00010565115116551177
55450.09755208111	1.000110658948511	0.00010565942916604675
55450.11798535131	1.0000183907244193	0.00010565392952083822
55450.13841842127	1.0000432077956762	0.00010565260485674658
55450.158851591	1.0000818869482264	0.00010565303728192965