55204.31845925587	0.9999964153163181	0.00010343238288571411
55204.338892594744	0.9999007078943939	0.00010342991170909678
55204.35932603398	1.000085463087355	0.00010343979026806816
55204.40019261313	0.9999868478232296	0.00010344048649620831
55204.42062585306	0.9998736733459033	0.00010343731160452859
55204.44105929334	1.0000414936968347	0.00010344924624203184
55204.46149263385	1.0000853540302246	0.00010345280254468134
55204.48192597459	1.0000388191551282	0.00010345083010464108
55204.50235931569	0.9999055895365044	0.00010344630159745831
55204.52279265689	0.999884873549044	0.00010344583807548647
55204.54322599845	1.0001637770851577	0.00010345833509753
55204.56365934036	0.9999536135888213	0.00010344964008477874
55204.58409268238	0.9999351647930548	0.00010344939042918766
55204.62495946724	1.000039301659692	0.00010345749721291482
55204.6453927102	1.000031240655209	0.00010346190085938814
55204.66582605327	0.9998896334333104	0.00010345904304504473
55204.70669274023	1.0000634340606231	0.00010347186368789494
55204.72712608423	1.0000499740167057	0.00010347103859816304
55204.74755932835	1.0001709486793167	0.00010347458666363974
55204.7679927727	1.0001654119800178	0.00010347204662677975
55204.788426117404	0.9999014014368744	0.00010345823006898486
55204.80885946234	1.000099672579302	0.00010346207165620439
55204.82929280762	1.0000560536896614	0.00010345655099221132
55204.84972615302	1.0000120277413658	0.00010345271320468347
55204.87015949877	1.0000202958777922	0.00010345245486873984
55204.89059284475	0.9998924626996242	0.00010344718297583365
55204.91102619097	0.9999796161765415	0.00010344983415835311
55204.93145953753	0.9999702343309608	0.00010345046995695941
55204.951892784324	1.0000175455654878	0.00010345199271593532
55204.97232623136	1.0000703813406455	0.00010345400616596665
55204.99275957862	0.9999158702652824	0.00010344654529021142
55205.03362627396	1.0000160416464532	0.00010344749438744705
55205.05405962204	1.000001258696529	0.00010344493267563103
55205.07449287046	0.9998959657109596	0.00010343899104088576
55205.094926319005	0.9999047108880854	0.00010343790370651555
55205.1153595679	1.00007196966427	0.00010344625873692419
55205.13579291702	0.9999320195252156	0.00010344068302325376
55205.15622636638	1.0001065414896393	0.00010344930813012568
55205.17665971609	1.0001708088476458	0.00010345216045324311
55205.197092966024	0.9998606707511616	0.00010343923123716899
55205.2175263162	0.9999478676244776	0.000103441322403294
55205.23795976661	1.0000602067010118	0.0001034427935957436
55205.25839301724	1.0001218140929322	0.00010344257207665833
55205.299259819454	1.000031399438984	0.00010343735988335344
55205.31969307102	0.9999779324486106	0.00010343402925407785
55205.34012642271	1.0000063881651873	0.00010343633642835523
55205.360559874745	0.999951935114202	0.00010343441258254246
55205.38099312701	0.9999435591427659	0.00010343304537427545
55205.40142647951	0.9999715326464591	0.00010343428911394025
55205.421859832364	1.0000036288249239	0.0001034337040274109
55205.44229328533	1.0000475466931096	0.00010343394510068774
55205.46272653876	0.9999535295146996	0.00010343370179543695
55205.48315989231	1.0000357898694128	0.00010343693647155459
55205.52402660022	1.000042668017715	0.00010344208739119227
55205.54445995459	0.9999314492220795	0.00010343690125728037
55205.5648934093	0.9998424002894871	0.00010343371344899843
55205.58532666413	1.0000028474955696	0.00010344031076315829
55205.60576001931	1.0000723152613398	0.00010344154876674074
55205.626193474716	1.0000536336474732	0.00010344188807768556
55205.64662673036	1.00009580198255	0.00010344524059191794
55205.66706008636	0.9998976308068673	0.00010344081606178728
55205.68749344258	0.9998314529096037	0.00010344454011854801
55205.70792679904	1.0000596790150722	0.00010345704589451362
55205.728360155736	1.000051597764785	0.0001034610305231532
55205.74879351277	0.9997513174478246	0.00010344866297968718
55205.76922697005	0.9998482090356563	0.00010345465885738235
55205.78966022756	1.0000789464285367	0.00010346561515693106
55205.81009358529	1.0000370136512473	0.00010346514102844805
55205.830526943384	1.000057057896811	0.00010346764740870586
55205.85096030171	1.0000027257493127	0.00010346722839182854
55205.87139366026	0.9998075253878699	0.00010346026943463034
55205.89182701905	1.0002018523353962	0.0001034780866520733
55205.91226037819	1.0000526887793657	0.00010346811855219828
55205.93269373755	0.9999642157909039	0.00010346159759337282
55205.953126997156	1.0000641820173806	0.00010346630331731338
55205.97356045711	0.999973966169615	0.00010346207374313621
55206.01442707759	1.0000053934972466	0.00010346791085498691
55206.03486053836	0.9999727238625236	0.00010347017802972932
55206.05529389924	0.9999166887300666	0.0001034696957376414
55206.075727160474	1.0000251920771956	0.00010347866165816169
55206.09616062194	1.0000623063437668	0.00010347807855974889
55206.116593983636	1.0000566774388768	0.00010347894064500757
55206.137027245684	0.9999145467354473	0.00010347337591524897
55206.15746070785	1.00001732508773	0.00010347640983545072
55206.177894070475	0.99995899830114	0.00010347410608115348
55206.19832733322	1.0000511511199832	0.00010347707817021523
55206.2187606962	0.9999378375719072	0.00010347369766652533
55206.23919415953	0.9999606524127641	0.00010347453023088728
55206.280060787	1.000241856845718	0.00010348231498203828
55206.3209276154	1.000029212028461	0.00010346928228121802
55206.34136088001	1.0000314708533224	0.00010347092313823938
55206.361794344964	0.999948941902708	0.0001034694403390843
55206.38222771004	0.9998965372439927	0.00010346922261282006
55206.402660975466	1.0001393128500913	0.00010348153394195415
55206.423094441234	0.9999136413187985	0.00010347634101642682
55206.443527807125	1.0000043267983687	0.00010348379244789348
55206.463961073365	0.9999188059553693	0.0001034822806905962
55206.48439443983	1.0000673517478098	0.00010349155892311568
55206.50482790654	1.0000630621197202	0.00010349195743755784
55206.52526117359	0.9999614961096743	0.00010349114860119144
55206.54569454087	0.9999268297063251	0.0001034917215249086
55206.566128008395	0.9999800634639583	0.00010349547982694913
55206.606994644244	1.0000356897972074	0.00010349740162661165
55206.62742811258	1.000038325149486	0.0001034971509081444
55206.64786148115	0.99990770940233	0.00010349247564551877
55206.66829474994	1.000066095382717	0.00010349973895308192
55206.70916148848	0.9999636753117027	0.00010349969868111812
55206.72959485809	1.0001298763508804	0.00010350760092448175
55206.75002832794	0.9999660084092957	0.00010350001198114437
55206.770461598135	1.000041903534964	0.00010350060697519991
55206.79089496856	0.999763734737781	0.0001034897560002721
55206.81132823922	1.0001008808836134	0.00010350149064210236
55206.83176171024	1.0000569570910713	0.00010349602942753089
55206.852195081476	0.9999691318611192	0.00010349468645103039
55206.872628452955	1.0000968285486187	0.00010350056887481959
55206.91349519672	0.9998258099748274	0.00010349355841268655
55206.933928569015	0.9999945598964266	0.00010350062501119438
55206.95436194154	1.0000594556691884	0.0001034997439529839
55206.974795314294	0.9999497500513238	0.00010348894211644261
55206.9952286874	0.9993729782657197	0.00010345546021403576
55207.015662160746	0.998643382205751	0.00010341181889464734
55207.03609543443	0.9986097993048834	0.00010340095404382585
55207.056528808236	0.9983228340750445	0.00010337928969277887
55207.076962282394	0.9981628343681509	0.00010336760777412458
55207.097395556775	0.9982011024641222	0.000103366204674128
55207.1178289314	0.9983138519945532	0.00010337296915248652
55207.13826220637	0.9984638461473566	0.00010338451687757842
55207.158695681566	0.9985517241847437	0.0001033960570105069
55207.179129057	0.9986357395032733	0.00010340865362634037
55207.19956243279	0.998589684456397	0.00010341296946154402
55207.219995808686	0.9987380078137688	0.00010342624719039338
55207.24042918494	0.9987972553689354	0.00010343498757068022
55207.26086256154	0.9988341236308462	0.00010344248363802864
55207.28129593825	0.9988707938407084	0.00010344730772746906
55207.30172931532	0.9989826717913602	0.00010345482295493975
55207.32216269262	0.9992745652949568	0.0001034700743388224
55207.34259617014	0.9991726426617673	0.00010347009637608453
55207.363029448024	0.9993845003636979	0.00010347925133287089
55207.38346282614	0.9991360614392742	0.00010346982966921959
55207.42432958318	0.9994261452945274	0.0001034815125952587
55207.44476296199	0.9997733652560561	0.00010349628826586505
55207.48562972066	0.9999910426081697	0.00010349840087549082
55207.506063100285	0.9999836338426794	0.00010349458722894429
55207.526496480255	0.999945373621619	0.00010348945117788002
55207.546929860466	1.000143729120955	0.00010349644289206069
55207.567363241025	0.9998430470523599	0.00010347942581707534
55207.628663384094	1.0001368007616458	0.00010349272936127442
55207.64909666558	0.9999351338164985	0.00010348817975652196
55207.66953014742	0.9998905318728124	0.00010348911298690153
55207.68996352949	1.0002197848390488	0.00010350417420528696
55207.71039681179	1.0001048890372646	0.00010350119010038201
55207.730830294444	0.9999874674819158	0.00010349762322883075
55207.75126367733	0.9999257311777907	0.00010349078840782263
55207.771696960444	0.9998963921151258	0.00010348595762735764
55207.792130343914	1.000185222752558	0.00010349351297134699
55207.81256382762	0.9998965270711372	0.0001034794477075531
55207.832997111545	0.9998797436977741	0.00010347733502311687
55207.853430495714	0.9999587030768342	0.00010348139489089649
55207.89429736486	1.0000822346635474	0.00010348991140317466
55207.91473064984	1.0002279151713585	0.00010350015521204773
55207.935164135175	0.99971065163339	0.00010348138062458816
55207.95559752073	0.9998286138062163	0.00010348928935039791
55207.97603080653	1.0001242446229945	0.00010350081670215525
55207.99646429256	1.000096587487559	0.00010349992715364174
55208.016897678935	1.0000173974734892	0.00010349569125062435
55208.03733096555	1.0001672058154305	0.0001035038230211241
55208.057764452395	0.9998829352078665	0.00010349471700154347
55208.078197839466	1.0000078391970528	0.00010350200634394617
55208.09863112689	1.0001010797294212	0.00010350827182834352
55208.119064514554	1.0000144612170745	0.00010350558606524586
55208.13949800244	1.0000165651806932	0.00010350703451050125
55208.159931290684	1.0000465480973464	0.000103506505338463
55208.18036467916	0.9998869348612663	0.00010349954855769777
55208.20079816786	1.0000152715608985	0.00010350360242684494
55208.2212315568	0.9998903595221589	0.00010349710854966954
55208.24166484609	1.000189237347616	0.00010350927297765959
55208.26209833561	0.9999311185113166	0.00010349782989619379
55208.28253172537	1.0000261806112256	0.00010350278045851
55208.302965015355	0.9999699186821472	0.00010350133628652614
55208.32339850569	0.9999267218472645	0.00010349973307558742
55208.34383179626	0.9999067909356445	0.0001034953003972733
55208.36426518718	1.0001190466007517	0.0001035012244996306
55208.384698678325	1.000117338252963	0.00010349850605846619
55208.40513196971	0.9998793296826607	0.00010348531816144094
55208.42556536133	0.9999204162672025	0.00010348396776044269
55208.44599875317	1.000090169436679	0.00010348904535200511
55208.466432145375	0.9999410332164608	0.00010348003106756583
55208.507298930585	1.0000204802773565	0.00010348052489092886
55208.5277323236	0.9997461624718782	0.00010346693116243872
55208.54816571685	0.9999766310421159	0.00010347454456951876
55208.568599110324	1.0000777767313118	0.00010347810792250242
55208.58903260404	0.999879583045374	0.00010346934757914124
55208.6094658981	0.9998441036525786	0.00010346724919501711
55208.62989929239	1.0000241549855258	0.00010347571952358457
55208.670766081916	1.0000461182255618	0.00010347938228222605
55208.69119947702	0.9999699133553537	0.00010348050743512915
55208.711632972365	1.0001859736635428	0.00010348836164683261
55208.73206626806	1.0000040144906053	0.00010348085897109531
55208.75249966398	0.9999147849863832	0.00010347493437741797
55208.772933060136	0.9999777365365273	0.00010347370917925408
55208.79336645653	1.0001124368486427	0.00010347450508129467
55208.81379985326	0.9999311758065332	0.0001034658274075652
55208.834233250236	1.000001575314565	0.00010346749737542911
55208.85466664744	1.0000092374160845	0.00010346605594261107
55208.87510004499	1.0000638689064165	0.00010346698095152788
55208.89553344278	1.00000699789928	0.00010346462535279919
55208.9159669408	0.9998284697976069	0.00010345407854324464
55208.93640023917	1.000124959496707	0.00010346488009410154
55208.956833637654	1.0000676927398342	0.00010345853764735063
55208.97726713649	0.9998558210745083	0.0001034461071136156
55208.99770043567	1.0000304076130446	0.00010345275060464228
55209.01813383509	1.0000711985895478	0.0001034551192328903
55209.038567334625	0.9998718109226705	0.0001034512417336393
55209.05900063462	0.9998585050248942	0.0001034555778477357
55209.0998675352	0.9999842529772972	0.00010346817186432056
55209.12030083589	1.000021443726103	0.0001034723805463461
55209.14073423694	1.0004812668461143	0.00010349402199475542
55209.16116763811	1.0000051660208997	0.00010347261496665498
55209.18160103973	1.0002010430900874	0.0001034797882467933
55209.20203444148	1.000089863189832	0.0001034740881615575
55209.22246774346	0.9999104106235299	0.00010346562594089627
55209.24290124578	1.0000517845997248	0.00010347134152393934
55209.26333464846	1.0000453823146631	0.00010347245505471461
55209.30420145439	0.9999478162632178	0.00010347449856151293
55209.32463485777	1.0000346006322092	0.0001034777104141304
55209.345068161376	0.9997796307619409	0.0001034660440596565
55209.36550166533	0.9999775007978865	0.00010347349051552481
55209.38593506952	1.0000425185527602	0.00010347368650237608
55209.406368373944	1.0001210080791652	0.0001034753174488818
55209.42680187871	0.9999145999986303	0.00010346658706402778
55209.44723528372	1.0001085487015606	0.00010347599108356829
55209.46766868896	0.9999415163818707	0.00010347191058272168
55209.7333028816	1.0000231736971619	0.00010347465551424504
55209.753736390565	0.9999687577070854	0.0001034764339677978
55209.77416979988	0.9999760572997238	0.00010348006793167723
55209.8150365192	1.0000667287527296	0.0001034870182874069
55209.83547002933	0.9999487870925841	0.00010348159368634076
55209.85590343968	0.9999862122952735	0.00010347962103080322
55209.876336750276	0.9999902758363097	0.00010347758138110847
55209.896770261104	0.9999879513239963	0.00010347409494387906
55209.917203672274	0.9999036486939159	0.00010346858529269676
55209.93763698368	0.999986148922369	0.00010347481888971724
55209.958070495326	1.000151233330402	0.00010348050118678782
55209.97850390731	0.9998788844602432	0.00010347326954043427
55209.998937219534	0.9999412434883561	0.00010348709300719843
55210.03980414479	1.0000753241389186	0.00010350666066732497
55210.06023745783	0.9999620507702083	0.00010349544403864828
55210.0806709711	1.000006296651142	0.00010349039310733878
55210.121537698455	0.999980783115124	0.00010351105677846045