56284.48018768459	1.0000930362629563	0.00010891237659299933
56284.50062065016	0.9999356229538594	0.00010890531617343242
56284.521053615834	0.9999452430536969	0.00010890808768076195
56284.54148648169	0.9998951531077149	0.00010890898812431953
56284.5619195477	0.9999053138543874	0.0001089119640757423
56284.58235251381	0.9999449059889371	0.00010891748899295477
56284.60278548011	1.0001116949101025	0.00010892825968702144
56284.62321844658	1.000091925808989	0.00010892885764917737
56284.64365141316	0.9999775247749211	0.00010892600524125495
56284.66408447992	0.9998551409543629	0.00010892118547047835
56284.684517346825	0.9999100790416946	0.00010892141987759214
56284.7049503139	1.0001574268712217	0.000108928463976076
56284.7253833811	0.9999592581389858	0.00010892121888186727
56284.76624921595	1.0000824272533562	0.00010892430940814588
56284.786682283615	0.9999853011006833	0.00010892154038006252
56284.80711515142	0.9997897076556398	0.00010891522166119737
56284.8275482194	1.0000334738436651	0.00010892729538787614
56284.8479811875	1.000046566478203	0.00010893168259577534
56284.868414055774	0.9999414398869984	0.00010892887534399122
56284.88884712419	0.9998990105905806	0.0001089288034463039
56284.909280092754	1.0002491245095877	0.00010894697575628615
56284.92971296149	0.9999169871268032	0.00010893237500830155
56284.95014603037	0.9999884026312006	0.00010893484345816838
56284.970578999404	0.9999718937853855	0.0001089334312560457
56284.991012068545	0.9999354744225892	0.0001089306840654809
56285.03187790739	0.9999803315407272	0.00010893071072763982
56285.05231097703	1.0001598984987945	0.0001089369414739368
56285.07274384682	0.9999282226106476	0.00010892835283577545
56285.09317681678	0.9997644197619124	0.00010892061047561734
56285.11360988685	1.0000687591898925	0.0001089338373202183
56285.134042857106	0.9998970536208923	0.00010892759012322307
56285.154475727504	1.000024398387223	0.00010893501940274665
56285.17490879807	0.9999773321211782	0.00010893229378493183
56285.19534166879	0.9999536585082681	0.0001089307768115759
56285.21577473963	1.0001254559334312	0.00010893859825776144
56285.23620771066	1.0000067617167352	0.00010893385899855761
56285.256640581814	1.0000694813987592	0.0001089360216761135
56285.277073653146	0.9999293502577123	0.00010892921431594512
56285.297506624614	0.9999536524112749	0.00010892884116460603
56285.317939496264	1.0000181051321866	0.00010893072972288649
56285.33837256806	0.999978346834921	0.0001089278765179285
56285.358805539996	0.9998440021318055	0.0001089233746164776
56285.37923841208	1.0001732737540565	0.00010893563790476083
56285.399671484345	0.9997686698490966	0.00010891873102359958
56285.420104456716	1.0000368826824702	0.00010892913128482302
56285.44053752927	1.0001457861101788	0.00010893143170639655
56285.460970402	0.9999369855472325	0.00010892333594304687
56285.48140337486	1.0000795260535809	0.00010892803537372043
56285.50183644788	0.9999044091085322	0.00010892056893689978
56285.54270229438	1.0000277490214615	0.00010892367460033192
56285.56313536786	0.9999882809250651	0.00010892141531110365
56285.58356824152	1.00017559800079	0.00010892802436146182
56285.60400131529	0.9999580690917919	0.00010891806392747047
56285.62443428924	1.000115493298855	0.00010892252919898545
56285.644867263334	1.000138294317347	0.0001089255143941237
56285.68573321204	0.999796414445133	0.00010890501068644088
56285.7061661866	1.000093861028894	0.00010891255205298369
56285.7265991613	1.0000843451835832	0.00010891146909508229
56285.74703213618	1.0002577223017461	0.0001089158538535673
56285.78789808643	0.9999987885297067	0.0001089036902407778
56285.80833106178	0.9999716529304212	0.00010890293369555706
56285.82876403727	1.0000381443594482	0.0001089074058728624
56285.84919701293	1.0001454014933633	0.00010891429216644714
56285.869629988774	0.9998897678549838	0.00010890687639038865
56285.890063064726	1.000025627353137	0.00010891507226489773
56285.91049594086	0.9998785525526048	0.00010891060548711849
56285.930928917165	1.000227080188679	0.00010892705244126663
56285.95136199359	0.9999209178748336	0.00010891466081109507
56285.97179487018	0.9999510187994339	0.00010891682991877832
56285.99222784695	1.0001237856713239	0.00010892300631808591
56286.05352687814	1.0000319997249347	0.00010892157163466431
56286.07395985552	1.0000427693403324	0.00010892356602523668
56286.09439273307	0.9998578904032414	0.00010891904061148463
56286.11482581078	0.9999838639239352	0.00010892873955567692
56286.13525878862	1.0002054430010459	0.00010894117393917299
56286.17612474479	0.9998719533395307	0.00010893311907445258
56286.19655772313	1.0001877820008551	0.0001089489866893672
56286.216990801615	1.000055683380346	0.00010894348709419178
56286.23742368025	0.9999108778489295	0.00010893648613246825
56286.257856659024	1.0001161634898672	0.00010894377388716272
56286.27828973798	1.0000287576423557	0.00010893888506963141
56286.29872271711	1.0000839067229765	0.00010893984977928151
56286.319155596386	0.9998489721720314	0.0001089297247678954
56286.3395886758	1.0000689948152899	0.0001089389467753451
56286.3600216554	1.0000012810004613	0.00010893754648772433
56286.38045453516	1.00005358752729	0.00010893953099886387
56286.40088761505	1.0000639944474308	0.00010894084518143196
56286.42132059511	0.999967245356038	0.0001089361370149674
56286.44175357534	0.9999398440754944	0.00010893589222604016
56286.46218655572	0.9998095417497063	0.00010893070648609798
56286.48261943625	0.9997981055456162	0.00010892899848317518
56286.50305251694	1.0001801811211377	0.00010894373896223558
56286.52348549782	1.000095559359441	0.00010894018605790786
56286.54391837884	1.000054114964536	0.00010893690453581378
56286.56435146	0.9997588104090122	0.00010892265003323308
56286.584784441344	1.0002065744717792	0.00010893982219715188
56286.60521732283	0.9997900150729878	0.00010892143733106386
56286.62565040449	1.000053172245584	0.00010893025599964499
56286.646083386295	1.0000350473755382	0.00010892769670449304
56286.66651646825	0.9999942986942904	0.00010892564074297862
56286.6869493504	0.9999561111677339	0.00010892371010979642
56286.70738233267	1.0000556042683455	0.00010892643239000879
56286.72781541512	0.9998670636063887	0.00010892004677525823
56286.748248297736	0.9999658222867776	0.00010892337415785902
56286.768681280504	0.9998443675062845	0.00010892012259969635
56286.78911436342	1.0002951045366826	0.00010893997753018102
56286.80954724653	0.999989913779369	0.00010892832741307845
56286.82998032976	0.9998391320499109	0.00010892213841927277
56286.850413313165	1.000005140281162	0.00010892886498652442
56286.87084629675	1.0003244498282056	0.00010894040300312814
56286.89127928048	1.0000520197163523	0.00010892752233430105
56286.91171226438	0.9997246334822615	0.00010891021110117522
56286.93214524842	0.9999172238190068	0.00010891429015273564
56286.952578232616	1.0001217586734326	0.00010891997751161338
56286.97301121698	0.9999621394311742	0.00010891038596266078
56286.99344420152	1.0000008925158697	0.0001089104451023188
56287.01387728621	0.9999907371402829	0.00010890885162037412
56287.034310171075	1.0000331934642153	0.00010891045145758094
56287.05474325608	0.9999681640715254	0.00010890900421076288
56287.07517624126	1.000146286563214	0.0001089199121290167
56287.09560912661	1.0000269366509247	0.00010891931965694617
56287.11604221209	1.000006629589147	0.0001089193291426121
56287.13647509774	1.0000805675743607	0.00010892745611043301
56287.15690808359	0.999889451810444	0.0001089223775659497
56287.177341169554	0.9994424282056737	0.00010890706955581089
56287.1977740557	0.9995687620105705	0.0001089120609331453
56287.21820704201	0.9993123730066557	0.00010890130606607493
56287.238640128475	0.9993897198007459	0.0001089031146848427
56287.25907301511	0.9994962024044548	0.00010890568579183643
56287.27950610189	0.9991585757352365	0.000108890861488379
56287.29993908885	0.9991494844196654	0.00010888617749491512
56287.320371975955	0.9989609901071567	0.0001088754671906203
56287.34080506323	0.9989154308976674	0.0001088691663432746
56287.36123805068	0.9990207417561803	0.0001088717797392327
56287.38167103828	0.9988665065799044	0.00010886191689784514
56287.40210402602	0.9987875251898128	0.00010885894972607203
56287.42253701397	0.9992410466514359	0.00010887565524252155
56287.442970102034	0.9990089876099653	0.00010886590966267191
56287.463402990295	0.9989413199471728	0.00010886579887663644
56287.48383597871	0.9990625311333644	0.00010887257274165487
56287.5042690673	0.9990625421287148	0.00010887345524986785
56287.52470205603	0.998856800940131	0.00010886898804940639
56287.545134944936	0.9991017329299856	0.00010888395053590318
56287.56556803402	0.9991900519702375	0.00010889088391904367
56287.58600102324	0.9992805669441268	0.00010889916872488113
56287.60643391262	0.999507676499757	0.00010891264929733857
56287.62686700217	0.9999271377462551	0.00010893613241848873
56287.667733081784	1.0000024487186439	0.0001089454443232461
56287.68816597183	1.00011149879176	0.00010895326262680696
56287.70859896204	1.000167261828317	0.00010895597026474466
56287.729032052404	1.000007593218619	0.0001089505894275082
56287.74946494294	0.9999964881553205	0.0001089495078873791
56287.76989793365	0.9999667783469937	0.00010895084744419615
56287.79033092451	0.9999660042848104	0.00010894983233265027
56287.81076391554	1.0001048676283135	0.0001089541050484191
56287.831196806714	1.00006144898956	0.00010895274139419858
56287.8516298981	0.9999522475167373	0.00010894828548727208
56287.8720628896	0.9999959208565841	0.00010894795375298574
56287.892495981294	0.999910117668909	0.00010894422243196707
56287.91292887314	1.0000422078533204	0.00010894924573331246
56287.933361865165	0.9999010884164166	0.00010894018429159915
56287.95379495733	1.0000072242123115	0.00010894262650490258
56287.9742278497	1.000024601390252	0.0001089413652234027
56287.99466084219	0.9997911906289555	0.00010892962556742268
56288.015093934875	0.9999921202053585	0.00010893333819792645
56288.03552682768	1.0001220777936402	0.00010893689282737105
56288.05595992069	1.0000582482580207	0.0001089318270448267
56288.07639291388	1.0001336352802104	0.00010893272128711282
56288.09682590721	0.9998609051993222	0.00010891880181546181
56288.11725890072	1.0000481480585912	0.00010892468314021568
56288.137691894364	0.9997800852691293	0.0001089129852355391
56288.15812488819	0.9999281115555788	0.00010892002490175196
56288.17855798219	1.0001421494979128	0.00010892755470649936
56288.198990876364	0.999939146647568	0.00010891957128617923
56288.21942387069	1.0000323272896272	0.00010892069680635171
56288.23985696518	0.9997855189342956	0.0001089127216368912
56288.26028985982	0.9999620996771478	0.00010891908347891825
56288.28072295467	0.9999075372179035	0.00010891890137318839
56288.30115594965	1.000095251847715	0.00010893058273693885
56288.32158884482	1.000017181002169	0.00010892808872295663
56288.34202194013	0.999905370654111	0.00010892842504806804
56288.36245493561	1.000050342639595	0.00010893699767640484
56288.38288783127	0.9999445217627654	0.0001089356788331248
56288.40332092708	1.0001024752706031	0.00010894377535233421
56288.42375382308	0.9999223655853333	0.00010893995315678348
56288.44418691924	0.9999735271090847	0.00010894369830603094
56288.485052812044	0.9999524513105104	0.0001089475103256087
56288.50548590872	0.9998941016102604	0.00010894759191403588
56288.525918905514	1.0000436463030402	0.00010895633816201777
56288.546351902536	0.9999976922624713	0.00010895940869759414
56288.56678489968	1.0001272825437528	0.00010896817995799286
56288.587217897	1.0000703738377437	0.00010897104749971885
56288.60765089449	0.9999930923726937	0.00010897110018067616
56288.62808389216	0.9998616463495458	0.00010897008967079447
56288.648516889945	0.9999269115096829	0.0001089756867598138
56288.66894998796	0.9999557963571198	0.00010897929395425346
56288.68938298609	0.9999913466600365	0.00010898238380587722
56288.70981588446	1.0000691345364905	0.00010898603059048531
56288.73024898294	0.9999910764918024	0.00010898030109194081
56288.77111488043	1.0001607072359815	0.00010898102425011744
56288.79154797943	0.9998191780342117	0.00010896425181133159
56288.811980978615	1.000015020954973	0.0001089676414136437
56288.83241387791	0.9998160132830501	0.00010895712776103173
56288.85284697744	0.9999304745182046	0.00010895679636738299
56288.87327997709	1.0000949201042366	0.0001089604125292814
56288.89371307696	0.9999717510529583	0.00010895228707554774
56288.91414597696	0.9999637611845326	0.00010894982115491863
56288.93457897713	0.9997349585461129	0.00010893816171827475
56288.95501207748	0.9999403392213869	0.00010894541587604794
56288.975444977994	1.0001331534559996	0.00010895404463054648
56288.99587797869	0.9999159993520318	0.00010894724201077288
56289.0163110795	0.9998340251236331	0.00010894605374360402
56289.03674398054	0.9999206203296258	0.00010894967774832609
56289.05717708176	1.000025948163544	0.00010895655575130506
56289.0776099831	0.999845580477799	0.0001089522063120381
56289.0980429846	1.0000364913260549	0.00010896012043250933
56289.11847608635	1.0001783419243913	0.00010896689502238636
56289.159341990235	0.9999344519551826	0.00010895486834809714
56289.179775092445	0.9999638028088567	0.00010895482461690258
56289.20020799483	0.9999309642589485	0.00010895091550936837
56289.22064099738	1.000061190665321	0.0001089551367079999
56289.24107410006	0.9999431964520028	0.00010894973697083073
56289.26150710296	1.0001699376159814	0.00010895668064188223
56289.28194010598	1.0000138769253835	0.00010895155080060679
56289.30237310924	1.0001052352083195	0.00010895739069656454
56289.32280611261	1.0000839535622288	0.00010895896605768512
56289.34323911621	0.9998826167044573	0.00010895496278321783
56289.36367211994	1.0000465915170003	0.00010896315939650017
56289.38410512383	1.000454603148309	0.00010898229754452654
56289.4045382279	0.9998973693402351	0.00010896099214623958
56289.424971132146	1.0003323271420446	0.00010898062304050766
56289.44540423656	1.0000258022338855	0.0001089651780290494
56289.46583724116	1.0000781728415458	0.00010896647899602592
56289.48627014593	1.0000334428485436	0.00010896337981957985
56289.50670325087	0.9999986711084892	0.00010896076604340249
56289.52713625599	0.9998464004282628	0.00010895290985617782
56289.54756916122	0.9999609198694205	0.00010895523934614749
56289.568002266686	1.0001030703675786	0.00010896163922543733
56289.58843527227	0.9999823862883465	0.00010895737913456864
56289.60886817809	0.999879926942714	0.0001089554601216251
56289.62930128402	1.000146184763789	0.00010896823142347898
56289.649734290186	0.9999474429194025	0.00010896307575647196
56289.67016739647	1.0001086798195233	0.00010897254012863192
56289.69060030292	1.0001604142170735	0.00010897665919782532
56289.711033309555	0.9998037656923341	0.00010896383392349426
56289.73146631636	0.9999953527485712	0.0001089711786832852
56289.75189932334	0.9999807414966041	0.00010897030854808164
56289.772332330554	1.000042690713867	0.000108972671946889
56289.79276533789	0.9999963770739169	0.00010897039181860264
56289.81319834533	1.0000568202955915	0.00010897378521376887
56289.83363135301	1.0000167145928833	0.00010897113740778672
56289.854064360865	1.0000432773823758	0.00010897342774393903
56289.87449736889	0.9999371879553401	0.00010896924371879049
56289.894930477094	0.9999518934079389	0.00010897167672737513
56289.915363485474	1.0000346073840216	0.00010897611610669654
56289.93579639396	0.9998422148536766	0.00010896854011470926
56289.95622950269	0.9999580990511776	0.00010897414786153454
56289.97666251159	1.0000354066701613	0.00010897836133330914
56289.99709542061	0.9999476710864075	0.00010897226834081471
56290.01752852986	0.9997954504950702	0.00010896808200465066
56290.058394648826	1.0000601402065015	0.0001089799768917107
56290.078827558544	1.0000847030071875	0.00010898327597848376
56290.09926056849	0.9999520952518014	0.00010897971915500077
56290.140126588856	0.9999684376229659	0.00010898435272524826
56290.16055959927	1.0000890344599138	0.00010899176313697161
56290.18099270986	0.9998673511856466	0.00010898217167505786
56290.20142562068	0.9999446220350072	0.00010898552171884562
56290.221858631616	1.0000935154263373	0.0001089904913739306
56290.24229174279	0.9999381167360427	0.00010898244945560714
56290.26272465408	1.0000821393151493	0.00010898744122333611
56290.28315776554	1.0001250863310918	0.00010898583506310218