56164.47700511138	0.9999084096324662	0.00010700857211984028
56164.497438616156	0.9999212330642737	0.0001069994951953941
56164.517872220924	0.9999253105696867	0.00010700046657424067
56164.53830562523	1.0000297649235228	0.00010700479011850501
56164.55873912931	0.9999754857566635	0.00010700362722105765
56164.57917273338	0.9999254770135644	0.00010700185020188314
56164.59960613699	0.9999665041036112	0.00010700517053065081
56164.640473243504	0.9999849947588297	0.00010700845135100256
56164.660906646415	0.9998767563442348	0.00010700538934106858
56164.70177375177	1.0000137280653036	0.00010701285731533562
56164.72220715398	0.9999204690068598	0.00010700979176287361
56164.742640755954	1.0000209242689506	0.00010701413608118282
56164.7630742577	0.9999855735191902	0.00010701500212028477
56164.78350775922	1.0000246703734692	0.00010701729917083787
56164.80394126027	0.9997775525750819	0.00010700901300694271
56164.82437476131	0.9999122618357412	0.0001070175254909991
56164.844808262125	0.9998772068690246	0.00010701647779631788
56164.8652418627	0.9999709297721735	0.0001070220774136296
56164.90610886294	1.0000037734853444	0.00010702554137361213
56164.92654236282	0.9999430528067399	0.0001070247013487116
56164.94697576247	0.9999131537464798	0.00010702515588222182
56164.967409361656	0.9999997607111382	0.00010702908661253178
56164.987842860835	1.0002561532253091	0.00010704265899720724
56165.008276259556	1.0000712892043362	0.00010703542950989638
56165.02870985828	1.0001490229991348	0.0001070389509811474
56165.04914335676	1.0000159282722092	0.0001070341764651557
56165.06957675478	1.0001202531442777	0.00010703989478672173
56165.09001035257	0.9998272309940314	0.00010702843732364097
56165.11044375035	1.000241967626485	0.00010704678849158873
56165.13087724768	0.9999369266608649	0.00010703475949092046
56165.15131084477	1.0001607863119304	0.00010704365610049031
56165.17174424186	0.9998921908968812	0.00010703307461959211
56165.19217783848	1.0000084686246826	0.00010703882245786233
56165.21261133487	0.9999578116222193	0.00010703576494404156
56165.233044831024	1.0000582576139672	0.00010704059765711448
56165.25347832695	0.9999364472046773	0.00010703486063539047
56165.27391182288	0.9999999322966199	0.00010703720923021693
56165.29434531833	1.0000068635227994	0.00010703750465329878
56165.31477881356	0.9998621489782966	0.00010703046151042296
56165.33521230856	0.9997919087837852	0.00010702913045717209
56165.35564580331	1.0000306098270002	0.00010703753767298473
56165.37607939784	1.000005037685194	0.00010703542971091986
56165.39651279191	1.0001460148586934	0.00010704164006019931
56165.416946285965	0.9999550368965436	0.00010703187563652817
56165.4373798798	1.0000758625239012	0.00010703652863349205
56165.457813273395	0.9998476585614815	0.00010702601184565125
56165.478246866754	0.9998231018498621	0.00010702387437464381
56165.498680359655	1.0000756037362861	0.00010703383268488475
56165.519113752554	0.9998156827896914	0.00010702253658992623
56165.539547345215	1.000115101626437	0.00010703341039591418
56165.58041422962	1.0000298250204172	0.00010702659051343291
56165.60084782158	1.0001480956083806	0.00010703147172172357
56165.621281313084	0.9997882000172398	0.00010701562226058788
56165.64171470459	0.9999516019644458	0.00010702081158373366
56165.66214829562	0.999931362169158	0.00010701871164157093
56165.682581786656	1.0000263501977633	0.00010702261418674258
56165.70301527723	0.9999957356857018	0.00010701938591250627
56165.72344876756	0.9998986795355338	0.00010701396629618863
56165.7438822579	1.0001220700556233	0.00010702286788828203
56165.784749237406	1.0001357327689617	0.00010702067447254374
56165.80518272705	1.0000616318792357	0.00010701746981595424
56165.825616316215	0.9998928438001958	0.00010700826136161745
56165.84604970516	1.0002427147083026	0.00010702404172425934
56165.866483193866	1.000026808748163	0.00010701402346256849
56165.88691668234	1.0001592825842653	0.00010701835018808527
56165.90735017058	0.9999057540027698	0.00010700803776563494
56165.92778365859	1.0000470673042008	0.00010701326091024621
56165.94821724636	1.0001136435671822	0.00010701495954847177
56165.968650633906	0.999949323536928	0.00010700746696352061
56165.98908422122	1.0001455232173702	0.00010701506436626653
56166.0095177083	0.9998668039863482	0.00010700370518463924
56166.02995109514	0.9996827592220732	0.00010699498062566051
56166.05038468175	0.9999392928532673	0.00010700722978326762
56166.070818168126	1.0000095804005675	0.00010700909306607274
56166.09125155404	0.9999297664407996	0.00010700495744740595
56166.11168513996	0.9999029215559707	0.00010700369884619382
56166.13211862563	0.9999971170113915	0.00010700849639590899
56166.172985596066	1.000096407406253	0.00010701325416132125
56166.19341908104	1.0005568937370684	0.00010703188044851551
56166.23428605008	1.0001434297181113	0.00010701470119706526
56166.254719534125	1.0000048087403812	0.00010700928926483365
56166.27515311818	1.000254067393039	0.00010702032919301467
56166.295586501765	1.0002784648507503	0.0001070220038028949
56166.316019985345	1.000108064729856	0.00010701466077212593
56166.356886951355	1.0002556363262332	0.00010702174446378455
56166.377320434236	1.000109544550596	0.00010701527977144343
56166.39775401666	1.0001005515387065	0.0001070146852245266
56166.41818749885	1.000203783738314	0.00010702014450983748
56166.4386208808	1.0000632385630526	0.0001070136372911225
56166.45905446276	0.9999548013102054	0.00010700893747420363
56166.47948784425	0.99997937931173	0.00010701048213367728
56166.4999213255	1.000104152076558	0.00010701895315884903
56166.520354906526	1.0001553326817074	0.00010701846223573192
56166.56122186787	0.9999041465938581	0.00010700876335734801
56166.5816553482	0.9998439876447907	0.00010700564555939382
56166.602088728294	0.999898737256953	0.00010700841189434206
56166.62252230815	0.9998783558790459	0.00010700637429207985
56166.64295578778	1.000071529483618	0.00010701443376915814
56166.66338916717	0.9999322351312222	0.00010700950178137564
56166.68382274633	0.9998985455855448	0.00010700701873626457
56166.70425622503	0.9998057001878238	0.00010700446871237812
56166.724689603725	0.9998342213361583	0.00010700272462688094
56166.74512318218	0.9997332158544245	0.00010699760289902833
56166.765556660415	0.9999013844647652	0.00010700548938737754
56166.78599013818	0.999856060153839	0.00010700321943943181
56166.80642361594	0.999799607962114	0.00010699952748505482
56166.82685709324	1.0001084709142287	0.00010701143826474895
56166.84729067054	0.9998175359894843	0.00010699933631476133
56166.8677240476	0.9997737485129927	0.00010699641051991769
56166.888157524205	1.0000541643008196	0.00010700804752212767
56166.9085911008	1.000160761001893	0.00010701147134749753
56166.94945795284	1.0003260747305283	0.00010701627723055708
56166.969891528744	1.0003024746592568	0.00010701479663083098
56166.990325004175	1.0000227763590264	0.00010700352046644268
56167.01075837961	1.000029065521636	0.00010700149952665755
56167.03119195458	1.0002183824184996	0.00010700956910573722
56167.09249237833	1.0001593947690337	0.00010700400281222709
56167.112925852365	1.0000887268062115	0.00010700086240091153
56167.13335932617	1.00012352905182	0.00010700116600804695
56167.15379279974	0.9991999801472738	0.00010696030018255018
56167.174226273084	0.9993662630396539	0.00010696696934263027
56167.194659746194	0.9990576095294517	0.00010695281707444971
56167.21509321907	0.9995324660610492	0.00010697407607786663
56167.23552669171	0.9991407634970931	0.00010695565254491208
56167.25596016412	0.9991497139114157	0.00010695671807588472
56167.27639363629	0.9992158670131429	0.00010695897042492778
56167.296827108235	0.9989753117157383	0.00010694931032409947
56167.31726057995	0.9989980300000939	0.00010694936535441046
56167.33769405143	0.9989812596944606	0.00010694936242387408
56167.358127522435	0.9990517974486529	0.00010695204755190869
56167.37856099345	0.9988695548704184	0.00010694546797320402
56167.39899446422	0.9991446273566627	0.00010695596998034353
56167.41942803477	0.9990104756272207	0.0001069513834854286
56167.439861504856	0.9990898797055416	0.00010695469774541268
56167.46029487494	0.9990611251482696	0.00010695531817897276
56167.48072844455	0.999248289863353	0.00010696343477617697
56167.501161914166	0.9991994808150189	0.00010696158917071401
56167.52159528354	0.9991367453657796	0.00010696036193633704
56167.54202885246	0.999273486179984	0.00010696723962497625
56167.56246232138	0.9992135155305075	0.00010696531294989746
56167.58289568983	0.9993648433617803	0.00010697351369947997
56167.62376272627	1.0002108524252147	0.00010700987875464104
56167.644196294015	1.0000621369802498	0.00010700656139582169
56167.66462966177	1.0000330942173563	0.00010700517777567245
56167.68506312906	0.9996547390079386	0.00010699053988302714
56167.70549669611	0.9999299828495054	0.00010700371957670052
56167.72593006293	0.9998391738876412	0.00010699964719221403
56167.74636352975	0.9998384138239155	0.00010700199867014807
56167.766797096105	1.0001142826897542	0.00010701465499936391
56167.78723046223	1.0000903225448141	0.0001070138428664691
56167.80766392812	1.000018227410357	0.00010701327639082089
56167.82809749377	0.999704247138381	0.00010700151273985054
56167.8485308592	0.999946692838653	0.00010701312860001651
56167.889397789346	0.9999581446876912	0.00010701643858035532
56167.909831254074	1.0000179192147765	0.00010701917539502588
56167.950698282824	1.0000770052134629	0.00010702487908275506
56167.97113164685	0.9999128121935553	0.0001070189696704854
56168.01199867421	0.9999086609764075	0.0001070297096687626
56168.03243203754	0.9999598522004763	0.0001070251691544146
56168.0528656004	1.000109716934587	0.00010703092478569144
56168.07329906326	1.0001625174918192	0.00010703531132884563
56168.09373242589	1.000217766541902	0.00010703923015764579
56168.11416598806	1.0000835609653247	0.00010703364773896429
56168.13459945022	1.0000299186712827	0.00010703327843404615
56168.15503281215	1.0001859716226893	0.00010704013869004556
56168.17546637362	1.000043130241481	0.00010703427041276325
56168.19589983508	0.9998547374107608	0.00010702816600400748
56168.216333396085	0.9999902119605605	0.0001070337928101372
56168.23676675709	0.9997935264176008	0.00010702771197917642
56168.25720021762	0.9999028319651819	0.00010703258835871765
56168.277633778154	1.0001903483283667	0.00010704594722418878
56168.298067138225	1.0001157293301557	0.0001070434059493634
56168.31850059829	1.0002983027281696	0.00010705213894488837
56168.338934157895	1.0001457921213723	0.00010704475080431828
56168.35936751727	1.0000966592576896	0.00010704433723228653
56168.37980097663	1.000379667786051	0.00010705757833101653
56168.40023453554	0.9999386279706256	0.00010703715311638803
56168.420667994214	1.0000242790639329	0.00010704153497935009
56168.44110135265	0.9998915390092145	0.00010703652698952622
56168.46153491109	0.9998930730880324	0.00010703597547217136
56168.48196836906	1.0001939620582458	0.00010704894579228178
56168.5024018268	1.000040256612191	0.00010704398455737105
56168.52283528431	1.0000914995001111	0.00010704508163897294
56168.54326874158	0.9998956972040829	0.00010703714163536542
56168.563702198626	0.9999146177737022	0.0001070382116450807
56168.58413565544	0.9999277026390455	0.00010703802772991102
56168.60456911201	0.9997749086459522	0.00010703032568152912
56168.625002568355	1.0000022404524558	0.00010703893943955523
56168.66586938035	0.9998225950524029	0.00010703199700778116
56168.68630293599	0.9995940001843736	0.00010702127466180382
56168.7067363914	0.9998634293380653	0.00010703252228098001
56168.727169746344	1.000056980951849	0.00010703967027009427
56168.74760330129	0.9999022770326814	0.00010703242120391978
56168.76803675601	0.9998857537446393	0.00010703072928773751
56168.78847031049	0.9999403469790463	0.00010703279343461756
56168.8089036645	1.0000221684200605	0.00010703470363934153
56168.82933711852	0.9996073169566534	0.00010701644866111522
56168.8497706723	0.9999933544808939	0.00010703126045948648
56168.87020402562	1.000033198507115	0.00010703340707715614
56168.89063747894	1.0000955141029	0.00010703453161978782
56168.91107103202	0.9999491829504764	0.00010702734995126308
56168.95193783726	1.0000086770861674	0.00010702875893298255
56168.972371389405	1.000023117246815	0.0001070278228687024
56168.99280484156	1.0000685537944998	0.00010702959438230677
56169.01323819325	0.9998791926534311	0.0001070295382142484
56169.0336717447	1.000044956301015	0.0001070259199479931
56169.054105196155	1.0001937655294746	0.00010704039772328404
56169.07453874714	1.0002303218464632	0.0001070507759030309
56169.0949720979	1.0000778016852079	0.00010702460454990605
56169.115405548655	1.0000798898908394	0.0001070250266162819
56169.176705898826	1.0000409536905068	0.00010702142911150134
56169.197139448646	0.9999053454780625	0.0001070140747426461
56169.21757279801	0.9998678336973421	0.00010701253377189888
56169.25843979603	1.0001721683540044	0.00010702456730872399
56169.278873144685	0.9998360937855348	0.00010701048384541353
56169.299306593115	0.9998937624733116	0.00010701238959410311