55324.34772020537	0.999969782070426	0.00010741335151031308
55324.368154524	1.000326817399018	0.00010742770281456554
55324.40902316115	1.0000775508125268	0.0001074186090887595
55324.429457479666	1.000218902305856	0.00010742367406149152
55324.44989189818	1.0000814932199154	0.00010741787589169101
55324.47032611658	1.0002418292181674	0.00010742340433186006
55324.49076043498	1.0002432900915523	0.00010742198061086128
55324.511194853374	0.999794641026998	0.00010740254581829757
55324.53162907166	1.0001894608084931	0.00010741904960129582
55324.55206338994	1.000002694027647	0.00010741161956048375
55324.57249780822	1.000131214011854	0.0001074158749572313
55324.59293202639	1.0000724031313422	0.00010741391895832446
55324.61336634456	0.9999505162376418	0.00010740806261134532
55324.63380076272	1.0003336334459927	0.00010742284743734715
55324.65423508077	1.0000692898223902	0.0001074108335560652
55324.67466929882	1.000149761734115	0.00010741484448328857
55324.69510371675	1.0001125848536874	0.00010741290688183461
55324.715537934804	1.0001493103511012	0.00010741523542150549
55324.73597235274	1.0002916520793037	0.00010741923972978364
55324.75640667055	1.0002402866418911	0.00010741626595280531
55324.77684088837	1.0000549025027479	0.00010740876058022543
55324.817709624	1.0000816811865374	0.00010740975174364458
55324.838143841705	1.0002128218933957	0.00010741337643188146
55324.85857825941	1.0001079850803312	0.0001074094071430655
55324.87901257699	1.000202828457763	0.00010741151591315262
55324.899446794574	1.0001057893699217	0.00010740814600911855
55324.91988121216	1.0002056760113625	0.00010741263256906998
55324.940315529624	0.9999900701900698	0.00010740187363130647
55324.96074974709	1.0000494150377723	0.00010740433028359255
55324.981184164564	1.0001340394603	0.00010740786195480732
55325.00161848191	1.0002388998698728	0.00010740993999983898
55325.022052799264	1.000014723805447	0.00010740124484180302
55325.04248711662	0.9998313652306696	0.00010739568125789649
55325.06292143385	0.9998597346184732	0.00010739582250889641
55325.083355751085	0.9999191113577637	0.00010739679573786503
55325.10379006832	0.9999446741221787	0.00010739780744120556
55325.124224385436	0.9999006605052256	0.00010739452834179567
55325.14465870256	0.9999569452322753	0.00010739654882733845
55325.16509311956	1.0001835152583185	0.00010740546835281776
55325.18552733656	1.000000904598873	0.00010739732738098432
55325.20596175356	0.9999723753469707	0.00010739705359173358
55325.22639607056	0.9999400691884239	0.00010739391266947505
55325.24683028745	1.0001142965758156	0.00010740486499929633
55325.26726470422	1.0001661447548356	0.00010740304022282681
55325.28769902111	0.9999624185746102	0.00010739286963670319
55325.30813323787	1.0004030901012873	0.00010741050715454124
55325.32856765453	1.0001321069739633	0.00010740018186215031
55325.349001971175	1.0000153124612075	0.00010739524541000738
55325.36943618783	1.0002513151594472	0.00010740393103811192
55325.389870604486	1.0000328315228917	0.00010739437541899695
55325.410304921024	1.000247519051551	0.00010740284476803245
55325.43073913744	0.9999299198728216	0.00010738896628674777
55325.45117355398	1.0000158745124128	0.0001073922395798115
55325.4716077704	1.0002510779524674	0.0001074017143899191
55325.4920420867	1.0000577198881595	0.00010739229057918795
55325.51247650312	1.0002908856317827	0.0001074027099395367
55325.53291071943	1.0002761058463943	0.00010740037279201003
55325.55334503561	1.0001683767660974	0.00010739720686513948
55325.5737794518	1.000282487373612	0.00010739961101120548
55325.59421376798	1.0002562546155853	0.00010739975880957586
55325.61464798405	1.000063937856182	0.00010739115237293412
55325.63508240013	1.0002017237440561	0.00010740040220814027
55325.6555167162	1.000060998301705	0.00010738950002637627
55325.67595113215	1.0002620623229668	0.00010739771943569802
55325.69638534811	1.000403212424184	0.00010740259304536322
55325.716819664056	1.000130886748064	0.0001073922721610592
55325.7372540799	1.000263004796423	0.00010739587103039459
55325.77812261146	1.0000180570314177	0.0001073859517322919
55325.79855702718	1.0002150259383091	0.00010739420741615091
55325.8394255585	0.9999590817504784	0.00010738228573999554
55325.8802941896	0.9999968545265447	0.00010738412442343957
55325.90072850508	1.0001754468270219	0.00010738771852752675
55325.921162920575	0.9999558390038736	0.00010738170022845063
55325.94159713595	0.999910675021066	0.00010737806295905065
55325.962031451316	0.9999193356240422	0.00010737675080737092
55325.98246586669	1.000113999760854	0.0001073840347383208
55326.00290018195	0.9997954169135597	0.00010737265896549499
55326.02333439708	0.999715939756082	0.00010736813210778843
55326.04376881234	0.9998996141503135	0.00010737341211496527
55326.064203127484	0.9997371152559147	0.00010736886504917569
55326.0846373425	0.9998155318278428	0.00010737054661614378
55326.10507175764	0.9998457612135018	0.00010737272640926793
55326.12550597255	0.9996793455521059	0.00010736315483530001
55326.14594038757	0.9997930855591897	0.00010736933243356571
55326.16637470248	0.9996009688371876	0.00010735904807517662
55326.18680891727	0.9995890099943778	0.00010735879653779362
55326.207243332174	0.9997537144183485	0.00010736526637390866
55326.22767764685	0.999608991784077	0.00010735831905584422
55326.24811186164	0.9997867602264716	0.00010736552419203986
55326.26854627631	0.9996439326919696	0.00010736007064561883
55326.28898059099	0.9996491370605267	0.0001073593148203771
55326.309414805546	0.9997543301701045	0.00010736302760757516
55326.35028353454	0.9997311237882781	0.00010736142930733322
55326.370717748985	0.9995949346886954	0.00010735535585097967
55326.39115216342	0.9997110077263823	0.00010736213833195176
55326.41158647775	0.9997372826728198	0.00010736110431664787
55326.432020792075	0.999567628594686	0.00010735504271455661
55326.45245510628	0.9997206987817632	0.00010735891961155154
55326.4933237347	0.99974250808154	0.00010735921681073114
55326.51375814879	0.9996891723511565	0.00010735648903788323
55326.53419236288	0.9996465177375748	0.0001073542819250776
55326.575061090945	0.9995681153717001	0.00010735054709054937
55326.595495304806	0.9997988036785156	0.00010735971870925993
55326.61592971867	0.9997028674701304	0.00010735611983816585
55326.63636403252	0.9997838539618963	0.00010735741376113626
55326.677232660004	0.999703196325931	0.00010735753067896955
55326.69766697375	0.999896653024375	0.00010736313450187086
55326.718101187376	1.0000255235240936	0.00010736606958846124
55326.75896991451	1.0000056596512765	0.0001073662041996326
55326.77940412802	1.0000796451061338	0.0001073677575991579
55326.79983854153	0.9999896144509347	0.00010736410105047414
55326.82027285492	1.000196050663083	0.00010737139851292981
55326.8407070682	0.9999917980095762	0.00010736354845191272
55326.8611414816	1.0000842893089092	0.00010736622504892107
55326.90201000803	1.0001780017184454	0.00010736932117322702
55326.92244442119	1.0000846116983693	0.00010736334295243697
55326.94287873435	1.000054556139491	0.00010736327365799538
55326.963312947395	1.0000737875008014	0.00010736526367982739
55326.98374736044	1.0004317493077162	0.00010737684299892565
55327.004181673365	1.0000834817232005	0.00010736255786225758
55327.024615886294	0.9996524194951973	0.00010734443864263935
55327.0450502991	0.9996138421209739	0.00010734061689759139
55327.065484611914	0.9992553883248516	0.00010732778379128384
55327.08591902473	0.9992403229558984	0.00010732666493404791
55327.106353237425	0.9991226628461326	0.00010732116742113799
55327.126787550114	0.9993488031660165	0.00010732969185767704
55327.147221962696	0.9991562210846642	0.0001073220201958975
55327.16765617527	0.9991804673608047	0.00010732222854182216
55327.208524900314	0.9992927596070303	0.00010732696310950299
55327.22895911278	0.9991993739895525	0.00010732223973572038
55327.24939342512	0.9994386910012768	0.00010733217027568131
55327.26982783747	0.9991718320841119	0.00010731990327040889
55327.29026204969	0.9993028735433741	0.00010732467889556088
55327.31069636192	0.9990126448608904	0.00010731248719473523
55327.33113077404	0.999372758205961	0.00010732619070361346
55327.351565086145	0.9991017963530059	0.00010731358422333206
55327.37199929826	0.9992641027689209	0.00010732093364392055
55327.39243371026	0.9995372558251953	0.00010733213605969812
55327.41286802225	0.9994504936885358	0.00010732801199352462
55327.43330223413	0.9994141298218607	0.0001073270290271615
55327.45373664601	0.9996509758319564	0.00010733530746278402
55327.47417095789	0.9999820520096264	0.00010734876227397136
55327.49460516965	1.0000717457525763	0.00010735356407770398
55327.5150395813	1.0003388744552535	0.00010736412996585681
55327.555908204595	1.0002918134194188	0.00010735932981994508
55327.576342516244	1.0002230507337946	0.00010735630490262926
55327.59677672766	1.0004204373133279	0.00010736372905468284
55327.617211139186	1.000365283644083	0.00010736191146816535
55327.6376454506	1.0001687154645864	0.00010735328832876192
55327.658079661895	1.0001253581221357	0.00010735111185308109
55327.678514073195	1.0001503892194046	0.00010735163092695217
55327.698948384495	0.9999783501318589	0.00010734446927414466
55327.71938269567	1.0002381805978804	0.0001073549148624641
55327.739817006855	0.9999839614706582	0.00010734534226839778
55327.76025131792	0.9999583303573171	0.00010734205562965079
55327.78068562898	1.000198066108155	0.00010735257474302547
55327.80111994005	0.9998524856555099	0.00010733622482213299
55327.821554250884	1.0002227359382878	0.0001073518694776115
55327.86242297266	0.9999243899178961	0.00010733685167724024
55327.8828571835	1.000183936305851	0.0001073495476603456
55327.90329149421	1.000133033702508	0.00010734666810666785
55327.923725904926	0.9999122525669426	0.00010733651597739632
55327.94416011553	1.0002788552606294	0.0001073514211477486
55327.96459442612	1.0002618701467754	0.00010734826500887107
55327.98502883661	1.0002302280172415	0.0001073473840660073
55328.00546304709	1.0002544193869645	0.00010734767138457053
55328.02589745745	1.000270653436868	0.00010734813728467696
55328.04633176782	1.0003170365130973	0.00010734962066653881
55328.06676597819	1.0002919524197844	0.00010734992030579224
55328.087200388436	1.0000891811185193	0.00010734095307223128
55328.10763469869	1.0001767386336118	0.0001073419309748469
55328.12806890882	0.9999856938738857	0.00010733513143209368
55328.14850331895	0.9997067161638752	0.00010732419059848852
55328.16893762897	0.9995932804683086	0.0001073183667545696
55328.18937193899	0.9998678695017084	0.00010732799129442191
55328.20980624889	0.9996265812582532	0.00010731823690477899
55328.25067476858	0.9996637870480477	0.00010732009714412557
55328.27110917836	0.9997711575619289	0.00010732274669950755
55328.29154348814	0.999814741505803	0.00010732503467437883
55328.31197769781	0.9995260593798566	0.00010731240232364614
55328.33241210736	0.9994393674776848	0.00010730968519544944
55328.352846416914	0.9994073039490927	0.0001073072150875397
55328.37328062647	0.999369029492384	0.00010730395220411678
55328.3937150359	0.9992903358678489	0.00010730290006842623
55328.414149345335	0.999334420539988	0.0001073027704405939
55328.434583554656	0.9992923076848289	0.0001073002597549296
55328.45501796397	0.9992591270540713	0.00010730005188569576
55328.49588668237	0.9995993170214971	0.00010731097423480755
55328.53675520055	0.9993456574757544	0.00010729943490984202
55328.55718960963	0.9992879683320961	0.00010729831967323847
55328.5776238186	0.9993866717677369	0.00010730130751227992
55328.598058127456	0.9992648125014577	0.00010729498659923161
55328.618492536305	0.999205114087102	0.00010729308417232454
55328.6593610539	0.9993754404462767	0.00010729919067853357
55328.679795462514	0.9994136406267049	0.00010729912192826981
55328.70022977125	0.999317935936391	0.00010729597732982819
55328.72066397976	0.999406166005093	0.00010729674726498147
55328.761532696764	0.9992170612292697	0.0001072904315275738
55328.78196690515	0.9993396194361385	0.00010729515631480852
55328.80240131354	0.9993890506148866	0.00010729562467506058
55328.82283562181	0.9992216184989151	0.00010728790833055047
55328.86370423823	0.9997663398664337	0.000107309470404642
55328.88413854639	0.9993894452745277	0.00010729288851392199
55328.90457275443	0.9995078938911325	0.00010729951360135611
55328.92500716246	0.9995565394321418	0.00010729946684047962
55328.9454414705	0.9999139440103636	0.00010731413380711057
55328.96587567831	0.9997710742467079	0.00010730716547783924
55328.98631008623	0.9995791700317018	0.00010729993625876648
55329.006744294034	0.9997429368254644	0.00010730676753165742
55329.02717870173	0.9996712369272186	0.00010730298647021439
55329.04761300941	0.9997584760756684	0.0001073050662046181
55329.068047216984	0.9998408301407978	0.00010730886923634546
55329.08848162456	0.9996223341575163	0.00010730090895628306
55329.10891593213	0.999956486761731	0.00010731455365842214
55329.129350239586	0.9998394231550994	0.00010730777531292692
55329.14978454693	0.999952974980614	0.0001073099246675818
55329.17021885426	0.9999042159783434	0.0001073086971940549
55329.190653161604	0.9999773004444259	0.00010731273024053836
55329.21108746883	1.0002877893372153	0.00010732427999966117
55329.23152177593	1.0002252988627856	0.00010732133617191482
55329.25195608304	1.0002186783714748	0.00010732155002230718
55329.27239049015	1.0003414327194233	0.00010732280198919699
55329.292824697135	1.0004890781551	0.00010733025056119137
55329.31325900401	1.0005475614143422	0.00010732981134723191
55329.33369341089	1.0005769518983056	0.00010733240692124526
55329.35412761776	1.0005789943467234	0.0001073311598325685
55329.37456192452	1.0005213882980113	0.00010732881606530015
55329.39499633128	1.0006631681750942	0.00010733471004952974
55329.41543053791	1.0007399269222872	0.0001073369665091088
55329.43586484444	1.0007470612680744	0.00010733842206722876
55329.45629925097	1.000523281240693	0.00010732804587034302
55329.476733457486	1.000824953145321	0.00010733967282143347
55329.4971677639	1.0007582791760388	0.00010733615714459302
55329.51760217019	1.0009029831265726	0.00010734122356726671
55329.53803647648	1.0006243061560813	0.000107330749992902
55329.55847078277	1.0008933367770239	0.00010734089359627923
55329.57890508895	1.0008776453075185	0.00010733945272744144
55329.59933939512	1.000685057496976	0.00010733114195775057
55329.61977370118	1.0007842614223137	0.00010733377235854054
55329.64020800713	1.0004952142835524	0.00010732294626024923
55329.660642213064	1.0003492873405309	0.00010731782795701018
55329.68107661901	1.0004950486671385	0.00010732309391883931
55329.70151092484	1.0003592387888187	0.00010731704376334581
55329.72194513054	1.0004416593321697	0.00010731982218631207
55329.742379536256	1.0003800173528985	0.00010731532915027209
55329.76281384197	1.0003511619391035	0.00010731494206398518
55329.78324804744	1.000230926882305	0.00010731074215716278
55329.803682453035	1.0003784153618094	0.00010731630671219025
55329.824116758515	1.0000907001187096	0.00010730426504256393
55329.84455096387	1.0000333187994899	0.00010730143397193933
55329.86498536923	1.0003134795780024	0.00010731172375409052
55329.885419674596	0.9999972416463732	0.00010729995727713743
55329.905853879834	1.0001606328219457	0.00010730595719721207
55329.926288284965	0.9999776287120224	0.0001072978209291096
55329.946722590095	1.0000755908957593	0.00010730036114730713
55329.9671568951	0.9998819322496383	0.0001072939493825997
55329.987591200115	1.0001714332212912	0.00010730522261839345
55330.00802550501	0.9999089047356109	0.00010729317090512868
55330.0284599099	1.0000014960314556	0.00010729684823158515
55330.04889411468	0.999834740257331	0.00010728940315113958
55330.069328419464	0.9997625123734241	0.00010728574006640612
55330.08976282412	0.9996761406263416	0.00010728117172970949
55330.110197128786	0.9997052474688345	0.00010728173566593462
55330.13063133333	0.9997434498336488	0.00010728407546817876