55924.43982790435	1.000065427479448	0.00010846490314841808
55924.46026097518	0.9999389874430553	0.00010846148969361787
55924.480694146194	1.0001053615912996	0.00010846960592857393
55924.50112711744	1.0000579911775842	0.00010846668222052295
55924.52156028879	0.9998678088630264	0.00010846149830210699
55924.54199336044	0.9999716621403504	0.00010846541342110989
55924.56242643227	1.0000434528456104	0.00010846556131855839
55924.58285950426	0.9999341793992641	0.00010846443461490354
55924.603292576496	0.9998430937895945	0.0001084594059836112
55924.623725648904	1.0001806976502639	0.00010847295644875799
55924.64415872148	0.9998719648048342	0.00010846214867351148
55924.664591794295	1.000256364304457	0.00010847660984002528
55924.68502486734	0.9999058100048465	0.00010846236056004773
55924.7054579405	0.9998804434517244	0.00010846115877747965
55924.76675716133	1.000007983638211	0.00010846735646112128
55924.787190235365	0.9997885210252563	0.000108458832420296
55924.82805638396	1.000119565921718	0.00010847016447867116
55924.84848945858	0.999886357799965	0.00010846229108680331
55924.868922633366	1.0001235893223386	0.00010847196643130698
55924.889355608335	1.0000433039003185	0.0001084690070988332
55924.90978878354	0.9999160573812145	0.00010846511040125468
55924.930221858966	1.0001094293182384	0.0001084721576888214
55924.950654834574	1.000041823290142	0.00010847015850534741
55924.97108801036	0.9999441456832107	0.00010846625516349323
55924.99152108637	0.9999793029128705	0.00010846682017173682
55925.01195406256	1.0000048250608125	0.00010846820970793684
55925.032387238985	1.000228693430448	0.00010847618693630056
55925.05282031558	1.0002375399674657	0.00010847658530121498
55925.07325349235	0.9998764293980115	0.00010846253740523684
55925.09368646936	1.0001483497000547	0.00010847379164342089
55925.11411954653	0.9999493370715059	0.00010846475168430287
55925.13455272395	1.0000146317581096	0.00010847024479536696
55925.15498570159	1.000190230253427	0.0001084748464363008
55925.17541877935	0.9998378287736026	0.00010846179780976804
55925.195851957345	0.9999564351387629	0.00010846844118124299
55925.216284935574	1.0002289643061366	0.00010847844640840082
55925.23671801397	0.9998199484661405	0.00010846041553290343
55925.25715109261	0.9998256113990664	0.00010846538184180691
55925.27758417142	1.0000485800077945	0.00010847571793763308
55925.2980173504	0.9999308747754536	0.0001084687925048263
55925.318450429615	1.0000380187753617	0.00010847303698052058
55925.33888340901	0.9998800273748589	0.00010846742458445171
55925.35931658863	0.9999185577035131	0.00010846900462064178
55925.37974966843	0.999885340918124	0.00010846738327294084
55925.40018264846	0.9996765774830477	0.00010846088888453517
55925.42061582866	0.9999561352726731	0.00010847339263440425
55925.4410489091	1.00003263955375	0.00010847689290659085
55925.46148188972	0.9999853736015077	0.0001084746233570659
55925.48191507056	0.9999631068210774	0.00010847351167322181
55925.50234815158	1.0001970254711607	0.00010848273390777252
55925.52278133278	1.0000557335704665	0.00010847916820753399
55925.5432143142	1.000039380993636	0.0001084786783372469
55925.563647395866	1.0002803871262482	0.00010848704394768147
55925.58408057764	0.9998874502516403	0.00010847040391241058
55925.60451355971	0.9998874937409857	0.0001084712211687737
55925.624946641954	0.9999552129166204	0.00010847222685598597
55925.645379824375	1.0000216057019857	0.00010847365178795705
55925.68624598985	0.9999230567402396	0.0001084687411159755
55925.727112056135	1.0000764846706984	0.00010847250466703683
55925.7475452396	1.0000494680259997	0.00010847138583544556
55925.767978323245	0.9999940995075046	0.00010846842402333988
55925.78841140711	0.9999040121525398	0.00010846425996437096
55925.80884449116	0.9998885156118282	0.00010846246812758092
55925.82927757544	1.0000921780700227	0.00010846908726056361
55925.849710659895	1.000098164386052	0.0001084681558844307
55925.87014374453	0.9999917292042787	0.00010846184392414247
55925.89057682945	1.0001089961394263	0.00010846657278046539
55925.91100991448	1.0000017521221245	0.00010846192897082888
55925.931442999754	1.000031807528581	0.00010846344109220381
55925.95187608525	1.00003312102328	0.00010846263947659787
55925.97230927093	1.0001823249038084	0.00010846926546286281
55925.99274225684	1.0000524703796279	0.00010846326133504508
55926.01317534293	1.0002485411523983	0.00010846842592833793
55926.033608529186	1.000027198180351	0.00010845940781802443
55926.05404151568	1.0000478756016589	0.00010845966879797928
55926.0744747024	0.9999290145627242	0.00010845371837593452
55926.0949077893	1.0000147560508206	0.00010845776682962212
55926.11534077638	0.9998204992857538	0.00010845128122237416
55926.13577396368	0.9999889432730957	0.00010845628610746582
55926.17664003894	0.9999275836717262	0.00010845178670375066
55926.19707322688	0.999918777352088	0.00010845457656876103
55926.217506315006	0.9997563095259532	0.00010844504118729749
55926.23793940336	0.9999697059874383	0.00010845179682171086
55926.25837249189	0.9998055415885562	0.00010844407317427679
55926.278805580594	1.0000403987343658	0.00010845408957027759
55926.299238769534	0.9999716151062982	0.00010845119605650176
55926.3196717587	0.9998744563718733	0.00010844715960539331
55926.340104848045	1.0000331932290911	0.00010845549288058279
55926.360538037625	0.999993231025508	0.00010845396338865946
55926.38097112737	1.0002559088981111	0.00010846380894214855
55926.40140411736	0.9999830896763713	0.00010845385591564467
55926.42183730752	1.0000918132919059	0.00010846064949404737
55926.44227039791	1.0001074293032344	0.00010846267841413892
55926.462703488476	0.999996848894455	0.0001084598739011293
55926.48313657928	0.9999447482371875	0.00010845904467826174
55926.503569570246	0.9999899989967233	0.0001084660785561129
55926.524002761456	0.9999963830006777	0.00010846462312515468
55926.5444358529	0.9999938088530832	0.00010846626651793377
55926.56486884451	0.9999090664683835	0.00010846689914173084
55926.5853020363	1.0000946910649067	0.0001084758662757107
55929.65026897363	1.000042990034583	0.00010842288111815144
55929.67070209726	0.9999612716914049	0.0001084236659187828
55929.7115683451	0.9999303648646056	0.00010842814129366257
55929.772867718486	1.0001004083642941	0.0001084396401976455
55929.7933007434	1.0000600525772443	0.00010843905008509462
55929.813733968476	0.999904665960626	0.00010843200213480926