56164.47700511138	0.9999757024938529	0.00010701577369244582
56164.497438616156	1.0000006670989663	0.0001070079952665321
56164.517872220924	0.9999881014510746	0.00010700718572969568
56164.53830562523	1.000067565091858	0.00010700883479719463
56164.55873912931	0.9999913289182533	0.00010700532253837384
56164.57917273338	0.9999276605281452	0.00010700208385939609
56164.59960613699	0.99996461821344	0.00010700496872389175
56164.640473243504	0.9999982565903538	0.00010700987050035071
56164.660906646415	0.999904230149768	0.00010700832954868825
56164.70177375177	1.0000700402957932	0.00010701888336529611
56164.72220715398	0.9999874412647413	0.0001070169590202625
56164.742640755954	1.0000943934641955	0.0001070219981591323
56164.7630742577	1.0000608200053018	0.0001070230547393265
56164.78350775922	1.0000969608683183	0.00010702503531349882
56164.80394126027	0.9998425117448203	0.00010701596577020646
56164.82437476131	0.9999662483484063	0.00010702330350094639
56164.844808262125	0.9999174342183592	0.00010702078331424278
56164.8652418627	0.999995621115317	0.0001070247200092878
56164.90610886294	0.9999960532087548	0.00010702471510994847
56164.92654236282	0.9999202889280825	0.00010702226491264856
56164.94697576247	0.9998771280427015	0.00010702129989078076
56164.967409361656	0.9999528037701269	0.0001070240608528226
56164.987842860835	1.0002009684913942	0.00010703675338929341
56165.008276259556	1.0000108190043626	0.00010702895751745285
56165.02870985828	1.000086209879197	0.00010703222853248088
56165.04914335676	0.9999536344331358	0.0001070275090015928
56165.06957675478	1.0000610783866164	0.0001070335614884867
56165.09001035257	0.9997734771478161	0.00010702268313933573
56165.11044375035	1.0001954679534508	0.00010704181205506103
56165.13087724768	0.9998991293677983	0.00010703071361156056
56165.15131084477	1.000132606915011	0.00010704064015973934
56165.17174424186	0.9998741024139214	0.00010703113834489768
56165.19217783848	1.0000004683861659	0.00010703796612900407
56165.21261133487	0.9999594929451299	0.00010703594491331801
56165.233044831024	1.0000688514840517	0.00010704173156524106
56165.25347832695	0.9999548837132293	0.00010703683410993376
56165.27391182288	1.0000249189356327	0.00010703988373050599
56165.29434531833	1.0000369484073772	0.00010704072484216993
56165.31477881356	0.9998957929572996	0.00010703406293748311
56165.33521230856	0.9998275658051418	0.00010703294759147469
56165.35564580331	1.0000667927068367	0.00010704141048080239
56165.37607939784	1.0000403442425252	0.00010703920874441782
56165.39651279191	1.0001792109861725	0.00010704519290935955
56165.416946285965	0.999985062253564	0.00010703508945130981
56165.4373798798	1.0001018941394335	0.00010703931475589105
56165.457813273395	0.9998690885380944	0.0001070283057600403
56165.478246866754	0.9998395751585615	0.0001070256377238978
56165.498680359655	1.0000869979545173	0.00010703505215953568
56165.519113752554	0.9998220879229941	0.00010702322220991106
56165.539547345215	1.000116817668629	0.00010703359404862365
56165.58041422962	1.0000237108797587	0.00010702593615732051
56165.60084782158	1.0001390865757185	0.00010703050761447901
56165.621281313084	0.9997770830427117	0.00010701443231861143
56165.64171470459	0.9999391810475209	0.00010701948222278528
56165.66214829562	0.9999184377673176	0.0001070173283937941
56165.682581786656	1.000013671843621	0.00010702125735189156
56165.70301527723	0.9999839753829655	0.00010701812732676229
56165.72344876756	0.9998883985304282	0.00010701286597356957
56165.7438822579	1.000113691990069	0.00010702197135311915
56165.784749237406	1.0001318224574003	0.00010702025604515734
56165.80518272705	1.0000599475199463	0.00010701728957119365
56165.825616316215	0.9998931507796982	0.00010700829421448066
56165.84604970516	1.0002446134997893	0.00010702424489128702
56165.866483193866	1.0000297447106474	0.00010701433764330388
56165.88691668234	1.0001625660902482	0.00010701870152751616
56165.90735017058	0.9999085785822793	0.00010700834004683455
56165.92778365859	1.0000485399702617	0.00010701341849762642
56165.94821724636	1.0001128099243657	0.00010701487034635671
56165.968650633906	0.9999452018465927	0.00010700702588952616
56165.98908422122	1.000137133931984	0.00010701416671697974
56166.0095177083	0.9998532115160811	0.00010700225054620602
56166.02995109514	0.9996630953915702	0.00010699287602683225
56166.05038468175	0.9999127807460142	0.00010700439262387889
56166.070818168126	0.999975585840316	0.0001070054553738616
56166.09125155404	0.9998878146732465	0.00010700046808500019
56166.11168513996	0.9998527102937116	0.00010699832553377556
56166.13211862563	0.9999385357882332	0.00010700222768922917
56166.172985596066	1.0000216242495419	0.00010700525214381885
56166.19341908104	1.0004746802970748	0.00010702308588707101
56166.23428605008	1.0000489528798164	0.00010700459223637045
56166.254719534125	0.9999058415219914	0.00010699869890405954
56166.27515311818	1.0001519050746484	0.00010700939852519565
56166.295586501765	1.000174612591958	0.00010701089242018904
56166.316019985345	1.0000041457519997	0.00010700354111960509
56166.356886951355	1.0001566563013846	0.00010701115415612556
56166.377320434236	1.0000156826488606	0.00010700523621398631
56166.39775401666	1.0000135244302193	0.00010700537298226614
56166.41818749885	1.000125247007596	0.00010701174121002254
56166.4386208808	0.9999947697660018	0.00010700631065943482
56166.45905446276	0.9998978097813548	0.00010700283859559497
56166.47948784425	0.9999350885385658	0.00010700574245895155
56166.4999213255	1.0000735755630716	0.00010701568123316232
56166.520354906526	1.0001392438138093	0.00010701674069724154
56166.56122186787	0.9999182189179077	0.00010701026936369798
56166.5816553482	0.9998731200660825	0.00010700876337935928
56166.602088728294	0.9999424928350343	0.000107013094583446
56166.62252230815	0.9999359621791978	0.0001070125392833304
56166.64295578778	1.0001419026115308	0.00010702196417094854
56166.66338916717	1.0000139329356912	0.00010701824481519906
56166.68382274633	0.999989848348011	0.00010701678976399236
56166.70425622503	0.9999045878696602	0.00010701505219260345
56166.724689603725	0.99993843098142	0.00010701387719171365
56166.74512318218	0.9998402299903306	0.00010700905621060852
56166.765556660415	1.0000085352623473	0.00010701695624172105
56166.78599013818	0.9999604764822436	0.00010701439393118778
56166.80642361594	0.9998983342491045	0.00010701009326841202
56166.82685709324	1.0001985276423275	0.00010702107431951653
56166.84729067054	0.9998958473861369	0.00010700771711142282
56166.8677240476	0.9998373599425084	0.00010700321825480405
56166.888157524205	1.0001002094215796	0.00010701297445373434
56166.9085911008	1.0001864882212759	0.00010701422401257622
56166.94945795284	1.0003037795838607	0.00010701389206470275
56166.969891528744	1.0002530145554112	0.00010700950526837964
56166.990325004175	0.9999444977118821	0.00010699514456639336
56167.01075837961	0.9999206449208343	0.00010698989869697636
56167.03119195458	1.000078880161195	0.00010699464428861143
56167.09249237833	0.9999255141724649	0.00010697898064061738
56167.112925852365	0.9998244805652414	0.00010697259033373177
56167.13335932617	0.9998301723556143	0.00010696978037653398
56167.15379279974	0.9988795319303838	0.00010692599750225343
56167.174226273084	0.9990205180786551	0.00010692996259944581
56167.194659746194	0.9986892426462485	0.00010691338203536914
56167.21509321907	0.9991440428914297	0.00010693250543248177
56167.23552669171	0.9987357860781116	0.00010691230067128666
56167.25596016412	0.9987314569548156	0.00010691194461424279
56167.27639363629	0.9987879492588322	0.00010691316486484953
56167.296827108235	0.9985416665532488	0.00010690288470125404
56167.31726057995	0.9985624440293754	0.00010690273298705171
56167.33769405143	0.9985476881877081	0.00010690294494030034
56167.358127522435	0.9986241176123769	0.00010690626290460292
56167.37856099345	0.998451703175479	0.00010690073005438288
56167.39899446422	0.9987400969239834	0.00010691266599448488
56167.41942803477	0.9986229116976701	0.00010690989193006884
56167.439861504856	0.998722414897192	0.0001069153598556918
56167.46029487494	0.9987167034094397	0.00010691844582378145
56167.48072844455	0.9989293846825431	0.00010692929792165006
56167.501161914166	0.9989083145224149	0.0001069304206103136
56167.52159528354	0.9988750282519064	0.00010693234439283798
56167.54202885246	0.9990424179776932	0.00010694250492711228
56167.56246232138	0.9990139151713646	0.00010694394583010895
56167.58289568983	0.9991969549520286	0.00010695554267196198
56167.62376272627	1.000105264901776	0.0001069985822284598
56167.644196294015	0.9999862905696444	0.00010699844583650493
56167.66462966177	0.9999853880035288	0.000107000073132715
56167.68506312906	0.9996331893366138	0.00010698823347574534
56167.70549669611	0.9999322217730228	0.00010700395916662013
56167.72593006293	0.9998625406353255	0.00010700214782813983
56167.74636352975	0.9998799861697955	0.00010700644771315049
56167.766797096105	1.0001709551391755	0.00010702071908896622
56167.78723046223	1.00015882458198	0.00010702117287064577
56167.80766392812	1.0000952286759774	0.00010702151639834716
56167.82809749377	0.9997863991867659	0.0001070103057338555
56167.8485308592	1.0000307793210894	0.00010702212743727747
56167.889397789346	1.000036864764337	0.00010702486327522097
56167.909831254074	1.0000898087139587	0.00010702686881208791
56167.950698282824	1.0001284455757677	0.00010703038405739897
56167.97113164685	0.9999513699913931	0.00010702309644608729
56168.01199867421	0.9999182561189383	0.00010703073672789249
56168.03243203754	0.9999542446315429	0.00010702456897930522
56168.0528656004	1.0000890175222792	0.00010702870955149833
56168.07329906326	1.0001272743980045	0.00010703153968628488
56168.09373242589	1.0001689395051936	0.00010703400488711471
56168.11416598806	1.0000225010851453	0.00010702711282332206
56168.13459945022	0.9999583021310708	0.00010702561331028751
56168.15503281215	1.0001057490999716	0.00010703155325673476
56168.17546637362	0.9999565221979881	0.00010702500078381744
56168.19589983508	0.9997641130450202	0.00010701846523518821
56168.216333396085	0.9998980047833403	0.00010702392342963313
56168.23676675709	0.9997022584099781	0.00010701794175585065
56168.25720021762	0.9998149249487848	0.00010702317852888309
56168.277633778154	1.0001081273745913	0.00010703714747932691
56168.298067138225	1.0000413872393592	0.00010703544903960697
56168.31850059829	1.0002337453343122	0.0001070452299987487
56168.338934157895	1.0000926733339344	0.00010703906554581985
56168.35936751727	1.0000562664370438	0.00010704001382746866
56168.37980097663	1.0003529152300863	0.00010705471535414087
56168.40023453554	0.9999260638814377	0.00010703580820951019
56168.420667994214	1.0000260194341548	0.00010704172126672722
56168.44110135265	0.9999073105751337	0.00010703821530628391
56168.46153491109	0.9999222209855093	0.00010703909567944489
56168.48196836906	1.000235490004297	0.0001070533904530319
56168.5024018268	1.0000928271657454	0.0001070496116923645
56168.52283528431	1.0001535430207529	0.00010705172248507112
56168.54326874158	0.999965420967098	0.00010704460544615895
56168.563702198626	0.9999901306588083	0.00010704629509944193
56168.58413565544	1.0000070432805903	0.00010704652080972807
56168.60456911201	0.9998561193262326	0.00010703901964402416
56168.625002568355	1.0000834951409359	0.00010704763683574853
56168.66586938035	0.9998989791654027	0.00010704017400257451
56168.68630293599	0.99966594280887	0.00010702897718040107
56168.7067363914	0.9999299939865856	0.0001070396478363477
56168.727169746344	1.0001174725628281	0.00010704614490325682
56168.74760330129	0.9999562607910487	0.00010703819978098321
56168.76803675601	0.9999330681133273	0.00010703579395774357
56168.78847031049	0.9999810184852118	0.00010703714687923177
56168.8089036645	1.000056347959271	0.00010703836195509238
56168.82933711852	0.9996351882497048	0.00010701943251962782
56168.8497706723	1.0000151005229239	0.00010703358798124254
56168.87020402562	1.0000488460048735	0.00010703508182655429
56168.89063747894	1.0001048999964164	0.00010703553613855846
56168.91107103202	0.9999518882219275	0.0001070276395040116
56168.95193783726	0.9999956804896064	0.00010702736793545206
56168.972371389405	1.0000006620841266	0.00010702541959708471
56168.99280484156	1.0000354711137318	0.00010702605379912351
56169.01323819325	0.9998345018440777	0.00010702475439964097
56169.0336717447	0.9999881141472657	0.00010701983663767936
56169.054105196155	1.0001250510841944	0.00010703304392664419
56169.07453874714	1.0001512180722147	0.00010704230973256479
56169.0949720979	0.9999913834139899	0.00010701535638812563
56169.115405548655	0.9999911075170204	0.00010701552543940885
56169.176705898826	0.9999944959703967	0.00010701645734351414
56169.197139448646	0.9998933007330594	0.00010701278566338689
56169.21757279801	0.9998983534871945	0.0001070158002036534
56169.25843979603	1.0002826406231307	0.0001070363885202883
56169.278873144685	0.9999522158562487	0.000107022912161464
56169.299306593115	0.999954422184885	0.0001070188816244879