55684.40775754425	1.000055714148685	0.00010804017044012206
55684.428191871724	0.9998746267118789	0.00010803048345209488
55684.448626099205	1.0000075602844527	0.00010803321952489688
55684.46906052674	1.0000627319116437	0.00010803603792544835
55684.48949485422	0.9999857118272127	0.00010803147978828035
55684.50992928176	1.0000321200830193	0.00010803328007746013
55684.5303635093	1.000029485433922	0.00010803523047412183
55684.55079783683	0.999944733354527	0.0001080322187621393
55684.571232264374	0.9999886605784	0.0001080359117072592
55684.591666491906	0.9999279861669488	0.00010803567062808112
55684.612100819504	1.0000103434279117	0.00010804158004000533
55684.632535147044	1.000226054485808	0.0001080525560452238
55684.65296947464	0.9999487838101875	0.0001080438596579381
55684.673403902176	0.9997695787623947	0.00010803995826951242
55684.714272457364	1.0000605228898416	0.00010805632132384589
55684.75514111256	1.0001727913860592	0.00010806668057678218
55684.77557544016	0.9998428211150885	0.00010805512480262995
55684.79600986781	0.9995151286229538	0.00010804199203903397
55684.81644419541	0.9999559121016734	0.00010805992403165294
55684.836878423055	0.9999122863126731	0.00010806012036761666
55684.85731285071	1.0001541159926877	0.00010807044467280331
55684.87774717831	1.000033476081861	0.0001080652225456747
55684.89818150596	0.9999053794565066	0.00010805953656602061
55684.918615833616	1.0001401162153007	0.00010806954730473322
55684.93905016127	0.9998779999106874	0.00010805630517138608
55684.95948458898	1.0001206747185754	0.00010806719359286579
55684.979918816636	0.9999758225616376	0.00010806035039541492
55685.00035314429	0.9998838251996789	0.00010805489514507377
55685.020787572	1.000068186008744	0.00010806133679833158
55685.06165622737	1.0000126667653109	0.00010805874952589851
55685.08209055502	1.0000163498925714	0.00010805801889363029
55685.102524782735	1.0000937044777167	0.00010806118940538643
55685.12295921045	0.999894639581392	0.0001080542314794526
55685.14339353816	1.000039913900931	0.00010805672371509612
55685.18426219359	1.0003293841535503	0.0001080695729294471
55685.204696521294	1.0000014270786437	0.00010805548775213807
55685.22513074901	0.9997672248369679	0.00010804597926280725
55685.24556517678	0.9999472400339124	0.00010805184840726417
55685.265999404546	1.0000946525187606	0.00010806002291186515
55685.28643383226	0.9999851565908757	0.00010805539763768377
55685.306868159976	1.000058112028381	0.00010805857089682905
55685.32730238774	0.9998251972014723	0.00010804886166792263
55685.347736815515	0.9998833657202616	0.00010805104094767797
55685.36817114329	1.0000559889596867	0.00010805886895049458
55685.38860547105	1.0002394874024554	0.00010806792666834715
55685.40903979877	1.0001990218960168	0.00010806558676944408
55685.42947412654	0.9998957003918214	0.00010805233660229195
55685.449908454306	0.9998374082357939	0.00010805102540230072
55685.47034278214	1.0000713471035414	0.0001080600459762193
55685.49077710991	1.0000213767155064	0.00010805777624452398
55685.511211537676	1.000119132959497	0.00010806363444698388
55685.53164586545	1.0000655032818935	0.00010806102158729946
55685.55208009322	1.0000382756256128	0.00010805952358110687
55685.572514521045	0.9997944840762829	0.00010804936124556811
55685.59294884882	0.9999799797047152	0.00010805827494644044
55685.61338307665	1.000254093714529	0.0001080688482317276
55685.633817504415	0.9998956313241761	0.00010805739919572191
55685.654251832246	1.0000741342911472	0.00010806171406695804
55685.69512048784	1.0000588089261946	0.00010806165285252625
55685.71555481567	0.9997767615783181	0.0001080519394258814
55685.7359892435	0.9998861443915964	0.00010805636891228234
55685.75642347127	0.9998848199759	0.00010805631932751849
55685.7768577991	0.9999899597479008	0.00010806137903421425
55685.797292226925	0.999911854090547	0.00010805911961928048
55685.817726454756	1.0000101373728336	0.00010806101743058369
55685.83816078259	1.0000691364515435	0.00010806547284474895
55685.85859521041	1.0001038872570018	0.00010806643788506107
55685.87902943824	1.0000722035770326	0.00010806587870424152
55685.89946386607	1.0000336701445074	0.00010806619152117631
55685.919898093896	1.0000535851828793	0.00010806595746837542
55685.94033242173	1.0001199918216959	0.00010806966019599619
55685.96076684956	1.0000474555342924	0.00010806613574244065
55685.98120107739	0.9997554150937915	0.00010805731775527908
55686.00163540521	0.999949989309382	0.00010806522215176323
55686.0220698331	0.9999401794118037	0.00010806533793108022
55686.04250416093	0.9999405272267229	0.00010806668876183923
55686.06293848876	1.0000912204524592	0.00010807294333900369
55686.08337281665	1.0000453928733413	0.00010807169922913376
55686.10380714447	0.9999813108506982	0.00010806992512375147
55686.1242414723	0.9999456169894138	0.00010807015078394952
55686.14467580013	1.0000622196138202	0.00010807573559244779
55686.165110128015	0.9998777406876479	0.00010806866972500516
55686.18554455585	1.0000326247351434	0.00010807531195290632
55686.20597878368	0.9999711153145825	0.00010807380820124442
55686.22641311156	0.9999652359420056	0.00010807344716584741
55686.24684753939	0.9999883963634363	0.00010807498627175689
55686.26728176722	1.0001206338562345	0.00010807927865181074
55686.287716195104	0.999978050540394	0.00010807515959974394
55686.308150522935	0.9999627072451572	0.00010807350199513214
55686.32858475082	0.9999644756902618	0.00010807527776744474
55686.36945350648	1.0001358494806758	0.00010808080638696586
55686.38988773437	1.0001379846901561	0.00010807976750042303
55686.41032216219	1.0004504767534967	0.00010809032911248353
55686.45119081791	1.0000862555745567	0.00010807595694007969
55686.471625145736	1.0000762637859117	0.00010807348800236403
55686.49205947357	1.0001562713090748	0.00010807599226781296
55686.51249380145	1.0000271092721524	0.0001080693672471094
55686.53292812928	0.9999595009332884	0.00010806613364629929
55686.55336245711	1.0000374520128823	0.00010806824692091402
55686.57379678494	0.9998437907968913	0.00010805878824710091
55686.594231112824	1.0000784060697718	0.00010806654145976916
55686.614665440655	0.9998122907189588	0.0001080549111205662
55686.63509976848	0.9998860434157479	0.0001080554402457695
55686.65553409631	1.000070540232521	0.00010806068341907579
55686.67596852414	0.9998633217065779	0.0001080523764579559
55686.69640285202	0.999985396726106	0.0001080557132876329
55686.71683707985	0.9998509494660552	0.00010804853423507605
55686.737271507685	0.9997728642622912	0.00010804445639129795
55686.75770583551	1.000004016770163	0.00010804969270251654
55686.77814006334	0.9999072509344851	0.00010804629568782636
55686.79857449117	1.0000661715549028	0.00010804881035684805
55686.819008818995	0.9999588992206508	0.00010804522921330633
55686.83944324683	1.0000122345972886	0.00010804522546301276
55686.88031180248	1.0001291061323543	0.00010804703239948722
55686.921180458085	1.0002748244804514	0.00010805296520752258
55686.94161478591	0.9999453322688012	0.0001080368754925946
55686.96204921374	0.9998097814802853	0.00010803064191670311
55686.98248344151	1.0001912082326105	0.00010804725215853971
55687.002917769336	1.0000144895686038	0.00010803759358496625
55687.02335219717	1.0001814780491538	0.00010804331828907695
55687.04378642494	1.0003909907535093	0.00010805179647831147
55687.064220852764	0.9997064711764339	0.0001080249605219144
55687.08465518054	0.9995858662198126	0.00010801927461537413
55687.10508940831	0.9993051344255336	0.00010800744734392662
55687.125523836134	0.9992022072941137	0.00010800335875695862
55687.145958063906	0.9994904788572504	0.00010801440037767577
55687.16639249168	0.9992414791048009	0.00010800371548292646
55687.186826819445	0.9993514079642561	0.00010800896774739138
55687.20726114722	0.9993512954918408	0.0001080086852393315
55687.22769537499	0.9990842446287417	0.00010799824308800793
55687.248129802756	0.9990462865694275	0.00010799721530879543
55687.26856413053	0.9990603508838891	0.0001079972207503819
55687.30943278607	0.9990012084658991	0.00010799457629529181
55687.32986711384	0.9990100445066431	0.00010799608640488002
55687.350301441555	0.9991981867069497	0.00010800443295075208
55687.37073576932	0.9989429398641968	0.00010799491264901608
55687.391170097035	0.9991460880068995	0.00010800110841521888
55687.41160452481	0.9990484434559525	0.00010799782121168691
55687.432038752515	0.9990572413760567	0.00010799691728184331
55687.45247318023	0.9991725225941303	0.00010800104837700661
55687.472907507996	0.9991036946274864	0.00010799923092804912
55687.49334173571	0.999108282460661	0.00010799894449708057
55687.513776163425	0.9990740093366454	0.00010799568638155406
55687.53421049114	0.9999460701166683	0.0001080317632422766
55687.55464471879	1.0002028930157616	0.00010803995884212148
55687.5750791465	1.0000059636511691	0.00010803076469000912
55687.59551347421	1.000038892215443	0.00010803199921213816
55687.615947701925	0.9998494136530712	0.00010802395586024251
55687.63638212958	1.0001114203713257	0.00010803359454144578
55687.65681645724	0.9997181237601726	0.00010801508963940128
55687.677250884946	0.9999945491620833	0.00010802497546627071
55687.6976851126	0.9997632535570822	0.00010801512703447604
55687.71811944025	1.0000085110851424	0.0001080228400683806
55687.73855376791	0.999861676536465	0.00010801604910859025
55687.758988095564	1.0001223024934074	0.0001080246121006953
55687.77942242322	0.999939569447551	0.00010801665493706774
55687.79985675087	0.999940378453751	0.0001080123829948322
55687.820291078526	1.0001962387070902	0.00010804676906240998
55687.84072550612	0.9999335299982899	0.00010801013547140295
55687.86115973377	1.0000706110233812	0.0001080143626297171
55687.88159406137	0.9999796573827575	0.00010800965081525306
55687.90202848896	1.0002512029323254	0.00010801821010351707
55687.92246281656	0.9999766954377522	0.00010800612419877385
55687.94289704416	1.0002167186689814	0.00010801458056104057
55687.96333147175	1.0000545511195387	0.00010800656196778955
55687.98376579935	1.0001282370757545	0.00010802174091853581
55688.004200026946	0.999984843940637	0.00010800436712346389
55688.04506878208	1.0000828840395186	0.0001080053215320024
55688.10637176469	1.0001005270071641	0.00010800402627874626
55688.12680619229	1.0001317752397205	0.00010800468198131635
55688.14724041976	0.9998725318682684	0.00010799456586440379
55688.1676747473	1.000010231946413	0.00010802340722696397
55688.188109174844	0.9999270681676542	0.0001079969236472604
55688.20854340232	0.9998220719248974	0.00010799282839883753
55688.22897782986	0.999998427620073	0.00010800090714089344
55688.24941215734	1.000114255458005	0.0001080063531097686
55688.269846384814	0.9998981948685748	0.00010799943569132329
55688.290280812296	0.9998619277644843	0.00010799768480834556
55688.31071513978	0.9997348453942518	0.00010799372552187982
55688.33114936719	0.9999513932711858	0.00010800350877978294
55688.351583794676	0.9999119841958798	0.00010800129471951858
55688.3720181221	0.9999880269378347	0.0001080066799738397
55688.392452449516	1.000040601992704	0.00010800980395762926
55688.43332110442	0.9998978542842918	0.00010800637069242617
55688.45375543184	0.9998058077266377	0.00010800345497578757
55688.4741897592	1.0001490352571991	0.00010801772506310781
55688.49462408663	1.0001984056986801	0.00010803162166415247
55688.515058413985	0.999996741175634	0.0001080134410988554
55688.53549274135	1.0000161200817241	0.00010801473887004303
55688.555927068715	1.000300512469417	0.00010802794407420198
55688.576361496074	1.0002566593757531	0.00010803733345611691
55688.617230150805	1.000000301029668	0.00010801559161596987
55688.637664478105	1.0000296402721345	0.00010801612955331685
55688.65809870547	0.9998804639035699	0.00010801149520606944
55688.67853313277	0.9998713004311727	0.00010801136898158826
55688.69896746008	1.0000443360224966	0.00010801722832605784
55688.719401687325	1.000109018033969	0.00010803055384430657
55688.73983611463	1.0000049078208124	0.00010802599786871719
55688.76027044193	0.9997774595879684	0.00010800406543006079
55688.78070466918	0.9999587630497148	0.00010801074619939648
55688.801139096424	1.000017038500648	0.000108036469102148
55688.82157342367	0.9998939730426701	0.00010803163434929484
55688.84200785092	1.0000322609481027	0.00010803589890782679
55688.86244207816	1.0000594132015135	0.00010803240248481507
55688.92374505973	0.9999280716177056	0.0001080111170541825
55688.94417938692	1.0000493907572108	0.00010802727880728738
55688.98504804129	1.0000990555136589	0.00010802643062468975
55689.02591679556	1.0000150163527735	0.00010801915370260447
55689.046351022684	1.0000773712764681	0.00010801910354786998
55689.06678544982	1.0000828589875643	0.00010801862872011383
55689.08721977695	0.9999154167310319	0.00010801103357798727
55689.107654104075	0.9999598878139583	0.0001080118715751639
55689.12808843115	0.9999928919982239	0.00010801273190651873
55689.14852275822	1.0000426862014058	0.00010801424261654484
55689.16895698529	1.0001375651697613	0.00010801537936111879
55689.18939141231	0.9997803010549522	0.00010800011842891762
55689.20982573938	1.0000400247047858	0.0001080106823145416
55689.23026016639	1.0000563122820738	0.00010800962993657873
55689.250694393406	0.9998798068811252	0.00010800174747609174
55689.27112872042	1.000130000462937	0.00010801246439404229
55689.29156314743	0.9999847251143731	0.00010800716834233093
55689.31199737439	0.9997559488838531	0.00010799807682491915
55689.332431701405	0.9999844101739735	0.00010800751404144068
55689.352866128356	0.9999080779384895	0.00010800389149539957
55689.37330035531	0.9996310083008619	0.00010799416769487217
55689.414169109165	1.0000238007613733	0.00010800920447351455
55689.43460333606	1.0002342642251556	0.0001080175059938749
55689.455037762964	1.0000591916835995	0.00010801143050080667
55689.475472089856	0.9999949590979755	0.00010801015028622345
55689.495906316755	1.0000166336814302	0.0001080112582614997
55689.51634074359	1.000150616354771	0.00010801842245852558
55689.53677507043	0.9999795050133297	0.00010801076485894859
55689.55720939727	0.9999004571210977	0.00010800805456872066
55689.577643724115	0.9999267424877871	0.00010801047409605196
55689.59807805089	1.0001967675979684	0.00010802341025395603
55689.61851247773	0.9998689519424632	0.00010801020882994665
55689.63894670451	0.9999552484689267	0.00010801300664915021
55689.65938103123	1.0001014145891198	0.00010801856768052112
55689.67981545802	0.9998894347021686	0.00010801339854738795
55689.70024968474	0.9998338591127995	0.0001080111534816043
55689.72068401152	1.0001449997226135	0.00010802450318585348
55689.74111833824	0.999985959857597	0.00010801780944821326
55689.78198699163	1.0000613403164693	0.00010802318018638421
55689.802421418295	0.9999708729122595	0.00010802059676903868
55689.82285564496	0.9999864823394166	0.00010802220863865459
55689.84329007162	1.000257221387322	0.00010803462365842898
55689.86372439823	0.9999220863335614	0.00010802284993870778
55689.90459305144	0.9998615057173038	0.00010802345046416108
55689.92502737805	1.0000176540424035	0.0001080302997846844
55689.94546160466	0.9998526411241707	0.00010802430138581693
55689.9658960312	1.0000176719162517	0.00010803114192553446
55689.98633035775	0.9999051512742371	0.00010802828946900904
55690.006764784295	1.0001148718187365	0.00010803597298828923
55690.02719901079	1.0001168669963503	0.00010803620152842908
55690.04763333728	1.000037749261156	0.00010803138976797507
55690.06806776382	1.0000662205729323	0.00010802947192400139
55690.088501990256	0.9999800745247691	0.00010802377918281089
55690.10893631675	0.9999633031516312	0.0001080200508376954
55690.129370743176	1.000065880918153	0.00010802096128502787
55690.14980496961	0.9999378370338717	0.00010801271343036747
55690.17023929604	0.9999083601364351	0.00010800802704673241
55690.21110794879	1.0000621962327005	0.00010801404226727819