55084.29515409318	0.9998606631352677	0.00010643980261365588
55084.31558711053	1.0001122276709897	0.00010646126228286351
55084.35645344475	1.0001286403179948	0.00010646848760355298
55084.37688646162	0.9999713228638561	0.00010646215917449369
55084.397319678035	0.9999565114972555	0.00010646074725558276
55084.43818581062	1.0000246429338873	0.00010645489976714567
55084.4586189268	0.9999718646726137	0.00010644780067860957
55084.47905214252	0.9999912714382788	0.00010644418738262569
55084.51991827347	1.0001230805804568	0.00010644268396765803
55084.56078460373	0.9999559448448219	0.00010643102820258751
55084.58121761851	1.0000727455638254	0.0001063872397577519
55084.6016507333	0.9997623939369431	0.00010637169471616733
55084.62208394761	0.999912741421147	0.0001064223302864303
55084.66295007601	0.9999875936557587	0.00010642683421452583
55084.683383289856	0.9998013402174303	0.00010641919212583256
55084.703816303474	0.9999520701414526	0.00010642633146197152
55084.72424941686	1.0000109840194558	0.00010643091706324766
55084.74468253024	1.0001951028740776	0.00010644123916238629
55084.76511564316	0.9999732877616893	0.00010643275635096627
55084.78554875608	1.000122254736332	0.00010644246112451982
55084.80598186876	1.0000840890935647	0.00010644226629286678
55084.82641508122	1.000021781007202	0.00010644273965074406
55084.84684809344	1.0000929394008915	0.00010644756566667528
55084.88771421741	1.0001962074982764	0.00010645818917061582
55084.92858054068	1.0001139862206776	0.00010645721671258883
55084.94901355197	1.0000168931116926	0.00010645537443033465
55084.96944676303	0.9999765375087308	0.00010645515485698826
55084.98987987385	0.9998849370322	0.00010645349011542141
55085.010312884675	1.0000724163035923	0.00010646256546973574
55085.030745995035	0.9998975670227309	0.00010645795342602392
55085.05117910539	0.9999565798187637	0.00010646056796714301
55085.071612315514	1.0000583083567207	0.00010646399843075048
55085.09204532541	0.9999438325541105	0.00010646028588043888
55085.112478535295	0.9999786599197246	0.00010646262089026337
55085.13291154472	0.9999032926290765	0.0001064590079296218
55085.15334465415	0.9997303751504792	0.00010642124495257488
55085.17377766334	0.9998263751045277	0.0001064555586308101
55085.19421087207	0.9998759389088161	0.00010645899083798149
55085.21464398103	0.9999154300360842	0.00010645869922021296
55085.23507708952	0.9999626146507992	0.00010645790009614408
55085.255510197785	1.0000629613648695	0.00010646271026078545
55085.27594330605	0.9999740011055137	0.00010645806934584256
55085.29637641407	0.9999485609918465	0.00010645530120092214
55085.31680942187	1.0002716576580797	0.00010647079729841108
55085.33724262944	1.0000632339836997	0.00010645747125240598
55085.35767573676	1.0000721607621577	0.00010645716318341445
55085.37810874386	1.0001338242818105	0.0001064586784609644
55085.39854195096	1.0000227964317563	0.00010645398380357558
55085.41897505782	1.0000488757549908	0.00010645183793605563
55085.45984117086	0.9999741496593766	0.00010644576573768404
55085.48027437702	0.9999966423816258	0.00010644476206518628
55085.50070738319	1.0000984410382618	0.00010644829952733897
55085.52114048889	0.9999297611662903	0.00010643962578499261
55085.54157369459	1.000160628919492	0.0001064467699998899
55085.56200680006	1.0000524222575449	0.00010644099516241678
55085.582439805294	1.0000086288672143	0.00010643771700298427
55085.60287291029	1.0001174600322005	0.00010644090195883246
55085.623306115296	1.0001015529655344	0.0001064391792418273
55085.643739119834	0.9997751278090604	0.00010642308006611955
55085.664172224366	0.9998924052994643	0.00010642800043097842
55085.68460542867	1.0000495201080513	0.00010643273056939293
55085.705038432745	0.9999749203522649	0.00010642975486165092
55085.72547153658	0.9999262630510642	0.00010642643790668994
55085.74590464042	1.0000782562995145	0.00010643036883256666
55085.76633774379	1.0000016535192595	0.00010642778381638543
55085.78677084716	0.9999249414283211	0.00010642414060325107
55085.8072039503	0.99986969949135	0.00010642039416678604
55085.82763705321	1.0000173041338412	0.00010642660695784482
55085.84807015588	1.000022574079529	0.00010642538959157483
55085.868503258556	1.0000716513007317	0.00010642704372739303
55085.888936261	1.000011547352685	0.00010643823620522221
55085.90936946297	0.999869317286414	0.00010641769944525906
55085.92980256495	1.0000021085801039	0.00010642406401473627
55085.95023556669	0.9999726394002821	0.00010642318099283443
55085.97066876843	0.9999852217362496	0.00010642451256794625
55085.99110186971	0.9999220492958962	0.00010642172573724634
55086.01153487099	1.000016813860792	0.00010642540419361174
55086.05240117284	0.9999042472038498	0.00010642894307232054
55086.07283427342	1.0000367352422912	0.00010642874228884442
55086.09326727377	0.9999551417895978	0.00010642414948799023
55086.11370047411	1.0001021238536723	0.00010643205373606359
55086.13413357399	0.9999750911837821	0.00010642820465606886
55086.15456657387	0.9998833547088886	0.0001064240569422553
55086.174999673516	0.9998970805838692	0.00010642667888755872
55086.19543287293	0.9999299446204521	0.00010642975606422362
55086.23629897129	1.0002008624479721	0.00010644189137781803
55086.256732170245	1.0001828927089227	0.0001064433173289952
55086.277165168955	1.0001448510651552	0.00010644291343987712
55086.29759826744	0.9998654211179581	0.00010640374462996595
55086.33846456394	0.9999849136430963	0.00010644141060759424
55086.358897561724	0.9999296399546423	0.00010642601784703817
55086.37933065951	0.9999625306484204	0.00010644415598802916
55086.42019685438	1.0003798039531833	0.0001064641503288006
55086.44062995147	1.000144366016583	0.00010645768927044375
55086.48149614517	1.000131701776601	0.00010645953183821841
55086.50192924179	1.0001018857875699	0.00010645938569460882
55086.52236223818	0.999957540747192	0.0001064568353843567
55086.54279543433	1.000138298093238	0.00010646471675337275
55086.56322853049	1.000061363568465	0.00010643392444940556
55086.58366152618	1.0000418227318821	0.00010643536244356696
55086.62452781732	0.9998929238078833	0.00010643240392940892
55086.64496081255	0.9998733328012048	0.00010643325542913718
55086.68582710253	1.0002164616242115	0.00010644916631200393
55086.70626009705	0.9998539596987652	0.00010643669317496359
55086.72669319157	0.9997705952808148	0.00010643471076354382
55086.74712618587	0.9997418308727047	0.00010643402777369539
55086.76755937993	0.999950888958753	0.00010647419159656741
55086.78799247375	0.9997703697317675	0.00010646815504553775
55086.80842556758	1.0001172904671287	0.00010645469998121456
55086.828858661174	0.9998757153604761	0.0001064365826017208
55086.84929175453	1.0001291019818381	0.00010643923619812016
55086.86972484766	0.9997349647698383	0.00010644072868628505
55086.89015784056	1.0001850773855692	0.0001064595336911566
55086.910591033215	0.9999905424112873	0.00010645205075108009
55086.93102412588	1.0001564951806865	0.00010645912660863272
55086.95145711831	1.0000406292458388	0.00010645683420007235
55086.97189031027	0.9997883357816251	0.00010644575950266825
55086.99232340247	0.9994519484104671	0.00010643085657082663
55087.0127563942	0.9993956519914389	0.00010642887013894221
55087.03318948569	0.9993569510510794	0.00010642757516909856
55087.053622677195	0.9995069436296778	0.000106434577728868
55087.07405576846	0.9995099835587538	0.00010643387548742132
55087.09448875949	0.9995075877206572	0.00010643349776297307
55087.11492195029	0.9995846273447291	0.00010643653028023905
55087.135355041086	0.9993006532187892	0.0001064240414614213
55087.15578803142	0.999431496552117	0.00010643080589882185
55087.17622112176	0.9994098590012049	0.00010642684134879199
55087.19665431186	0.9995160566744811	0.00010643156658552132
55087.217087301724	0.9994945870489292	0.00010642920912659906
55087.237520391594	0.9993882632748747	0.00010642580789549085
55087.25795358099	0.9993822326259798	0.00010642553219657592
55087.2783865704	0.9994655855047205	0.0001064278884229993
55087.29881965957	0.99940770361058	0.00010642509628126596
55087.31925274851	0.9996014383788699	0.00010643316788954178
55087.33968583721	0.9994082848414738	0.00010642286365534665
55087.36011892568	0.9991819065429197	0.00010641367097452842
55087.380552014154	0.9993893936773233	0.00010642178088992486
55087.85051289497	0.9998973562846728	0.00010640825377369696
55087.870945978786	0.9997858776046985	0.00010640449513676382
55087.89137906236	0.9999727032545811	0.00010642983444346128
55087.91181224595	1.0001213417693164	0.00010643821206059361
55087.9322452293	1.000048037567899	0.00010641898633697557
55087.95267831241	1.0001691269200097	0.00010643033895300411
55087.973111395295	0.9999775480881978	0.00010643406777761869
55087.99354447795	1.0001370006236607	0.00010644159636350423
55088.01397746059	1.0002048176113294	0.00010644639133251403
55088.05484372497	1.0000251711208	0.00010644010996647078
55088.075276806914	0.9997801451087256	0.0001064233456220083
55088.09570978887	0.9999500285179829	0.00010642228749582853
55088.11614297036	0.9998898472535908	0.00010642135240416022
55088.13657605184	0.9998108254580563	0.00010643643010406923
55088.15700903309	1.0000431016379192	0.00010644707503391794
55088.17744221412	0.9999500390994577	0.00010644336722821704
55088.1978752949	1.0001657073146124	0.00010643709555153137
55088.21830827569	0.9999589693669609	0.00010642874494666245
55088.25917453633	0.9999513575270995	0.00010642863475241898
55088.300040596514	1.0002912695329786	0.00010644537962313978
55088.32047377613	0.9998116331083198	0.00010644080014636884
55088.34090675576	0.9999621424024973	0.0001064305063484839
55088.36133983515	1.000025596762882	0.00010643264107689066
55088.381772914305	0.9999906592749623	0.00010643148729810325
55089.342127325646	1.0000143720787626	0.00010641687265507263
55089.36256029596	1.000247995736425	0.00010642649430259568
55089.38299336603	1.0001039272432664	0.00010642696521573405
55089.40342653611	1.0000629559540681	0.00010642357279723698
55089.423859505725	0.9999489930267097	0.0001064200488834774
55089.44429257533	0.9998725333151742	0.00010641954905943325
55089.464725744714	1.000276449727067	0.00010643821602506954
55089.485158813855	0.9999610911937006	0.00010642663297787157
55089.50559178277	1.0000704220847492	0.00010643195519524038
55089.526024851686	0.9997835275505164	0.00010642173386687133
55089.546457920136	0.9999893727470911	0.0001064314282010958
55089.56689098858	1.0001529281484811	0.000106440050007954
55089.58732395703	0.9999201890484751	0.0001064297894342137
55089.60775712501	1.000003686437983	0.00010643277780172731
55089.62819019299	1.0000067953128409	0.0001064329099180241
55089.66905622803	0.9996901570248731	0.00010641613834783127
55089.68948939554	0.9999626714334978	0.00010642701963252997
55089.70992246259	0.9999515911947757	0.00010642562144911764
55089.730355429645	1.0000824721374224	0.00010642983652762642
55089.75078859646	0.9999609209470699	0.00010642469154315105
55089.771221663046	1.0002604632185865	0.00010643391848604201
55089.7916546294	1.000128657550484	0.0001064265481665364
55089.812087695514	0.9999930994387375	0.00010641897641962732
55089.83252086164	0.9998482141296745	0.00010641205753461399
55089.852953827525	0.999905792392	0.00010641380853963753
55089.873386893174	0.9999723306144639	0.00010641711597319598
55089.89382005883	0.999815565801862	0.00010640923800864139
55089.91425312402	0.9999998168620986	0.00010641778587600696
55089.934686089204	1.0000822117948596	0.00010642381670095249
55089.95511915416	1.000141430234837	0.00010642646075900014
55089.97555231889	0.9999561104874221	0.00010642131485594033
55089.995985283604	0.9998772865413091	0.00010642170691524755
55090.01641834786	0.9997991577389755	0.00010642089854435142
55090.03685151212	1.0002162220720567	0.00010644189406257134
55090.05728447614	1.00013262336616	0.00010643956712728557
55090.07771754017	1.0000133456554245	0.00010643812467027452
55090.09815050373	0.9998884566167453	0.00010643351065219042