55204.31845925587	1.0000271923389323	0.00010343556623791253
55204.338892594744	0.9999171362181128	0.00010343161105790048
55204.35932603398	1.0000957682702973	0.00010344085614293741
55204.40019261313	0.9999940588557733	0.00010344123241873328
55204.42062585306	0.999878007830663	0.00010343776000862472
55204.44105929334	1.0000416850462246	0.00010344926603616069
55204.46149263385	1.0000827612462329	0.00010345253433680366
55204.48192597459	1.0000383830596025	0.00010345078499194817
55204.50235931569	0.9999147725090644	0.00010344725163170049
55204.52279265689	0.9999107618889681	0.00010344851642485515
55204.54322599845	1.0002093967871473	0.00010346305406308709
55204.56365934036	1.000014935849208	0.0001034559841448231
55204.58409268238	1.0000004032601513	0.00010345613974643469
55204.62495946724	1.0000588019493826	0.00010345951458479508
55204.6453927102	1.000004428157325	0.00010345912687405137
55204.66582605327	0.9998116357895462	0.00010345097259275302
55204.70669274023	0.9999133621056134	0.00010345633644797867
55204.72712608423	0.9998958473803654	0.00010345509175195323
55204.74755932835	1.0000367617493315	0.00010346070409972984
55204.7679927727	1.0000701049863023	0.00010346218664804075
55204.788426117404	0.9998549071326751	0.0001034534193762367
55204.80885946234	1.0001016906953448	0.00010346228043386162
55204.82929280762	1.0000976042412408	0.00010346084942802637
55204.84972615302	1.0000787254533394	0.00010345961318096056
55204.87015949877	1.0000962760265477	0.0001034603150421208
55204.89059284475	0.9999637630031134	0.00010345455958463554
55204.91102619097	1.0000364913696989	0.00010345571800758829
55204.93145953753	1.0000081772724165	0.0001034543952889247
55204.951892784324	1.0000373796262882	0.00010345404455304812
55204.97232623136	1.000077469878315	0.00010345473945197676
55204.99275957862	0.999918482796923	0.00010344681557032269
55205.03362627396	1.0000328466712525	0.00010344923279726869
55205.05405962204	1.0000282868676154	0.00010344772859945018
55205.07449287046	0.9999264095893536	0.00010344214045259701
55205.094926319005	0.9999261222153583	0.00010344011866038521
55205.1153595679	1.0000704581449182	0.00010344610238715469
55205.13579291702	0.999898064081934	0.00010343717041021925
55205.15622636638	1.0000399646051585	0.00010344242153119721
55205.17665971609	1.000082421360828	0.00010344301813836306
55205.197092966024	0.9997692358221222	0.00010342977196044701
55205.2175263162	0.9998731205592635	0.00010343359006491732
55205.23795976661	1.0000151788697544	0.00010343813607150295
55205.25839301724	1.0001077683653599	0.00010344111932743689
55205.299259819454	1.000042926017362	0.00010343855212475364
55205.31969307102	0.9999808384610336	0.00010343432984128506
55205.34012642271	0.9999965971599961	0.00010343532368911784
55205.360559874745	0.9999363861107938	0.00010343280420320213
55205.38099312701	0.9999358619779884	0.00010343224918814436
55205.40142647951	0.9999839097929544	0.00010343556937173482
55205.421859832364	1.0000395372782456	0.00010343741815826594
55205.44229328533	1.0000991506636159	0.00010343928244916681
55205.46272653876	1.000005650768859	0.00010343909314023532
55205.48315989231	1.0000744595642768	0.00010344093620317577
55205.52402660022	1.000055024080225	0.000103443365473557
55205.54445995459	0.9999541368316165	0.00010343924815418941
55205.5648934093	0.9998946559061603	0.00010343911929343902
55205.58532666413	1.0000935188462514	0.00010344968980914331
55205.60576001931	1.0001933970935226	0.00010345407275331391
55205.626193474716	1.000181651709859	0.00010345512979756501
55205.64662673036	1.0002006321670178	0.00010345608373677669
55205.66706008636	0.9999545002464826	0.00010344669928529089
55205.68749344258	0.9998304934221627	0.0001034444408480792
55205.70792679904	1.0000083457861066	0.00010345173542721211
55205.728360155736	0.999969374855391	0.00010345252409512736
55205.74879351277	0.9996596920183803	0.00010343918209378533
55205.76922697005	0.9997611778992289	0.00010344565371395388
55205.78966022756	0.9999990514299331	0.00010345734942430267
55205.81009358529	0.9999582763736549	0.00010345699476644066
55205.830526943384	0.9999726559616343	0.00010345891503728712
55205.85096030171	0.9999128887678455	0.00010345793323368531
55205.87139366026	0.9997228894056007	0.00010345151128737992
55205.89182701905	1.0001402027852762	0.00010347170856201631
55205.91226037819	1.0000309039651767	0.00010346586463721716
55205.93269373755	0.99998920864238	0.00010346418348624909
55205.953126997156	1.0001280433390853	0.00010347291038814
55205.97356045711	1.0000557040122935	0.00010347053073001077
55206.01442707759	1.0000489475945624	0.00010347241728213993
55206.03486053836	0.9999776891072893	0.00010347069179850284
55206.05529389924	0.999888894117351	0.00010346681959790574
55206.075727160474	0.999980738917732	0.00010347406182059337
55206.09616062194	1.0000194206683397	0.0001034736411089393
55206.116593983636	1.000027826536327	0.00010347595535337372
55206.137027245684	0.9999025112660996	0.00010347213045817645
55206.15746070785	1.0000166865732871	0.00010347634376541321
55206.177894070475	0.9999617669533541	0.00010347439257671321
55206.19832733322	1.0000532726494922	0.00010347729768866145
55206.2187606962	0.9999431306381388	0.00010347424539370836
55206.23919415953	0.9999801875944836	0.00010347655170417878
55206.280060787	1.0003263613738698	0.00010349105759177783
55206.3209276154	1.0001782285548453	0.00010348470046385466
55206.34136088001	1.00018977122763	0.00010348730210864196
55206.361794344964	1.0000967807930559	0.0001034847379273947
55206.38222771004	1.000018019219551	0.00010348179355901725
55206.402660975466	1.000225784824614	0.00010349048094808783
55206.423094441234	0.9999636416037604	0.0001034815153098096
55206.443527807125	1.0000211196530637	0.00010348553022866431
55206.463961073365	0.9999069342814516	0.00010348105208294796
55206.48439443983	1.0000304858728073	0.00010348774387319086
55206.50482790654	1.0000039862670478	0.00010348584394745713
55206.52526117359	0.999883774908207	0.00010348310483506463
55206.54569454087	0.999836610088599	0.000103482383858115
55206.566128008395	0.999886397080454	0.00010348578558637514
55206.606994644244	0.9999626519307386	0.00010348984266698953
55206.62742811258	0.999980960349976	0.00010349121404236397
55206.64786148115	0.9998608386433149	0.00010348762442691106
55206.66829474994	1.0000201458656275	0.00010349498350437134
55206.70916148848	0.9998999383547306	0.00010349310168564285
55206.72959485809	1.0000636781533323	0.00010350074979766736
55206.75002832794	0.9999132568964579	0.00010349455201334065
55206.770461598135	1.0000206965877059	0.00010349841213525816
55206.79089496856	0.9997859059166708	0.00010349205103240201
55206.81132823922	1.0001650216936364	0.00010350812864190347
55206.83176171024	1.000146646996853	0.00010350531144798212
55206.852195081476	1.0000582487603493	0.00010350390986128321
55206.872628452955	1.0001605367146005	0.00010350716206783137
55206.91349519672	0.9998289110906871	0.00010349387941411716
55206.933928569015	1.000010289206595	0.0001035022530134843
55206.95436194154	1.000142280302756	0.00010350831577170793
55206.974795314294	1.0001579043797588	0.0001035104848702116
55206.9952286874	0.9997523652468686	0.00010349473449459725
55207.015662160746	0.9992147872415789	0.00010347098920021729
55207.03609543443	0.9993635759181209	0.00010347900376955349
55207.056528808236	0.9992200653581438	0.00010347220065261169
55207.076962282394	0.9991450384270829	0.00010346932272525488
55207.097395556775	0.9992024247401978	0.00010346989408408568
55207.1178289314	0.9992729293060065	0.00010347227927338049
55207.13826220637	0.9993327796115546	0.00010347448935554193
55207.158695681566	0.99930033477541	0.00010347357265785544
55207.179129057	0.9992515320352622	0.00010347241889542418
55207.19956243279	0.9990742882217446	0.00010346315455274505
55207.219995808686	0.9991024033505214	0.00010346398287539224
55207.24042918494	0.9990564718549303	0.00010346183191157411
55207.26086256154	0.9990034978726008	0.00010346002458083073
55207.28129593825	0.9989635854138107	0.00010345691761743323
55207.30172931532	0.999009273075856	0.00010345757778868771
55207.32216269262	0.9992429549105185	0.00010346680123557198
55207.34259617014	0.9990896953552081	0.0001034615067035521
55207.363029448024	0.9992575277005933	0.00010346610420470048
55207.38346282614	0.9989744050088909	0.00010345308864268452
55207.42432958318	0.9992346654040235	0.00010346168658931098
55207.44476296199	0.9995920966803379	0.00010347752338832576
55207.48562972066	0.9998816814357223	0.00010348708206763765
55207.506063100285	0.9999281818967894	0.00010348884815876685
55207.526496480255	0.9999458184015959	0.00010348949721043032
55207.546929860466	1.0001923448388728	0.00010350147372285696
55207.567363241025	0.9999227072990763	0.00010348767030766307
55207.628663384094	1.0001644181315166	0.00010349558716731008
55207.64909666558	0.9999094897577094	0.00010348552572739958
55207.66953014742	0.9998122979551483	0.00010348101574176672
55207.68996352949	1.000103565353799	0.00010349214764669488
55207.71039681179	0.9999764637710639	0.00010348789932654773
55207.730830294444	0.9998776101222335	0.00010348625311071323
55207.75126367733	0.9998624687660062	0.00010348424084467065
55207.771696960444	0.9998976276046614	0.0001034860854964236
55207.792130343914	1.0002539122452172	0.00010350062057175718
55207.81256382762	1.0000198765132222	0.00010349221316057391
55207.832997111545	1.000033124498129	0.00010349320836845114
55207.853430495714	1.0001128692280432	0.00010349734887811916
55207.89429736486	1.000172413706887	0.00010349924325697845
55207.91473064984	1.0002775867388987	0.00010350529505554944
55207.935164135175	0.9997301861402429	0.00010348340266740189
55207.95559752073	0.99983395340068	0.00010348984203595703
55207.97603080653	1.0001293091324173	0.00010350134081789814
55207.99646429256	1.0001073230490227	0.00010350103817616034
55208.016897678935	1.0000297176758202	0.00010349696631629802
55208.03733096555	1.0001695463663751	0.000103504065236595
55208.057764452395	0.9998621350690551	0.00010349256404502819
55208.078197839466	0.9999556844038616	0.00010349660826052708
55208.09863112689	1.0000186571140601	0.00010349974126813465
55208.119064514554	0.9999124791454678	0.00010349503050380231
55208.13949800244	0.9999115109742603	0.00010349616084125484
55208.159931290684	0.9999545083225496	0.00010349697906645149
55208.18036467916	0.9998176700508647	0.00010349237887044858
55208.20079816786	0.9999689832399011	0.00010349881149203647
55208.2212315568	0.9998585958087368	0.00010349382073669618
55208.24166484609	1.0001592333626912	0.00010350616787459504
55208.26209833561	0.9998918908031256	0.0001034937696338473
55208.28253172537	0.9999736072371493	0.00010349733911057284
55208.302965015355	0.9999089706207241	0.00010349502789095994
55208.32339850569	0.9998699055528462	0.00010349385217333912
55208.34383179626	0.999869712501866	0.00010349146259591327
55208.36426518718	1.0001149799534719	0.00010350080364675865
55208.384698678325	1.0001529799561368	0.00010350219448870407
55208.40513196971	0.999953195959044	0.00010349296315907813
55208.42556536133	1.0000243500204675	0.00010349472409364391
55208.44599875317	1.0002128938504147	0.00010350174483931835
55208.466432145375	1.000072194164422	0.00010349360440691187
55208.507298930585	1.000154126124967	0.00010349435435015794
55208.5277323236	0.999881426991604	0.00010348093012065085
55208.54816571685	1.0001144120531367	0.00010348880173005947
55208.568599110324	1.0002147935323544	0.00010349228505917654
55208.58903260404	1.0000061950176042	0.00010348244961501087
55208.6094658981	0.9999448731679006	0.00010347767716525266
55208.62989929239	1.0000813463643599	0.00010348163729971617
55208.670766081916	0.9999827743289202	0.00010347282779721146
55208.69119947702	0.9998521177004069	0.0001034683175142278
55208.711632972365	1.0000342134657236	0.00010347265915284742
55208.73206626806	0.9998457723316987	0.00010346448400230338
55208.75249966398	0.9997759439715512	0.00010346056658816799
55208.772933060136	0.9998744661784905	0.00010346302317435224
55208.79336645653	1.0000467833229632	0.00010346771237896817
55208.81379985326	0.9998924879577374	0.00010346182426176566
55208.834233250236	0.9999733375611328	0.00010346457569035255
55208.85466664744	0.9999784957625295	0.00010346287525434592
55208.87510004499	1.00002879223224	0.00010346335190573221
55208.89553344278	0.9999790176234497	0.00010346173040430167
55208.9159669408	0.9998276960517657	0.00010345399848234874
55208.93640023917	1.0001707488861211	0.00010346961709585348
55208.956833637654	1.0001684562839628	0.00010346896179063553
55208.97726713649	1.000002673929886	0.00010346130066041218
55208.99770043567	1.0001977167592386	0.00010347005866972043
55209.01813383509	1.0002236463832994	0.00010347088961474073
55209.038567334625	0.9999756117229224	0.00010346198143203032
55209.05900063462	0.9998921897957208	0.00010345906321832868
55209.0998675352	0.9998870927636523	0.00010345811871632964
55209.12030083589	0.9998940571697926	0.00010345919983875856
55209.14073423694	1.0003538485467107	0.00010348084130590299
55209.16116763811	0.9999015381277032	0.0001034618923729556
55209.18160103973	1.000132245186529	0.00010347267048527803
55209.20203444148	1.0000532198167529	0.00010347029686263919
55209.22246774346	0.9998928429945462	0.00010346380813231083
55209.24290124578	1.0000363227163445	0.00010346974174496739
55209.26333464846	1.00001829707571	0.00010346965260572606
55209.30420145439	0.999892540850174	0.00010346877866737997
55209.32463485777	0.9999816067658144	0.00010347222691990222
55209.345068161376	0.9997456916597404	0.0001034625317410059
55209.36550166533	0.9999756649533212	0.00010347330055000553
55209.38593506952	1.0000763334272769	0.00010347718530333696
55209.406368373944	1.0001816232245988	0.0001034815888614062
55209.42680187871	0.9999819574104652	0.00010347355690076787
55209.44723528372	1.0001565113733333	0.00010348095352989787
55209.46766868896	0.9999452023788034	0.0001034722920021735
55209.7333028816	1.000065220175734	0.00010347900615831038
55209.753736390565	0.9999561093650313	0.00010347512512157507
55209.77416979988	0.9999131788939523	0.00010347356111418579
55209.8150365192	0.9999668880426729	0.0001034766867594294
55209.83547002933	0.9998718487814505	0.00010347363157952649
55209.85590343968	0.9999532091465901	0.00010347620583039686
55209.876336750276	1.000009611090498	0.00010347958216590322
55209.896770261104	1.000053455800925	0.00010348087304201115
55209.917203672274	0.9999970469392917	0.00010347825000822257
55209.93763698368	1.0000830072847413	0.00010348484143004466
55209.958070495326	1.0002281565915427	0.00010348846004075959
55209.97850390731	0.9999195684824137	0.00010347747975914922
55209.998937219534	0.9999396984447638	0.00010348693310573326
55210.03980414479	1.000009499699961	0.00010349984791262306
55210.06023745783	0.9998877726830087	0.00010348775630328758
55210.0806709711	0.9999467648912499	0.00010348423218089838
55210.121537698455	1.0000582685882018	0.00010351907753579768