56044.44732375191	1.0003899269735232	0.00010878473055263131
56044.46775805997	1.0001921090192782	0.0001087751858443806
56044.48819236807	1.00037600747253	0.00010878293848802226
56044.508626676245	1.0002540720864144	0.00010877656392127083
56044.52906098446	0.9999821382057272	0.00010876593191973155
56044.54949529274	1.000127655566432	0.00010877086014818673
56044.56992970109	1.0001800539338002	0.00010877337043408271
56044.59036400948	1.0001100753017726	0.0001087702763816931
56044.61079821792	1.0002945222524853	0.00010877673552509495
56044.63123262642	1.0002982175134492	0.00010877832499904185
56044.651666934995	1.0002199005810712	0.0001087747031336013
56044.67210114363	0.9999816920418725	0.0001087638482158959
56044.69253555228	1.00022699086018	0.00010877485770919494
56044.71296986102	1.0003561067557027	0.00010877919792626187
56044.73340426981	1.0002362040490633	0.0001087742790959672
56044.75383847867	1.0000503789668755	0.00010876686268253859
56044.774272787545	1.0003342464747056	0.00010877825083886068
56044.79470709652	1.000210120798771	0.0001087731131757098
56044.81514140555	1.0000685801027291	0.00010876686894073036
56044.835575714606	1.000330581779899	0.00010877729069049056
56044.856010023715	1.0004537647613638	0.00010878252537430197
56044.87644433289	1.0003887263777902	0.00010877824202668046
56044.93774726076	1.0002604376614919	0.00010877397792174552
56044.95818167016	1.0002353228768184	0.00010877147573964892
56044.97861587963	1.0004258414235896	0.00010877926670744408
56044.99905018912	1.0002195379795606	0.00010877063473509116
56045.0194845987	1.0003433341392687	0.0001087763349617565
56045.03991880831	1.0002337806505524	0.00010877112635789479
56045.06035311801	1.0002350456926448	0.00010876892571729054
56045.08078752773	1.0004491795433963	0.00010877900274849266
56045.10122183752	1.000039073904403	0.00010876094138717077
56045.12165614736	1.0003364016372143	0.00010877313757680209
56045.14209045723	1.0003452845652339	0.00010877349250474042
56045.16252476719	1.0002747223193222	0.00010877016826512508
56045.18295907718	1.0003302958249867	0.0001087721668549083
56045.20339338725	1.0001240504041606	0.00010876427332957466
56045.244262107524	1.0001076196747494	0.00010876412015409142
56045.26469631774	1.0003259060965572	0.00010877152729606424
56045.28513062802	0.9999301589692006	0.00010875408814426516
56045.30556503833	1.0002179702412153	0.00010876409418550047
56045.32599924869	0.9999400411423205	0.0001087544461408647
56045.34643365915	1.0000526773008542	0.00010875993842330546
56045.366867969635	1.0001248778181984	0.00010876013432006592
56045.38730218017	0.9997758152533048	0.00010874812202170968
56045.40773659077	0.9999391944458935	0.00010875419122237037
56045.44860511211	0.9996378997331031	0.00010874095485081824
56045.46903952286	0.9999985139550421	0.00010875532137212826
56045.48947383366	0.9998504571234915	0.00010874871015572341
56045.50990814452	0.9997754302037053	0.00010874571464832265
56045.530342455444	1.0001734733833147	0.00010876103525253837
56045.550776666394	0.9999042565258294	0.00010875040694441083
56045.571211077426	0.9997912947722143	0.00010874577321447078
56045.59164538849	1.0000452547489929	0.00010875626941098113
56045.61207959962	0.9997266875519859	0.0001087424341261469
56045.65294832201	0.9999392594056422	0.0001087513523666514
56045.67338263331	1.0000511985182399	0.0001087550364766254
56045.69381694463	0.9999900944905511	0.00010875296741895253
56045.71425125602	1.0000278709067496	0.00010875235578184972
56045.73468566743	1.000070370189724	0.00010875883189008348
56045.75511987893	1.0000930495376794	0.00010875652117555015
56045.77555419046	1.000080477303767	0.00010875610776076635
56045.79598860205	0.9998300199770013	0.0001087464919035544
56045.8164229137	0.9998689756267148	0.00010874581158419814
56045.85729153713	0.9996761115875701	0.00010874099057610074
56045.87772584896	0.9998532154758272	0.00010874587964801729
56045.918594472685	0.9998673200052839	0.00010874482469856607
56045.939028784625	0.9997815649466462	0.00010874131929663208
56045.959463196654	0.9997066687409404	0.00010873817798046746
56045.9798974087	0.999590856479272	0.00010873275008292282
56046.00033172079	0.999612414607106	0.00010873395989068766
56046.02076613296	0.9996398058573727	0.00010873476076941953
56046.04120034516	0.9999563877646698	0.00010874724435565012
56046.06163465742	0.9998329466913435	0.0001087433638549161
56046.08206906974	0.9996996092295013	0.00010873743737706759
56046.102503282076	0.9996758816201926	0.00010873538686436211
56046.12293769448	0.9997449653081235	0.00010873747136744405
56046.14337200695	0.9998177465173868	0.00010874015053455602
56046.16380621946	0.9996638981812037	0.00010873470382080438
56046.184240632014	0.9996811550157597	0.00010873430174174278
56046.22510915728	0.9998326716767857	0.00010874053580048497
56046.24554357001	0.9997370331243796	0.00010873602007859563
56046.265977782736	0.9999175530664036	0.00010874234121401522
56046.28641219557	0.999830107455809	0.00010873882977535975
56046.306846508414	0.9997393563796937	0.00010873563543053346
56046.327280821315	0.999960520118968	0.00010874303016575971
56046.347715134296	0.9998071854330384	0.00010873612545622769
56046.368149447284	1.0000100635197406	0.00010874593224528144
56046.38858376033	0.9997168788910826	0.00010873527592781668
56046.44988669981	0.9996493808506351	0.00010873040816370231
56046.470321113055	0.9998792575551595	0.00010874005073194702
56046.49075532636	1.0000598775651117	0.00010874414133765839
56046.51118973973	0.999999642016035	0.00010874551984027117
56046.53162405312	0.9998173268220175	0.00010873638850918573
56046.55205826654	0.9999204421112708	0.00010873952853692609
56046.57249268005	0.9998176356983132	0.00010873539002447408
56046.59292699359	1.000009695494192	0.00010874345018943201
56046.613361207186	1.0001243150936354	0.00010874713140366659
56046.633795620844	0.999840720601896	0.00010873531797529514
56046.654229934524	1.0001110724972808	0.00010874512923312532
56046.67466434827	0.9998643967307032	0.00010873714988204381
56046.715532875896	1.0000736750379808	0.00010874441069760529
56046.73596728976	0.9999990839187344	0.0001087411717471918
56046.756401503706	1.0000631602036323	0.0001087433357793827
56046.776835817676	0.999949503869727	0.00010873891750962587
56046.79727023171	0.9998348482729409	0.00010873210469329479
56046.81770444577	0.9998544181751529	0.00010873446689434748
56046.858573074074	0.9999256453016163	0.00010873685574666945
56046.879007388285	1.0001209241808793	0.0001087445303784801
56046.89944180255	0.999826903563974	0.00010873048914815122
56046.919876016844	0.9997421920233049	0.00010872870736406972
56046.94031033119	0.9998392452181925	0.00010873116124250309
56046.96074474561	0.9998401442693859	0.00010873060852708365
56046.98117906008	0.9996512451287702	0.00010872345945458809
56047.00161327455	0.999858728025534	0.00010873131253285905
56047.022047689105	0.9996818362393871	0.0001087257854002231
56047.04248200369	0.9996691998195124	0.00010872317584845804
56047.06291631833	0.9996986919187716	0.0001087238112301359
56047.08335063304	0.9996696798486759	0.00010872147138684785
56047.10378494774	0.9997679135627177	0.00010872644302079338
56047.12421936253	0.9992365892932173	0.00010870362448834658
56047.14465357735	0.9991227359756393	0.00010869840839998083
56047.16508789223	0.9986833580210734	0.00010868062371835046
56047.18552230713	0.9988110428237337	0.00010868623867934199
56047.2059565221	0.9988166001312435	0.00010868567020657498
56047.226390937096	0.9986048089759936	0.00010867785937236566
56047.24682525217	0.9987477123893692	0.00010868362404271909
56047.267259467255	0.9985055984767975	0.00010867457704435083
56047.2876938824	0.9984515618182088	0.00010867178100018106
56047.30812819759	0.9984509253768206	0.00010866983859302908
56047.32856241282	0.9986305357091302	0.00010867718160983096
56047.34899682811	0.9984545098558415	0.00010866985542975199
56047.369431143445	0.9985088031592515	0.00010867239252112516
56047.38986535882	0.998484924161697	0.00010867085853639177
56047.41029977422	0.9984888248533377	0.00010867027210461496
56047.43073408971	0.9986093480230359	0.00010867546678086477
56047.4511684052	0.9986256811092336	0.0001086760395775248
56047.47160272075	0.9986020870048791	0.0001086736714500094
56047.49203703635	0.9984267659447259	0.0001086670031712961
56047.51247135198	0.998683839180932	0.00010867652025270543
56047.53290566768	0.9985467983628579	0.00010867048033604684
56047.553339983395	0.9988503332770248	0.00010868347084201288
56047.57377429918	0.9990298097289161	0.00010868964337226486
56047.59420861502	0.999231000986125	0.00010869929256143089
56047.61464303085	0.9994809491018787	0.0001087089612433756
56047.655511562734	0.9993379121264113	0.00010870225292722492
56047.67594597871	0.9994408811626461	0.000108706194587169
56047.69638029479	0.9993145588361353	0.00010869966776236858
56047.71681451086	0.9992941240043591	0.00010869950824357452
56047.737248926984	0.9994628361043195	0.00010870546121346761
56047.757683243144	0.9992447045849875	0.0001086975029298491
56047.77811745936	0.9991572246781899	0.00010869223424167565
56047.79855187563	0.9993585174842801	0.00010870058419811467
56047.81898619194	0.9992058463773799	0.00010869435549986133
56047.83942060827	0.9991990540708233	0.0001086940599141949
56047.85985482466	0.9992656969986794	0.00010869604254159247
56047.94159209066	0.9993661405676438	0.00010869937923080984
56047.96202650725	0.9992924927470025	0.00010869649678026614
56047.982460723906	0.9993936401767918	0.00010869957293383666
56048.71809635111	0.9995766297850426	0.00010869862056710754
56048.738530769275	1.0000745829611675	0.00010871905192632256
56048.7589650875	0.9997418905752008	0.00010870648774877648
56048.77939940576	0.9998245860200934	0.00010870879843693671
56048.799833724035	1.0000282366621003	0.00010871775436448973
56048.82026794238	1.0001235887328235	0.00010871990342001907
56048.84070236075	1.0002044215909878	0.00010872357756883051
56048.861136679145	1.000084317401738	0.00010868426416886352
56048.8815708976	1.0001443664112446	0.00010868718909939775
56048.90200531612	1.0002485965155494	0.00010868963974808826
56048.92243963463	1.0001794978556022	0.00010868855234842112
56048.94287395321	1.0006092362982981	0.00010870344082840884
56048.963308271814	1.000473247919267	0.00010869829273843763
56048.98374259044	1.0003624440377363	0.00010869508954390425
56049.004177009134	1.0005008772944708	0.00010870070578610945
56049.024611227855	1.0003544204395238	0.00010869320718551676
56049.04504554663	1.000539377828314	0.00010870262771978005
56049.06547996544	1.0005670892956906	0.00010873085982906759
56049.085914184274	1.0004616048277652	0.00010870014104141494
56049.10634850313	1.000530433492978	0.00010870148767253727
56049.12678292206	1.0007234847046802	0.0001087086937517168
56049.14721714101	1.0007602878830697	0.00010871014343917439
56049.16765156002	1.000664892634872	0.00010870617117812396
56049.18808587903	1.0005793128246332	0.00010870337819044992
56049.2085200981	1.000689957244309	0.00010870872847375888
56049.228954517195	1.0008807102428572	0.00010871620850465048
56049.24938883635	1.0009086718459526	0.00010871707133229243
56049.26982305551	1.0006366705075136	0.00010870503750912402
56049.29025747475	1.0005372711501266	0.0001087004980446023
56049.310691793995	1.0007143474911975	0.00010871080524874955
56049.33112621329	1.0006391312278744	0.00010870666769373071
56049.351560432624	1.0006592487232633	0.00010870658656955805
56049.371994751986	1.0004401670148562	0.00010869644489501862
56049.41286339082	1.0005994123486255	0.00010873925453436604
56049.433297710326	1.0004590805497768	0.00010873290801887992
56049.45373212983	1.0004769032952754	0.00010873338403570327
56049.47416634936	1.0004530309146054	0.00010873062537077979
56049.49460066896	1.0003144684454643	0.00010872317214219222
56049.51503508858	1.0002584316591143	0.00010872117824780397
56049.535469308255	1.000090693789773	0.00010871446705110428
56049.55590372794	0.9999949518311704	0.00010870954407469836
56049.57633804767	1.0003341852397987	0.0001087229845901452
56049.59677226744	1.000032828365284	0.00010871097910514151
56049.61720668727	1.0001515051571812	0.00010871369018627483
56049.637641007124	1.0001560625705697	0.0001087132619794527
56049.65807522697	1.0001363704879616	0.00010871352062680709
56049.67850964689	0.9999774183401335	0.00010870546218342213
56049.71937838683	1.0001213246781093	0.00010871110124943914
56049.73981260686	0.9999647960940091	0.00010870641244346443
56049.76024692692	0.9999235160036304	0.00010870277475392732
56049.780681347	0.9998631662687391	0.00010870049408412042
56049.80111556712	0.9997595587173924	0.00010869648854132722
56049.82154988729	0.9996520210500879	0.00010868993288784846
56049.841984307495	0.9997506779797337	0.00010869577832566123
56049.86241852773	0.9997084559194794	0.00010869336235983051
56049.88285284799	0.9998345511004746	0.00010869837744284133
56049.90328726831	0.9996553747505652	0.00010869043442735563
56049.92372148866	0.9997136645706057	0.00010869213209399256
56049.944155909005	0.9997225785960365	0.00010869039324488153
56049.96459022944	0.9997707584982466	0.0001086933108698632
56049.98502454988	0.9996002488997949	0.0001086854019332788
56050.00545887034	1.0000774535654042	0.0001087040065805479
56050.02589319087	0.9998468376599647	0.0001086954423688451
56050.04632751142	0.999731878430635	0.00010868937623473337
56050.06676183197	0.999859075087019	0.00010869398635288684
56050.08719615261	0.9998195879126227	0.00010869300164704717
56050.10763057326	0.9999947949789144	0.00010870094449666695
56050.12806479395	0.9997001963214336	0.00010868743568905482
56050.14849911465	0.9998608260969698	0.00010869318663380658
56050.16893353541	0.9997020112315294	0.00010868585763011025
56050.18936775619	0.9995502505790961	0.00010868139798685751
56050.209802077006	0.9996776325561925	0.00010868496802121281
56050.23023649788	0.9995085789988774	0.00010867865090364623