55684.40775754425	1.0004604674198931	0.0001080838976163072
55684.428191871724	1.0002915563438546	0.00010807553020946277
55684.448626099205	1.0004431164346927	0.00010808027370234819
55684.46906052674	1.0005152454816868	0.00010808492263203218
55684.48949485422	1.0004486373622057	0.00010808149103342673
55684.50992928176	1.0004965115193134	0.00010808344819615872
55684.5303635093	1.0004854933675413	0.00010808449394377365
55684.55079783683	1.0003828543695619	0.00010807955256346022
55684.571232264374	1.0004006225413193	0.0001080804188981977
55684.591666491906	1.000307019689741	0.00010807662271802347
55684.612100819504	1.000351598938677	0.00010807844944322976
55684.632535147044	1.0005265311304972	0.00010808501597700118
55684.65296947464	1.000207085381541	0.00010807176898607228
55684.673403902176	0.9999861101488732	0.00010806335770319806
55684.714272457364	1.000200007881244	0.00010807139264673674
55684.75514111256	1.0002498544756202	0.00010807500709031619
55684.77557544016	0.9998955136242926	0.00010806081939335759
55684.79600986781	0.9995483001324412	0.00010804557769357921
55684.81644419541	0.9999743709466294	0.00010806191878098091
55684.836878423055	0.999920592146114	0.00010806101797571054
55684.85731285071	1.0001565063018092	0.00010807070295476761
55684.87774717831	1.00003375081631	0.00010806525223392022
55684.89818150596	0.999906837348528	0.00010805969412006467
55684.918615833616	1.0001455131595063	0.00010807013046833965
55684.93905016127	0.9998895271365875	0.0001080575509128063
55684.95948458898	1.0001399756991487	0.00010806927914399665
55684.979918816636	1.0000039924522377	0.00010806339451726284
55685.00035314429	0.9999214650554595	0.00010805896278830106
55685.020787572	1.0001154546846251	0.00010806644436637131
55685.06165622737	1.0000780758868237	0.00010806581746424884
55685.08209055502	1.0000896598842604	0.00010806594049657994
55685.102524782735	1.0001738292488032	0.00010806984697219808
55685.12295921045	0.9999803064108135	0.0001080634891182577
55685.14339353816	1.0001298010210882	0.00010806643623513994
55685.18426219359	1.0004235149783178	0.00010807974225786359
55685.204696521294	1.0000955742618183	0.00010806566085741868
55685.22513074901	0.9998601111785778	0.0001080560175952211
55685.24556517678	1.0000377199972463	0.00010806162545038271
55685.265999404546	1.000181661416682	0.00010806942420551193
55685.28643383226	1.0000677488451466	0.00010806432230903336
55685.306868159976	1.0001355259066027	0.00010806693564378484
55685.32730238774	0.9998967817676243	0.00010805659765107985
55685.347736815515	0.9999486606860551	0.00010805809695967347
55685.36817114329	1.0001146571060848	0.00010806520820910929
55685.38860547105	1.0002913115010184	0.00010807352585029674
55685.40903979877	1.000243887413104	0.00010807043422312442
55685.42947412654	0.999933592771355	0.00010805643138952467
55685.449908454306	0.9998684123725982	0.00010805437597584978
55685.47034278214	1.0000956026376258	0.00010806266684335637
55685.49077710991	1.0000390459648967	0.0001080596855035073
55685.511211537676	1.000130407491332	0.00010806485266874032
55685.53164586545	1.0000705701738863	0.00010806156908496158
55685.55208009322	1.0000373064422168	0.00010805941885561929
55685.572514521045	0.9997876171148067	0.00010804861912224875
55685.59294884882	0.999967300344586	0.0001080569048092269
55685.61338307665	1.0002356256274292	0.00010806685291382344
55685.633817504415	0.9998713440797592	0.0001080547745053211
55685.654251832246	1.000043896577166	0.0001080584467699745
55685.69512048784	1.0000159965567836	0.00010805702674918136
55685.71555481567	0.9997271708238279	0.00010804657985221838
55685.7359892435	0.9998293163403047	0.00010805022758018229
55685.75642347127	0.999820248687844	0.00010804934118805466
55685.7768577991	0.9999170635003358	0.00010805350168608538
55685.797292226925	0.9998300200323144	0.00010805027592345737
55685.817726454756	0.999918685157816	0.00010805113511136338
55685.83816078259	0.9999673760202564	0.00010805447681585143
55685.85859521041	0.9999911164044435	0.00010805425240664377
55685.87902943824	0.9999477302149178	0.00010805242835215282
55685.89946386607	0.9998968161495074	0.00010805140272908298
55685.919898093896	0.9999036992994254	0.00010804976077477177
55685.94033242173	0.9999564742927254	0.0001080519910323594
55685.96076684956	0.9998698050778235	0.00010804693865510524
55685.98120107739	0.9995632344045624	0.00010803654614505429
55686.00163540521	0.9997428405060572	0.00010804283545073909
55686.0220698331	0.99971786473855	0.00010804131198354171
55686.04250416093	0.9997029267509148	0.00010804101053801522
55686.06293848876	0.99983830688296	0.00010804561271824913
55686.08337281665	0.9997773611147428	0.00010804273389635433
55686.10380714447	0.9996984557688021	0.00010803935642492713
55686.1242414723	0.999648365235143	0.00010803802499494756
55686.14467580013	0.9997511041915804	0.00010804211365627893
55686.165110128015	0.9995535808353486	0.00010803363391753522
55686.18554455585	0.9996961778265336	0.00010803895153455174
55686.20597878368	0.999623457350469	0.00010803623439580364
55686.22641311156	0.9996074825971936	0.0001080347821844868
55686.24684753939	0.999621792437245	0.0001080353650977169
55686.26728176722	0.9997465038782832	0.00010803884783099756
55686.287716195104	0.9995979606993255	0.0001080340804278426
55686.308150522935	0.9995781573186574	0.00010803194078795143
55686.32858475082	0.999577074922722	0.0001080334078344851
55686.36945350648	0.9997477212282212	0.00010803886287046393
55686.38988773437	0.9997520978033259	0.00010803806668948642
55686.41032216219	1.000068433058307	0.00010804905247789945
55686.45119081791	0.9997173422812732	0.00010803608972165001
55686.471625145736	0.9997162910929178	0.00010803458746454885
55686.49205947357	0.9998067446576975	0.00010803822273043636
55686.51249380145	0.9996895496542153	0.00010803288838170626
55686.53292812928	0.9996352294879045	0.00010803108946568814
55686.55336245711	0.9997276477328393	0.00010803476816932782
55686.57379678494	0.9995496308078722	0.00010802699670900587
55686.594231112824	0.9998007173886186	0.00010803653495708633
55686.614665440655	0.9995520118235905	0.00010802678142745615
55686.63509976848	0.9996437224659294	0.00010802925316466575
55686.65553409631	0.9998466290558773	0.00010803648913097319
55686.67596852414	0.9996582115422445	0.00010803021078769803
55686.69640285202	0.9997991501260046	0.00010803558798451625
55686.71683707985	0.9996835735694627	0.00010803044681884391
55686.737271507685	0.9996241354524041	0.00010802838341713713
55686.75770583551	0.9998735153227465	0.00010803559211786478
55686.77814006334	0.9997944854647962	0.00010803411066639563
55686.79857449117	0.9999704255635936	0.000108038465800906
55686.819008818995	0.9998793674289189	0.00010803663582944414
55686.83944324683	0.9999479403626156	0.0001080382788629204
55686.88031180248	1.000091940999186	0.00010804301733550903
55686.921180458085	1.000259706758617	0.00010805133214165768
55686.94161478591	0.9999391634538477	0.00010803620899666571
55686.96204921374	0.9998111136723599	0.00010803078586164906
55686.98248344151	1.0001985806133462	0.0001080480485717393
55687.002917769336	1.0000264343587064	0.00010803888405264649
55687.02335219717	1.0001965504348393	0.00010804494646416293
55687.04378642494	1.0004077775722755	0.00010805360961531651
55687.064220852764	0.9997235942909627	0.00010802681078879206
55687.08465518054	0.999602041238394	0.00010802102255302819
55687.10508940831	0.9993191499919218	0.00010800896218208418
55687.125523836134	0.9992129566837323	0.00010800452065409508
55687.145958063906	0.9994969679409127	0.00010801510164946935
55687.16639249168	0.9992428313077275	0.00010800386163672733
55687.186826819445	0.9993468867415009	0.00010800847909785442
55687.20726114722	0.9993403069724891	0.0001080074976133853
55687.22769537499	0.9990663509919901	0.00010799630883537406
55687.248129802756	0.9990211994346695	0.00010799450338170018
55687.26856413053	0.9990279422052402	0.00010799371741125011
55687.30943278607	0.9989544207345951	0.00010798951842231309
55687.32986711384	0.9989565126473442	0.00010799029944474479
55687.350301441555	0.9991384020441832	0.00010799797076068095
55687.37073576932	0.998877576662425	0.00010798784628617981
55687.391170097035	0.9990759005461971	0.00010799352161320495
55687.41160452481	0.9989743623127462	0.00010798981298935139
55687.432038752515	0.9989802829647049	0.00010798859816774186
55687.45247318023	0.9990938026907304	0.00010799253950401113
55687.472907507996	0.9990244372346967	0.00010799066351156104
55687.49334173571	0.9990297604221146	0.00010799045663101875
55687.513776163425	0.9989975561242956	0.00010798742211177363
55687.53421049114	0.9998729835005523	0.00010802386714043234
55687.55464471879	1.0001346027176916	0.0001080325822577861
55687.5750791465	0.9999438777313807	0.00010802405754061699
55687.59551347421	0.9999843490486293	0.00010802610703394377
55687.615947701925	0.9998037353653991	0.0001080190207677537
55687.63638212958	1.0000758376090624	0.00010802975083600187
55687.65681645724	0.9996938292447233	0.00010801246472523636
55687.677250884946	0.9999825996859542	0.00010802368461736881
55687.6976851126	0.9997646164390198	0.00010801527428120181
55687.71811944025	1.0000240197039887	0.00010802451533917552
55687.73855376791	0.9998920161218711	0.00010801932672410855
55687.758988095564	1.000168022426398	0.00010802955037475867
55687.77942242322	1.000001020624409	0.00010802329308878106
55687.79985675087	1.0000177653882496	0.00010802074224043119
55687.820291078526	1.0002896009066569	0.00010805685456725927
55687.84072550612	1.000042649882648	0.00010802192230836617
55687.86115973377	1.0001951739295205	0.00010802781626265625
55687.88159406137	1.0001190927595318	0.00010802471148798327
55687.90202848896	1.0004048366326028	0.00010803480117310727
55687.92246281656	1.0001435367602025	0.00010802414450332321
55687.94289704416	1.0003957736760658	0.00010803391692197774
55687.96333147175	1.000244506918957	0.00010802707732147504
55687.98376579935	1.0003277441761047	0.00010804328925954501
55688.004200026946	1.0001923278135534	0.00010802677662748633
55688.04506878208	1.0003013390949613	0.00010802891388507629
55688.10637176469	1.0003214894178378	0.00010802788870993648
55688.12680619229	1.0003496743301235	0.00010802821300247337
55688.14724041976	1.0000853391023763	0.00010801755081911335
55688.1676747473	1.0002160929959496	0.00010804564481141649
55688.188109174844	1.0001240485844822	0.00010801819847790896
55688.20854340232	1.0000083551511898	0.00010801294923138911
55688.22897782986	1.000172348377042	0.00010801969076995172
55688.24941215734	1.0002742025434137	0.00010802362643758215
55688.269846384814	1.0000426611053364	0.00010801503955192307
55688.290280812296	0.9999896484464876	0.00010801148025107168
55688.31071513978	0.9998446968290123	0.00010800559193400735
55688.33114936719	1.000042492312196	0.00010801334827412416
55688.351583794676	0.9999835945724558	0.00010800902941367946
55688.3720181221	1.0000396685455561	0.0001080122576792204
55688.392452449516	1.0000720142285315	0.00010801319664931281
55688.43332110442	0.9998889862653607	0.00010800541279204076
55688.45375543184	0.9997773780675646	0.00010800038387800044
55688.4741897592	1.0001017285926652	0.00010801261586627499
55688.49462408663	1.0001331637402278	0.00010802457486770488
55688.515058413985	0.9999147424940931	0.00010800458411023324
55688.53549274135	0.9999187217106204	0.00010800421858000982
55688.555927068715	1.0001892542994069	0.00010801592869360603
55688.576361496074	1.0001333251174263	0.00010802401217075627
55688.617230150805	0.9998587104373897	0.00010800029762898158
55688.637664478105	0.999882085029302	0.00010800019167949371
55688.65809870547	0.9997292165551643	0.00010799515680079302
55688.67853313277	0.9997186434168833	0.00010799487816612941
55688.69896746008	0.9998925729975238	0.00010800083603150704
55688.719401687325	0.9999604955789936	0.00010801451063023693
55688.73983611463	0.9998619482239003	0.0001080105545913987
55688.76027044193	0.9996423126211076	0.00010798946575919251
55688.78070466918	0.9998335147820344	0.00010799721748266113
55688.801139096424	0.9999037271171937	0.00010802422754894824
55688.82157342367	0.9997944892945053	0.00010802088581775529
55688.84200785092	0.9999482757998013	0.00010802682578954254
55688.86244207816	0.9999924372294164	0.00010802516733950382
55688.92374505973	0.9999188562227374	0.00010801012161747774
55688.94417938692	1.0000608394113175	0.00010802851551315471
55688.98504804129	1.000152371986702	0.00010803218964250367
55689.02591679556	1.0001091290200894	0.0001080293195206271
55689.046351022684	1.0001908505453294	0.0001080313605284254
55689.06678544982	1.000214688441527	0.00010803286757713853
55689.08721977695	1.0000643436454868	0.00010802712068864555
55689.107654104075	1.0001245217371533	0.00010802965470665324
55689.12808843115	1.0001716452408227	0.00010803203966982859
55689.14852275822	1.0002338375897462	0.00010803488880767406
55689.16895698529	1.000339292486529	0.00010803716601668198
55689.18939141231	0.9999906043969522	0.00010802283620583124
55689.20982573938	1.0002570863343454	0.00010803412635091401
55689.23026016639	1.0002781288305036	0.00010803358691081658
55689.250694393406	1.0001044109269603	0.00010802600802148276
55689.27112872042	1.0003556246312992	0.00010803683144876557
55689.29156314743	1.0002095085894165	0.00010803144693981331
55689.31199737439	0.999978221080017	0.00010802208765450626
55689.332431701405	1.0002027633778996	0.00010803109819585257
55689.352866128356	1.000121098329046	0.00010802690064159573
55689.37330035531	0.9998374856306312	0.00010801647427319071
55689.414169109165	1.0002146200617068	0.00010802981422381399
55689.43460333606	1.000416240048678	0.00010803715796472926
55689.455037762964	1.0002318115666644	0.00010803007431775047
55689.475472089856	1.000157956450492	0.00010802775574351242
55689.495906316755	1.0001698643864962	0.00010802780862746469
55689.51634074359	1.0002940364338018	0.00010803391213621258
55689.53677507043	1.0001130750307832	0.00010802519215438321
55689.55720939727	1.0000242196135167	0.000108021423245512
55689.577643724115	1.0000407204765736	0.00010802278581458317
55689.59807805089	1.000300934012877	0.00010803466045165404
55689.61851247773	0.9999630897504532	0.00010802037800689732
55689.63894670451	1.0000391020083692	0.00010802206432740854
55689.65938103123	1.0001745148847807	0.00010802646306904783
55689.67981545802	0.999951086835772	0.00010802005854023025
55689.70024968474	0.9998831967670139	0.00010801648338406081
55689.72068401152	1.0001809514436046	0.00010802838628960325
55689.74111833824	1.0000072342543656	0.00010802010749421442
55689.78198699163	1.0000489362457419	0.00010802184034140348
55689.802421418295	0.9999393899718928	0.00010801719586397377
55689.82285564496	0.9999345478103994	0.00010801659848028934
55689.84329007162	1.0001837045117694	0.00010802668333286769
55689.86372439823	0.9998263440425622	0.0001080125067777008
55689.90459305144	0.999721812632584	0.00010800835824495758
55689.92502737805	0.9998580213042073	0.00010801305491656324
55689.94546160466	0.9996760108407783	0.00010800521821077467
55689.9658960312	0.9998282196998197	0.00010801067554793311
55689.98633035775	0.9997086137971272	0.00010800705584755837
55690.006764784295	0.9999183491681443	0.00010801474391114098
55690.02719901079	0.9999289499322276	0.0001080159020549574
55690.04763333728	0.9998681291943838	0.00010801306616813148
55690.06806776382	0.9999252018009693	0.00010801423874928441
55690.088501990256	0.9998778660694834	0.00010801273801920605
55690.10893631675	0.999908811636723	0.00010801416444547274
55690.129370743176	1.0000651203647342	0.0001080208791347286
55690.14980496961	0.9999917011253248	0.0001080185317987288
55690.17023929604	1.0000096713244182	0.00010801897047111813
55690.21110794879	1.0001843107747843	0.0001080272315322657