55403.795207866766	1.0000697757550046	0.0003200439822295673
55403.81564179738	1.0000079212948836	0.000320074043947025
55403.83607572777	0.9996959750416813	0.0003199919765481428
55403.856509657926	0.9997314113572613	0.00032000859469634327
55403.87694358784	1.0000619642144055	0.00032007936657419474
55403.897377517766	1.000154898891663	0.00032001375508264947
55403.917811447216	1.000056660295571	0.00032000668079342273
55403.93824537644	0.9995224406115432	0.000319991382272335
55403.95867940567	1.0000231652084406	0.00032006855052912946
55403.97911323466	1.0001279972649193	0.0003200390966445652
55403.99954716318	1.0006066957378732	0.0003201057082096384
55404.019981191705	1.000432700877761	0.00032006082235598663
55404.04041501999	0.9995405673739179	0.0003200102844540498
55404.06084894805	0.9993874312920614	0.00032000974885051497
55404.08128297588	1.0000881507929265	0.0003200171498549384
55404.101716803474	0.9999624045035692	0.00031999137128972736
55404.12215083083	1.000623045487707	0.0003200518053232453
55404.14258475796	0.9996735178577227	0.0003199886510636371
55404.16301858485	1.0001827255717868	0.00032003085603270854
55404.183452611745	1.0001635512245712	0.000320045821364826
55404.224320364374	1.0000784813851107	0.0003200443645005689
55404.244754390566	1.0006804200781618	0.0003201284296215529
55404.28562224202	1.000081022974522	0.00032005833241638654
55404.30605616752	0.9996670720769905	0.0003200062784366692
55404.32649009279	0.9997218868120995	0.0003200280356188303
55404.34692401782	1.000457008515896	0.0003201957730340053
55404.36735804262	1.00018193182756	0.00032013503757534104
55404.387791867186	1.0000372823345045	0.0003200259033218989
55404.408225791514	0.9998396665258508	0.0003200473081094343
55404.42865981562	0.9997921936365812	0.00031998431837491556
55404.44909363949	0.9997816090738176	0.0003200057223780181
55404.46952766312	0.9998690236375412	0.00032004938179726696
55404.48996148675	0.9998790044247068	0.0003201170368190865
55404.510395409925	0.999523756218663	0.0003199958160797004
55404.53082943286	0.9996723073880552	0.0003199929471431751
55404.551263255795	1.000240919063847	0.000319982479333285
55404.5716971785	0.9999410476684074	0.00032007157849061994
55404.592131200734	0.9998361571632681	0.00032009180823209756
55404.61256502297	0.9997135191195057	0.00032000579591521416
55404.65343296675	0.9999734832875078	0.00032010899551940985
55404.673866788056	0.9999201793832516	0.0003200075874201144
55404.694300709365	1.0008461277618235	0.00032014671439257254
55404.71473473067	0.9998750078164922	0.00032004654204653704
55404.73516855151	1.0003837175705854	0.00032004582343832987
55404.75560247212	1.0001522312780329	0.0003200449535974591
55404.77603649249	0.9995845048773007	0.00032002046285418387
55404.796470412635	0.9994233553179631	0.0003200081141924264
55404.81690423278	0.9993144168856926	0.00031998077329418827
55404.83733825245	1.0008041333517341	0.00032011847311507927
55404.85777217213	0.9996735795966386	0.00032001707166359414
55404.87820609134	0.999284961369179	0.00031996837397171884
55404.89864001055	1.0001217447719413	0.0003200730048781435
55404.91907392953	0.9999949854842732	0.00032005779651836765
55404.939507948046	0.9996348464829811	0.0003200182310148432
55404.95994176655	0.9997849120747062	0.00032006097356928665
55404.980375684834	0.9992863662679966	0.00032009393848960404
55405.00080970288	1.0007747917864203	0.00032021571966599205
55405.02124352069	1.0001872487540577	0.0003201132606566226
55405.041677438276	0.9997741358130484	0.00032015471668883524
55405.06211145563	1.0001064556090884	0.000320034728548226
55405.08254527274	0.999881860542823	0.00032002367696921973
55405.102979189855	0.9999287318551479	0.00032020444689049313
55405.12341310651	1.0003290233387216	0.00032007059159805255
55405.14384702292	1.0001595751861465	0.000320043695410252
55405.16428093934	0.9997932727938256	0.00032006359906743253
55405.18471485529	1.000492312481464	0.00032011210125878147
55405.20514877124	0.9999389685842976	0.000320053854562695
55405.22558278696	1.0002921079675073	0.0003201736932508962
55405.246016602214	1.0000783005139895	0.0003201396901828541
55405.26645051746	1.0004617508307352	0.0003200794604635806
55405.286884532485	1.0005881307825355	0.000320034045505277
55405.307318447274	1.0002228678648806	0.00032013056106193396
55405.32775226182	1.0004196463222421	0.00032011904604527865
55405.34818627615	0.9995746909973093	0.0003199999337435072
55405.36862019023	1.0000236465060934	0.00032008865809801646
55405.38905400409	0.9999481201678979	0.00032006548016143076
55405.409488017714	1.0001574204994932	0.0003200440879957947
55405.42992193111	0.9995381265584355	0.00032011830498910026
55405.47078975742	0.9997709151754272	0.00032012964759913187
55405.491223670106	0.9994897439419314	0.0003200070142170035
55405.5116574828	1.0000083292737292	0.00032008636675826257
55405.53209149503	1.0002961566347484	0.0003200994378149442
55405.552525407256	0.9999169204693452	0.00032017129248596796
55405.57295941901	0.9998938920566462	0.00032017011953102033
55405.593393230774	1.0005213236690012	0.0003201545260707015
55405.6138271423	0.999908151155463	0.00032022182694509105
55405.634261153595	1.0003813861438422	0.0003202490768356226
55405.65469496466	0.9999771592045128	0.000320238811599911
55405.67512887549	0.9996392795114807	0.0003200441717508603
55405.69556288608	0.999913734068721	0.00032032835871767534
55405.71599669645	0.9997061132393265	0.0003202521118197731
55405.73643060657	1.0002166503571885	0.0003203515305762644
55405.75686461647	0.9996951487945641	0.00032021780814431956
55405.77729852614	0.9993084062560559	0.0003201708874109493
55405.79773233557	1.0003194219561795	0.000320322227954324
55405.818166345	1.0002580771474954	0.00032033117947419324
55405.83860025397	1.0000585584359698	0.0003202611953492869
55405.879468071435	0.9994237458008475	0.0003202461862751199
55405.89990187994	0.9996481587709346	0.00032018589553001143
55405.92033588797	0.9998319660625177	0.0003202794158408308
55405.96120360381	1.0003813396069214	0.0003202814268407401
55405.98163761114	1.0002299623824584	0.0003202453238421382
55406.00207151848	0.9997657608767386	0.00032017131423330475
55406.022505325585	0.999810678861466	0.00032021977234107055
55406.04293933245	0.9996326809240045	0.00032026846061075485
55406.06337323909	1.0002091194883675	0.00032029324501251346
55406.0838070455	1.0008202528831696	0.0003203253383681603
55406.10424105167	1.0001499995543328	0.00032029336046246763
55406.12467495761	1.000099438289148	0.0003203099040833488
55406.16554276902	1.0001736025902137	0.0003202824090187439
55406.185976674264	0.9996461676516379	0.00032024631627126156
55406.22684448428	0.9998386525079797	0.0003202915294649591
55406.24727838882	1.0006773415813732	0.0003203119723912932
55406.26771239337	1.0008144163350179	0.0003203468561706081
55406.28814629744	1.0002405539185584	0.0003202889680639848
55406.30858010152	0.9999680235334467	0.0003202702191373313
55406.329014105366	1.0000019901887873	0.00032025337487907505
55406.34944800897	1.000243044741351	0.0003202283104231217
55406.36988181212	0.9999940135855936	0.0003202514707947188
55406.39031581527	0.999967272305751	0.0003202301862848634
55406.410749718176	0.9993545396032015	0.0003201959843713138
55406.43118352086	1.000431486576088	0.00032029095982966273
55406.4516175233	0.999917241030855	0.00032029225493703
55406.47205142552	1.0001603396521443	0.00032026700969205223
55406.4924852275	0.9997018249769357	0.00032024574773973795
55406.53335303076	0.9998972265778864	0.000320224241303551
55406.55378693228	0.9995622732732861	0.0003202750260656546
55406.574220933326	1.0002901370866726	0.000320322643954084
55406.594654834145	0.9997433274865429	0.0003202840104618317
55406.615088734965	0.9997649596384127	0.0003202417885587601
55406.63552263532	0.9996004942858429	0.00032022150759039824
55406.655956535666	0.9991669124901678	0.0003202140403691756
55406.676390435554	0.9994196502765907	0.0003202553319985437
55406.696824335435	0.9999102369775732	0.0003202826074138075
55406.71725823509	1.000035563135745	0.0003202789537565396
55406.73769213428	0.9999525222618668	0.00032027533996306255
55406.75812603347	0.9996589171858417	0.0003202542238931607
55406.77855993242	1.0003454081849914	0.0003203362037625905
55406.798993931145	1.000113292326232	0.00032031052348925176
55406.81942772963	1.0002918941288326	0.00032029708093710385
55406.83986162765	0.9995402488035855	0.0003202921461766743
55406.86029562568	0.9999612842773048	0.0003202632006229718
55406.880729423705	0.9995491072997974	0.000320287628106306
55406.90116332126	1.0005176352954663	0.000320336900240898
55406.921597318586	0.9998140838391438	0.0003202245435708748
55406.94203111567	0.9994138818232885	0.00032022363819036965
55406.962465112534	1.0004952202078279	0.0003202908804804829
55406.98289900916	1.000227471117601	0.00032028042815759997
55407.00333280579	1.000083966704732	0.0003202752827335768
55407.02376680195	1.0006820715017766	0.00032038664235775366
55407.04420069811	1.000240599954741	0.0003203059320956105
55407.0646344938	1.0001465408468924	0.0003202650133577048
55407.0850684895	0.9998764775763928	0.0003202494558864797
55407.10550238473	1.000184121630942	0.0003202811547430233
55407.125936279954	1.000291710600473	0.0003202730459366838
55407.14637017472	1.0002125458970514	0.00032030409924004217
55407.166804069486	1.0004423728655036	0.00032030027376460504
55407.18723796401	1.000118981898127	0.0003203044868423312
55407.20767185831	1.0003811971721475	0.000320342659937362
55407.22810575215	0.9994813791254515	0.00032027473365821144
55407.268973539576	0.9999220158575594	0.0003203164650615997
55407.289407432945	0.99980142175144	0.00032030665192845156
55407.309841326074	1.0001894719212796	0.0003202976440382938
55407.33027521898	1.0000762047472402	0.0003202783305503676
55407.35070911165	1.00010606620912	0.00032031408826852485
55407.37114310431	0.9995663161039802	0.000320231578043269
55407.391576896516	1.0003037146655884	0.00032030992791842397
55407.41201078849	0.9995716959571774	0.00032026827554220344
55407.43244478022	1.0001608910506994	0.00032029221169770745
55407.47331246323	1.000107899482396	0.00032031233726680797
55407.49374645427	0.9997327078792104	0.00032033553505634546
55407.51418024531	0.9997369985751986	0.0003202613558226301
55407.53461413588	0.9997949842098981	0.0003202898157470443
55407.55504812645	1.000488285708602	0.00032033110608985633
55407.59591580667	1.0000290978464088	0.0003203055431888724
55407.61634979654	1.000151615142748	0.00032032707338433005
55407.63678368595	0.9982531295691787	0.0003201398067066186
55407.65721757536	0.997466944605712	0.0003201510393812726
55407.67765146453	0.9967982323628828	0.0003200688017512907
55407.69808535348	0.996473015777169	0.00031990725727381144
55407.71851924219	0.9962826728593369	0.00032004038786645505
55407.73895313066	0.9955836387197116	0.00031989654566999526
55407.75938701891	0.9958081228517041	0.000319969209376382
55407.77982090692	0.9958705511962338	0.0003199681125179041
55407.800254794696	0.9955650921078967	0.0003198974418221859
55407.820688682245	0.9951798852172157	0.0003198631594462904
55407.84112266956	0.9948287730227661	0.0003198447652586865
55407.861556456635	0.9955319503939952	0.00031994001497627234
55407.881990343485	0.9948740057076116	0.00031986981156635277
55407.902424230335	0.9953912613343127	0.0003198326054382325
55407.92285811671	0.9946640270678927	0.000319794849475933
55407.94329200286	0.9951710841785566	0.00031993606243439874
55407.963725889014	0.9949577925151171	0.0003198646034238553
55407.98415977469	0.9950019476931113	0.00031994527080295745
55408.004593760146	0.9947275019585831	0.000319857995781482
55408.04546143058	0.9943832753657701	0.0003198807576749735
55408.065895415566	0.9952670060691848	0.00031996283568904755
55408.08632920032	0.9949679999591555	0.00031994628056335634
55408.1067630846	0.995931085766506	0.00031999809338501987
55408.12719706889	0.9955732993911938	0.0003199749919407916
55408.147630852945	0.9956211304176674	0.00031998090882439924
55408.16806473676	0.9953827223710225	0.00031996892828323214
55408.18849872012	0.9958696120143599	0.00032004750274464876
55408.20893260348	0.9966376465501415	0.00032004987992163906
55408.22936638659	0.9973967200839005	0.0003201172221875018
55408.249800369485	0.9981615609881933	0.0003201456262339068
55408.27023425214	0.9998425730373319	0.0003202982637572782
55408.29066803456	0.9999846344941019	0.0003203132201103802
55408.311102016756	1.0003302802291165	0.00032034559030380213
55408.33153589872	1.0001607467052174	0.0003203452515648778
55408.35196988044	0.999237474220176	0.0003202467235296224
55408.37240366193	0.9998403407133523	0.0003203622167335199
55408.41327152445	1.0010484068515575	0.000320416803552506
55408.45413918581	1.0000662781775833	0.00032034247696650513
55408.474573166364	1.000170728237857	0.00032030417524349375
55408.49500694646	1.0004499006792373	0.0003203734019780228
55408.51544082632	0.9997536328996031	0.00032032197774508773
55408.535874806184	1.0001936346412077	0.0003203250488004291
55408.55630858558	1.000713219956478	0.00032038759778172586
55408.576742464975	1.000216266116327	0.00032033503034554686
55408.59717634391	1.000054262082132	0.0003203329374493485
55408.61761022284	0.9999182131638183	0.00032032493040988393
55408.6380441013	0.9997466530162666	0.0003203559185923569
55408.65847797977	0.9993212693783522	0.00032030060454773347
55408.678911858005	0.9998711608387431	0.0003203107132435452
55408.699345836	0.9997750889390037	0.00032032091167392474
55408.71977971354	0.9996572236420538	0.0003203437011938251
55408.74021349107	1.0003077269142084	0.00032032168273576304
55408.76064746837	0.9999219051992925	0.0003203298046409186
55408.78108134544	0.9999596425914136	0.00032033175045919704
55408.80151512228	0.9998501572482725	0.00032030953154108546
55408.82194909888	0.9995493227332811	0.0003203321989013172
55408.84238297502	1.0001122978851347	0.0003203493793417167
55408.862816751156	1.0000485453207244	0.00032031530753811623
55408.88325072729	0.9992842430637022	0.00032029643946807735
55408.90368460296	1.000368597130781	0.00032039517950438646
55408.9241183784	0.9995364130180684	0.00032030238442070237
55408.944552353605	0.9999486653482055	0.0003203710266468272
55408.96498622858	1.0005238223857964	0.00032035498015299497
55408.98542000332	1.0002187752981446	0.0003203643820546778
55409.005853977826	1.0004025005943518	0.0003203682311518794
55409.026287852335	1.0002721748742238	0.00032039138137113465
55409.04672172638	0.9995743850870167	0.00032031796490542973
55409.087589473995	0.9995332345349944	0.00032032784189462533
55409.108023447334	1.000243088744781	0.00032033342435531826
55409.12845732045	1.000190916943754	0.0003203565384186342
55409.14889109356	1.0001097619813255	0.0003203507770149509
55409.16932506621	0.9998155760063101	0.00032034467699503606
55409.189758938846	1.0000969921265817	0.0003203149154227038
55409.21019271103	1.000265804955854	0.0003203774154729949
55409.2306266832	1.0001236513128218	0.00032035728009837967
55409.25106055492	0.9999822090265749	0.00032029586245923305
55409.27149432663	0.999961504531557	0.00032029682734551374
55409.29192829812	0.999845179947803	0.0003203230916610795
55409.31236206936	0.9997300412216188	0.000320325623220728
55409.33279594014	0.9999268163624224	0.00032034639856906187
55409.35322991092	0.9995878322207413	0.00032028696125666913
55409.37366368147	1.0008349190819248	0.0003203615487029378
55409.39409755179	0.9997261130858206	0.0003203417822169306
55409.414531521645	1.0010054469174385	0.0003204444362823372
55409.43496529149	1.0000797343676142	0.00032032831919515976
55409.45539926111	0.9999480081510159	0.00032038047790999976
55409.496266899645	1.0000218842187116	0.00032032013840058545
55409.51670086857	1.0000355362179958	0.0003203485320205812
55409.53713473726	1.0000077898413429	0.00032035746831756394
55409.557568605705	1.0004676973822888	0.0003203752706540577
55409.57800247393	0.9990048856141116	0.0003202731381854571
55409.59843634191	0.9997493275596699	0.0003203403692327712
55409.61887020967	1.000805984506504	0.00032041904367632873
55409.63930407743	1.0002923435674862	0.0003203221931464544
55409.65973794472	1.0001496543280797	0.0003203684854864226
55409.68017181177	0.9991659831342633	0.0003202878399771632
55409.7006057786	1.0001834296508918	0.0003203490249093798
55409.72103954542	1.0003248542812653	0.0003203237172440687
55409.74147341178	0.999698881322063	0.0003203234119025042
55409.761907377906	0.9998186786792905	0.0003203009521699178
55409.78234114403	1.000202644217546	0.00032034563874591216
55409.80277510969	1.0004141924743504	0.0003203717521706555
55409.82320897512	1.0000584894006588	0.00032033102516022496
55409.84364274054	1.0003294795401871	0.00032033229815525097
55409.864076705504	0.9996082700344219	0.00032032855676177415
55409.88451057047	0.999929436354745	0.00032032138708424095
55409.904944334965	1.0000979014970055	0.00032031622294670966
55409.92537829946	1.0000823079039338	0.0003203432655443939
55409.94581216349	0.9996904618054651	0.0003203332577333543
55409.966246027514	1.0005126960201256	0.00032035539093928776
55409.98667989108	1.0004587785567318	0.0003203601326787542
55410.027547617974	0.9996786099745352	0.0003202688464529683
55410.04798148084	0.9997907342818696	0.00032034949145194803
55410.08884910634	1.000425009608327	0.0003203386464254299
55410.10928306874	1.0002999650596587	0.0003203422902879042
55410.12971693068	0.9998679749432018	0.0003203066619201958
55410.15015079261	1.000243415983886	0.00032034482070256317
55410.17058465431	1.0003041907147618	0.0003203981699258632
55410.19101851578	0.9998197384115927	0.000320344688441594
55410.211452477015	1.0001234145657047	0.0003203167076295629
55410.23188623802	1.000465096648738	0.00032037755222065706
55410.25232009879	1.0004087839350955	0.00032038870708034285
55410.272754059326	1.0000913756500698	0.0003203687799074754
55410.29318781963	0.9999589082085871	0.00032039310977081324
55410.31362167971	0.9997477387784519	0.0003203331238501275
55410.33405563954	0.99923229390806	0.00032027307628276514
55410.35448939915	1.000643361623187	0.00032035265873691304
55410.374923258525	1.000045525652272	0.00032034786579793466
55410.39535721766	1.00036672558828	0.0003203904958567972
55410.41579097657	1.000067322889337	0.0003203341334999064
55410.43622483525	0.9996839919980556	0.00032031134400255197
55410.456658793686	1.0005691066572444	0.0003203964095435067
55410.47709255213	0.9996779516324343	0.0003202968203594361
55410.49752651011	0.9995085316300315	0.00032036057132281876
55410.51796036785	0.9999819737490488	0.00032032843596078097
55410.53839422536	1.0003631720243114	0.00032033989870447976
55410.579261939914	0.9993852708706539	0.0003203310003888025
55410.59969579673	0.9998670002645097	0.00032035551077402033
55410.62012965331	0.9997295486283615	0.0003203453984376155
55410.640563509885	0.9999611006957906	0.00032036217140938043
55410.660997366	1.0002313098231137	0.0003203752593794235
55410.68143122212	1.0010587993978033	0.00032039893488937425
55410.70186507776	0.9994607776142648	0.0003203058645026931
55410.72229883341	0.9998543839807709	0.00032029405947433214
55410.742732788596	1.000032504119489	0.000320346438501958
55410.763166643774	1.0002270690886137	0.00032039134353857617
55410.78360039849	1.00021113658904	0.00032034157311693924
55410.80403435321	1.0002716945521073	0.0003203562003409265
55410.82446820746	1.0001316138229321	0.00032036906716777425
55410.84490216171	0.9997362519888783	0.00032036366812358423
55410.8653359155	1.0004072351644848	0.00032032555272353593
55410.88576976928	1.0001074217320651	0.00032031226115249026
55410.9062037226	1.0001727535346017	0.0003204119163551661
55410.92663747592	0.9991591308072153	0.00032028026606860773
55410.94707132901	0.9994358285939263	0.0003202994377670477
55410.96750528163	0.9997033128525312	0.00032031441379253397
55411.00837288664	1.0006757543976141	0.0003204130297638623
55411.028806838796	1.0001035657200774	0.00032034286332322654
55411.04924069048	1.0003884817706548	0.00032038202063761214
55411.06967444217	0.9997362144823558	0.0003203128412079555
55411.0901083941	0.9994527750049884	0.00032025705251324793
55411.11054224532	0.999653565952654	0.0003203195085520619
55411.13097599608	1.0000761866358192	0.0003203590482085368
55411.15140994684	1.0005617576558379	0.00032031157914641327
55411.17184379736	0.9994989185079257	0.0003202831729666249
55411.19227774766	0.9998727540847384	0.00032033836154415706
55411.21271149772	1.0000185089345857	0.0003202991586022454
55411.2740130465	1.0001487203523407	0.000320341275629797
55411.29444689563	0.9996700335853999	0.000320291152013373
55411.314880844526	0.9990734418348077	0.00032024055092426233
55411.33531459319	1.0003919499353697	0.00032037694428038065
55411.355748441616	0.999631771743385	0.00032036082284047555
55411.376182289816	1.0006684397322603	0.00032036878909397746
55411.39661613778	0.9996283202050336	0.00032030209434452445
55411.45791768028	1.0005021235329665	0.0003203411765882841
55411.47835152731	1.0001195285412567	0.00032034060805407276
55411.49878537411	1.0000725038202452	0.00032031029231625646
55411.51921922068	0.9999243235136298	0.0003203264504791721
55411.53965316701	0.9998736017138657	0.0003203345048001375
55411.56008701335	1.0000249321890218	0.0003203521192003742
55411.58052075922	0.9998005862986498	0.00032027651192524783
55411.60095470485	1.0002028448121076	0.0003204027484910076
55411.62138855026	0.9997750582995925	0.00032032547946418905
55411.64182229543	0.99986756048591	0.00032029901422946235
55411.6622562406	1.0002363584543728	0.0003203182625157524
55411.682690085305	1.000206791233606	0.0003203919498533134
55411.70312382978	1.000119188487068	0.0003203280177985657
55411.72355777425	0.9992854637400608	0.00032025386152824116
55411.743991618256	0.9999968227451472	0.00032033043472437295
55411.76442536203	0.9998250372330938	0.0003203244176442524
55411.7848593058	0.9996164196613612	0.00032026571519892073
55411.80529314911	1.0005212077556895	0.0003204275846805832
55411.82572689219	1.0001934905233003	0.0003203557101226309
55411.84616083526	0.9998885748801235	0.00032036908279834086
55411.86659467787	0.9993926401733432	0.0003203119343679374
55411.887028620244	0.9997447343861503	0.00032032456023857106
55411.90746236262	0.9996307525992848	0.00032026744292537634
55411.927896204536	0.9996019369799765	0.00032029039965566304
55411.94833014645	0.9999813344081642	0.00032028845006406756
55411.96876388789	1.000137758185958	0.00032035276519894456
55411.989197729104	1.0000389566174093	0.0003203502592788223
55412.00963167031	1.000011363141767	0.0003203357952321604
55412.03006551106	1.0005774734279604	0.0003203607258063954
55412.05049925181	0.9996470090259384	0.0003203038086170758
55412.070933192095	1.0000574933742328	0.0003202913167219238
55412.09136693237	0.999898435791406	0.0003203312091427005
55412.11180077219	1.0000754277360668	0.0003203292382366425