55885.393194733784	1.0005841989400805	0.0003225877744726337
55885.41362757837	1.00006835157945	0.0003225791477295815
55885.43406052283	0.9995553633363735	0.00032258112407888427
55885.45449326718	1.0003333413061972	0.0003226485186252681
55885.47492621153	0.9996914118985112	0.00032260133425242153
55885.495359055756	1.0003069011211934	0.00032261132894327837
55885.51579189999	1.0007079216547117	0.00032271212451763184
55885.53622474411	0.9994890593803395	0.0003226091892172145
55885.55665758822	0.9999639864271941	0.0003225648889459092
55885.57709043222	1.000604480957055	0.00032260827567623824
55885.59752327622	1.0002241760514878	0.0003226914637118513
55885.6179561201	1.0003508935527836	0.00032265077822478497
55885.638388963984	0.9998395115031976	0.00032262425053282347
55885.65882180775	0.9997029832002378	0.00032259200919703595
55885.67925465151	1.0000065020089317	0.000322658834414367
55885.699687495166	0.9999225207361823	0.00032267240063615514
55885.7201203387	1.0000916233729022	0.0003225589262457286
55885.74055318223	0.9997156388048442	0.0003225071872133128
55885.760986125766	1.00031841161721	0.00032259426389625863
55885.781418869185	1.0001621923578587	0.00032264201198070494
55885.80185171248	0.9999789451838188	0.00032249775727755906
55885.822284655784	0.9998708259121134	0.00032259219384418616
55885.84271739908	1.0004611273541688	0.0003227288063393884
55885.863150342266	1.0009850001050749	0.0003226706103634311
55885.883583185336	0.9999447498157696	0.0003226005711778141
55885.904015928405	0.9996102541296064	0.00032256125446882775
55885.92444887135	0.9992903796027072	0.00032259764062871136
55885.944881714306	0.9998195494245308	0.00032256523536570487
55885.96531445725	1.0000844489737815	0.00032265617173052606
55885.98574740009	1.000140916454371	0.00032262380752698464
55886.02661298553	1.0002395818905598	0.000322669601152442
55886.04704592813	0.9999727668120763	0.0003226288371303137
55886.06747877073	0.9996166559705888	0.00032260242787182164
55886.08791171321	0.9999069749573959	0.00032266197159745496
55886.1083444557	1.0000413455246189	0.0003226622862929663
55886.12877729807	0.9997053094478358	0.00032266328571296213
55886.14921024044	0.9998937997833064	0.00032266870199567954
55886.16964298281	0.9997272459955898	0.0003226590190536573
55886.210508767195	0.999987575349957	0.0003226865596857814
55886.23094160922	0.9996973483183594	0.00032259920755949056
55886.251374351355	0.9998705876871935	0.00032259574517655334
55886.271807293255	1.0004625832776246	0.00032268699869686125
55886.29224013528	0.9999442157593874	0.00032263318799796454
55886.31267297718	0.9999694023047156	0.0003226743435798759
55886.333105818965	1.0000864382400534	0.0003226818803676209
55886.353538560754	1.0004339897626469	0.000322718405322124
55886.37397150243	0.9997162924221344	0.00032258750545638356
55886.39440434409	1.000435056389961	0.0003227631008210519
55886.41483708565	1.0000849508011211	0.0003227624257887565
55886.43527002721	0.999891130759846	0.0003226474661438509
55886.455702868756	0.9999954716794857	0.0003225946570402298
55886.47613581008	1.0000859299452123	0.00032274905627604583
55886.49656855152	0.9997875660949817	0.00032272926994988775
55886.51700139284	0.9995424551779751	0.00032263590391135884
55886.537434334045	0.9993618137186551	0.0003226688431073253
55886.55786707525	1.0000657130042372	0.00032272117674328016
55886.57829991645	1.0000050051568956	0.0003227289563089253
55886.59873285743	0.9998230799457384	0.0003227492613983524
55886.61916559852	1.0003026432025544	0.0003228055472134861
55886.639598439484	0.9997650256789765	0.0003226709342945467
55886.66003138034	1.0003854677935176	0.0003227083381542296
55886.6804641212	1.0002166045382082	0.00032268904942335454
55886.70089706205	1.0002729896353963	0.00032275104852274553
55886.72132990279	1.0000137733615213	0.0003226784627023948
55886.741762743535	0.9997608979589644	0.00032271881693613
55886.76219558415	0.9994984361630316	0.00032268444705490227
55886.78262842466	0.9997643918042673	0.0003226495752199495
55886.80306126528	0.9998927874860708	0.00032273655303890293
55886.82349410567	1.000501778680368	0.00032276827630577895
55886.843926946065	0.9998258750406323	0.00032267157944956327
55886.86435978646	0.9996920193394657	0.0003225768678718855
55886.88479272673	0.999512839412264	0.0003227096836002491
55886.905225467	0.9994461325705555	0.0003227246804920011
55886.925658407155	0.9998117909494505	0.0003227610338326274
55886.946091247315	0.9999186795254931	0.00032269076888362055
55886.966523987474	0.9997246576664643	0.00032272322133709125
55886.98695692751	0.9998811210494389	0.0003227728940613213
55887.00738966744	0.9999065634785909	0.0003227191366295975
55887.02782250736	0.9996988053480871	0.0003227098946469297
55887.04825544717	0.9993063091254023	0.00032269531956658854
55887.06868818698	0.9998088924802637	0.00032266446788398244
55887.08912112679	0.999773511781709	0.00032276015660659467
55887.109553966475	0.9999210342543222	0.00032274516998780523
55887.12998670617	1.000440350723027	0.0003227634954190014
55887.150419645746	1.0007366136600737	0.00032276672715442976
55887.17085248532	0.9998390282288838	0.00032270982124116954
55887.19128522478	0.9999714969008435	0.0003227619381291404
55887.21171816424	0.9998115962162276	0.0003227632026636427
55887.232151003576	0.9998292238686428	0.0003227133326921203
55887.25258374292	0.99999638818126	0.0003227473082424532
55887.27301668215	1.0000324219780692	0.00032276362698407403
55887.29344952137	1.000246543634431	0.0003227166935065507
55887.3138824606	0.9999560591703445	0.00032275623732818477
55887.33431519971	0.9999881931403982	0.0003227636001713498
55887.3547480387	1.0001580365015195	0.00032268154801073944
55887.37518097781	0.9998210944564626	0.000322675847790846
55887.39561381669	1.000446206785722	0.0003227477306495113
55887.41604655556	0.9997091878461932	0.00032268488194557717
55887.43647949444	1.0001941478483662	0.00032275781143230813
55887.456912333204	1.0000575854116982	0.0003227128262800677
55887.47734507196	0.9993946318153408	0.00032272987224267545
55887.49777801072	1.0002003266742294	0.0003227564852638167
55887.51821084937	0.9999234080677456	0.00032271789948107863
55887.53864368789	0.9997679744163019	0.0003227367929966456
55887.55907652642	1.0001281423804271	0.00032275165694028426
55887.57950936495	1.0002868766960307	0.00032270327670258275
55887.59994220336	1.0004974290146917	0.0003227454055022869
55887.62037504177	1.0000784737141541	0.0003227292283212705
55887.640807780066	1.00021443586921	0.0003227668892736118
55887.66124071836	0.9997486395805376	0.0003227503939146463
55887.702106494835	1.0010570552381057	0.00032279993278881746
55887.72253923289	0.9997973622274106	0.0003227037540134146
55887.742972070955	1.000028950053336	0.0003227276684156476
55887.76340500901	1.0003591647645917	0.00032275793045511726
55887.78383774696	1.0004697721840843	0.0003227056822281739
55887.80427058491	1.0003453565919591	0.0003228011308201493
55887.82470352274	1.0000487257012407	0.00032270112885431914
55887.84513626056	0.9995719939493054	0.00032269489404832387
55887.865569098394	0.9997892801809903	0.00032276015209502744
55887.8860020361	1.0000601516269108	0.0003227589974961923
55887.9064348737	0.9991554382592536	0.0003227150615249642
55887.926867711416	1.0004689990503435	0.0003227990412687237
55887.9473005489	0.9997625716208733	0.00032272964179391446
55887.96773338649	0.9998586024885252	0.00032278940452235103
55887.98816622397	0.9999286701809978	0.00032274844350165514
55888.00859906133	0.9999777006424608	0.0003227334664324378
55888.029031898695	0.9996030686809897	0.00032274460124928704
55888.04946473606	0.9998883119641957	0.00032279755429749185
55888.06989757331	1.0000133734125196	0.0003227721858579182
55888.09033041055	0.9999913300391524	0.0003228098982670337
55888.110763347686	1.0002476397802247	0.0003227842676550357
55888.13119608481	0.9999282603781158	0.0003227526511110527
55888.15162902183	1.0003277230319816	0.00032281353235440516
55888.172061858844	1.0000331541600809	0.00032282747788896205
55888.19249459586	1.0001122708407657	0.0003227526683619864
55888.21292753275	1.0001531798371768	0.00032280599457666686
55888.23336036965	1.0006717272475394	0.0003228190486148606
55888.253793106545	0.999689869295105	0.0003227802751603869
55888.27422604333	1.0006006498282725	0.00032283738514166007
55888.294658779996	0.9999255273040351	0.00032277285054864224
55888.31509171666	1.0001124147066942	0.00032280192905476113
55888.335524553324	0.999996738668086	0.0003227857258336962
55888.355957289874	1.0000127184013934	0.0003227489386163806
55888.37639022642	1.0001513111777394	0.00032281230196750646
55888.39682306297	1.0003937257309512	0.0003228200134276605
55888.4172557994	0.9997938576422394	0.0003227943570043475
55888.43768873583	1.000365880745049	0.0003227941682367246
55888.45812157215	1.0000891031633845	0.0003227789097990636
55888.478554408466	0.9996619170087737	0.00032275675432873115
55888.49898724466	0.9998321273084553	0.00032273358025361216
55888.51942008086	1.00030089991866	0.00032277948883602524
55888.539853017064	1.000064219814453	0.0003227863356574327
55888.56028575314	0.9993135213563332	0.0003227236377658083
55888.580718589226	1.0001314979310671	0.0003228039126517377
55888.642017097125	1.0000391736725593	0.000322735831203231
55888.66245003298	0.9998040114179759	0.0003227291824083615
55888.68288286882	0.9997438843619875	0.00032277278803010377
55888.70331570456	1.0000085973950168	0.00032274469502633935
55888.72374854029	0.9998786918414672	0.0003227516269853175
55888.74418137602	1.000341357840223	0.0003227717002197458
55888.76461431164	0.999749835191378	0.0003227532177424877
55888.78504704726	0.9999037966618047	0.00032279101258402655
55888.80547988276	0.9995372176927912	0.00032275278024793613
55888.82591271826	0.9993737404491492	0.0003227302440621988
55888.84634555376	1.0004455723580095	0.0003227894745182301
55888.86677838914	1.0000149705389754	0.0003227329452356616
55888.88721122453	0.9997032329830378	0.0003226954423537976
55888.90764405992	1.0003376303348201	0.00032274192264044856
55888.92807699518	0.9994832522069949	0.0003227151385591178
55888.94850973033	0.9998173267410222	0.0003227225112061863
55888.968942565596	0.9994729956618317	0.00032274047842211715
55888.98937550075	0.9997338585054978	0.0003227049796916895
55889.00980823579	0.9999792813408419	0.0003227371516685066
55889.030241070825	1.0003034103098523	0.00032279774359522174
55889.050674005855	0.9995715547101588	0.00032271866384359874
55889.071106740776	1.0002410162773736	0.00032277597285449447
55889.11197251061	1.0004484411248287	0.00032279702458787464
55889.15283818021	1.0001339067302268	0.0003228265866013748
55889.19370384959	0.9997935994867868	0.0003227843252185052
55889.21413668427	0.9997019645107301	0.00032276195919942043
55889.23456951884	0.9987321286119626	0.0003226318420235436
55889.25500235341	0.9972697859863924	0.00032254094393512794
55889.27543528798	0.9962858332611745	0.00032247890683496336
55889.29586802243	0.9960052514771431	0.0003224285521666696
55889.31630095689	0.9951761683641919	0.00032238050243353655
55889.33673379122	0.9955406784672325	0.00032242675778636166
55889.35716652556	0.9952842352956734	0.0003224127375068039
55889.3775994599	0.9954343948570831	0.0003224106153184329
55889.418465028335	0.9945993589140412	0.0003223516768315679
55889.43889796256	0.9949975233643241	0.0003223770700035735
55889.45933079666	0.9951674812087912	0.000322380137761868
55889.47976353076	0.9946981568114871	0.0003223492810006731
55889.50019646475	0.9946731629472114	0.00032241281671278215
55889.520629298735	0.9951184110131349	0.0003223679395347675
55889.541062132725	0.9945677473449976	0.00032235650176522295
55889.5614949666	0.9947474186418379	0.000322330044363526
55889.58192770058	0.9951685067319154	0.00032241638223799225
55889.60236063434	0.9947975375925331	0.0003223594925780915
55889.622793468094	0.9958397148819476	0.0003224032612516155
55889.64322630184	0.9955361782642291	0.00032240938494478894
55889.6636591356	0.995228081534992	0.0003223950991597818
55889.68409196924	0.9953201846803469	0.00032235662069530965
55889.704524902874	0.9951996560502165	0.00032233015378913476
55889.7249576364	0.9953680534766495	0.0003223655879662456
55889.74539046992	0.994943577192681	0.00032237748972818237
55889.76582340344	0.9956304575605089	0.0003224318435541329
55889.78625623696	0.9961035654625655	0.0003224803265227326
55889.80668897037	0.9957148590459544	0.0003224627707752995
55889.827121903654	0.996875098217045	0.00032250362510725147
55889.84755473706	0.9979974853823016	0.00032266297371705884
55889.86798747035	0.9992884716012141	0.00032272307119556384
55889.90885323681	0.9997733121509044	0.0003227659659239574
55889.92928616998	0.9993492189868914	0.00032273115995687894
55889.94971890304	0.9999485268420969	0.00032274776339790047
55889.970151736095	1.0001948851575004	0.00032274240676945053
55889.99058466915	1.000033805899782	0.00032279619159094914
55890.011017402205	1.00022641249341	0.00032282770018574037
55890.03145023515	0.999907935596772	0.00032277237963687904
55890.05188316808	1.0000970117702113	0.0003227548096532692
55890.09274873385	0.9999185735616599	0.0003227717065952505
55890.11318166655	0.9999180814873623	0.00032274806645667646
55890.133614399376	0.9996970667584034	0.0003227492455661705
55890.154047332086	0.999986448611914	0.00032278110500985326
55890.17448006479	0.9995772919926891	0.00032275820932280256
55890.19491289738	1.0002082498418692	0.0003227925536285035
55890.21534582997	1.0000701289816938	0.00032270558728188855
55890.235778562565	0.9995771601775552	0.00032270902404982286
55890.25621139515	0.9997408562862276	0.00032276056101405076
55890.27664432763	0.9996842179241258	0.00032270466693743555
55890.297077060095	1.0008047390970654	0.0003228588988122338
55890.317509992456	0.9998624053194013	0.00032277017035937033
55890.337942824815	1.0003111688911828	0.0003228140178645558
55890.35837565717	1.000182372158389	0.0003228219021651316
55890.37880848953	0.999330675438467	0.00032273403478958444
55890.39924132177	0.9999388789045764	0.0003227388321538131
55890.41967415389	1.000167834727468	0.0003227518645248873
55890.440106986134	1.000046985986302	0.0003227499370484763
55890.46053981826	1.000566174186291	0.0003228265463978458
55890.48097265038	1.000347650015267	0.0003227870499617636
55890.50140558239	1.0000953831730004	0.00032277526768431354
55890.5218383144	0.9999145043231429	0.0003227206544533299
55890.542271246406	1.000215462214617	0.0003227661172665353
55890.56270407842	1.0003877024675587	0.0003228077840533503
55890.58313681031	1.0005589083096733	0.00032284718695564787
55890.6035697422	1.0001146177429925	0.000322759626980722
55890.624002573975	1.0001885970171296	0.00032281943091526843
55890.64443530587	1.0001367416844513	0.0003227322842057202
55890.66486823764	1.0002872722918696	0.00032278436349553603
55890.6853010693	0.9999732600183142	0.00032275528413866896
55890.70573380096	1.0001429036389076	0.0003228320857109324
55890.72616673262	1.0007833423357677	0.00032279695879191937
55890.74659956428	1.0000678794832438	0.00032280694971508774
55890.76703239582	0.9999335973698074	0.0003227351355585661
55890.78746522736	1.0001699163016913	0.00032272504160850375
55890.807898058905	0.9997913593520946	0.00032275945428570003
55890.828330890334	0.9998020532564063	0.00032273113009035536
55890.84876372187	1.0001925997307957	0.00032277923223464377
55890.86919655318	1.000213394075634	0.0003227959998939566
55890.88962938461	1.00047601802343	0.0003228252698569339
55890.91006221592	1.0000196940823791	0.0003227785480723566
55890.93049514723	1.0002792031163363	0.0003228260681874446
55890.950927878424	1.000252524258262	0.0003227570744676313
55890.97136070961	0.9999451635202945	0.0003227200826843485
55890.99179364081	0.9995274210764665	0.0003226920962639048
55891.012226472	1.000017257705639	0.00032275332665450195
55891.053092134156	0.9997538143351083	0.0003227657433522259
55891.07352496523	0.9998751195416529	0.0003227244864466397
55891.09395769619	0.9999522476818925	0.00032268070763202784
55891.11439062715	0.9999325306544075	0.00032269826673714133
55891.13482345811	1.000081109938808	0.00032276349851383535
55891.15525638907	0.9998884438737344	0.00032271109178458877
55891.19612195076	1.000578306508162	0.00032282979432485964
55891.21655488149	1.0001673940128661	0.0003227277943955011
55891.236987612334	1.0000679948592706	0.0003227766006373998
55891.25742044306	1.000080564624623	0.0003227620145587917
55891.27785337367	0.9997178184324561	0.00032272494228464596
55891.2982861044	0.9997666064601396	0.00032273948389509766
55891.31871903501	0.9995016363627007	0.00032268492243098473
55891.33915186562	0.9999785888154709	0.0003227355031113173
55891.35958459612	1.0003633812728188	0.0003227622427698007
55891.38001752661	0.9999210525480801	0.00032274522867844216
55891.400450357105	0.9998751946822334	0.0003227887256329039
55891.4208831876	0.9995727001308851	0.00032268411537743867
55891.44131601809	1.0001282601577157	0.0003227275824185461
55891.46174884847	1.0000489415765652	0.00032281148540414743
55891.48218167874	1.0002008073580164	0.0003227699190683429
55891.50261450911	0.999804031841412	0.0003227736942639254
55891.523047339375	1.0000866540562159	0.00032280052347593153
55891.54348016964	1.0001590679335635	0.0003228086788220113
55891.563912999896	0.9995012734180458	0.00032271679057187464
55891.584345830044	0.9994127407294986	0.0003227682370726365
55891.60477866019	1.0003075406179052	0.0003227834199019729
55891.62521149033	0.999903751203402	0.00032276019658418725
55891.64564432048	1.0001606840268735	0.0003227888691999555
55891.66607725051	1.0002314924895375	0.0003227522733899158
55891.686509980536	0.9997064927044844	0.00032274430992063367
55891.70694291057	1.0000995417032048	0.0003227665450425442
55891.72737574048	1.0005553565489225	0.0003228284010330545
55891.74780847039	1.000062047907475	0.0003226996323477365
55891.76824140031	0.9993753566568084	0.00032270548707934675
55891.78867423022	1.000100622645257	0.00032284622771862624
55891.82953988981	0.9999940742224808	0.0003227710583334215
55891.8499727196	0.9996441972386083	0.00032282567456819205
55891.8704054494	1.0002900113019815	0.0003228177994761856
55891.890838379084	1.0003437616358828	0.00032286153912343564
55891.911271208766	0.9997810074686174	0.0003227975416061972
55891.95213686801	1.0002572489494452	0.0003228794939441224
55891.972569697566	0.999911623996408	0.00032280879247601504
55891.99300262713	1.0006639017663594	0.00032285290539854503
55892.0134353567	0.9998478580117768	0.00032284799012875776
55892.03386818615	0.999914929571596	0.0003228867502577593
55892.054301115706	1.0001587556305251	0.0003228087163876335
55892.07473384504	0.9996956894438032	0.0003227858948384234
55892.09516667448	0.999936401836565	0.0003227871760538404
55892.11559950381	1.0000061049339055	0.00032283579003202737
55892.176898091806	0.9995794300233577	0.0003227454282825687
55892.19733082108	1.0000236030103125	0.00032282054932304335
55892.21776375029	0.9999227280665935	0.00032285132843870725
55892.23819657945	1.0003630062958115	0.0003228088689913075
55892.258629308664	1.0003515035381196	0.0003229178637793919
55892.27906223776	0.9999515505800753	0.0003228405637479228
55892.29949506686	0.9994966170962668	0.00032279959169296787
55892.31992789596	1.0000184355184623	0.0003228384455889764
55892.34036072499	1.0003266036883323	0.0003228744309805703
55892.360793554035	1.000225873632372	0.00032278207898067695
55892.38122648302	1.0000839773767674	0.0003228675288598416
55892.401659211995	0.9999636354845267	0.00032283410219457716
55892.42209204092	1.0004160944841767	0.0003229186636550185
55892.44252496979	1.0004182054445236	0.0003229039085504693
55892.462957698706	1.0004296314769305	0.00032287815740042984
55892.483390527515	0.9996375191006441	0.0003228792187838372
55892.503823456325	0.9996831182659458	0.00032285436189033093
55892.52425618513	0.9995166224333926	0.0003228365292940176
55892.54468911388	1.0007426830260335	0.00032289817876308
55892.56512194263	0.999423488082422	0.0003228367456046536
55892.585554671314	1.0002205076607562	0.0003228708686861001
55892.60598760001	0.999581187310897	0.00032275516266813285
55892.62642042864	1.0001665645736086	0.0003228892236957308
55892.64685325727	0.9996544814957293	0.0003228153041167261
55892.667286085845	0.9998811028754727	0.0003228185708249949
55892.68771891448	1.0000929010707018	0.0003228290848675698
55892.70815174299	1.0002507099647315	0.000322842529059883
55892.72858457151	0.9997117585448988	0.0003228177590583174
55892.74901739997	1.000644324406137	0.0003229167928164596
55892.76945022842	0.9999720447713023	0.0003228497643522553
55892.81031588528	0.9998011400589575	0.0003228817016058364
55892.83074881362	1.0005095128847716	0.000322954178741741
55892.85118154202	1.0000970833914582	0.00032291325201920995
55892.871614370306	1.0008227893018549	0.00032296258080462227
55892.91248002687	1.0005543718840801	0.00032290684543739216
55892.93291295515	0.9993237262202693	0.0003227667791308488
55892.953345783375	0.9999656580785823	0.0003228747695925087
55892.97377851154	0.9998067662309629	0.0003228564757400177
55893.014644267874	0.9997845354821108	0.00032282937400050034
55893.035076995984	1.0003013801631613	0.00032288621652455446
55893.05550992409	0.9998908504643514	0.000322909490996082
55893.07594275214	0.9997532711726492	0.0003228592504743234
55893.096375680194	0.999464521624794	0.00032282618761119667
55893.11680840819	1.0004643856036757	0.00032287519961679025
55893.137241236174	0.9998939857884189	0.0003227950566473243
55893.15767416411	1.000064762327938	0.00032291452648968273
55893.1781068921	0.9997351183209737	0.00032285878754291405
55893.198539719975	1.0000810785198613	0.00032287636009963754
55893.23940537573	1.0000657789867973	0.00032285752365709193
55893.2598382036	0.9996385870150148	0.0003227724751499624
55893.28027113136	0.9993113858101282	0.00032279874739537276
55893.300703959176	1.0003302578572721	0.00032286287450334245
55893.32113678694	0.9996688923030843	0.000322838444255915
55893.3415696147	0.9999881472141027	0.0003228567677142925
55893.362002442394	0.9993587180716611	0.0003228101828105928
55893.3824352701	1.0002235525902716	0.0003228282583525425
55893.40286809774	1.000595125428763	0.00032288565585218227
55893.42330092538	1.0003303836377488	0.00032285339643896315
55893.443733753025	1.0000892629969567	0.0003228240319019485
55893.46416658061	0.9999536437288302	0.000322809898645679
55893.48459930819	0.9991107740685147	0.0003226432116308086
55893.50503223572	0.9999672951570606	0.0003227622169543974
55893.52546506325	1.0001332560366318	0.00032287446113898796
55893.54589799077	1.0000099625133736	0.00032286954297254056
55893.56633071824	0.9996158015517878	0.00032282462796472973
55893.58676354571	0.9996385811804713	0.0003227831016682773
55893.607196473116	0.9995636886768826	0.00032286098678696785
55893.627629200586	1.0003240473170836	0.0003228201761271556
55893.64806202794	1.0003852780773608	0.00032288916191831044
55893.66849495529	0.9996128000274079	0.00032286916479964175
55893.68892768264	1.000084800691608	0.0003227999332129431