56129.41234433863	1.000178663739608	0.00033455124464039913
56129.4532126547	0.9996206119242238	0.0003347401262259756
56129.473646762504	1.000205409725427	0.00033478220450640123
56129.51451497764	1.0000692326751424	0.0003347646483116611
56129.555383192084	1.0000566190781497	0.0003347689915783976
56129.57581729896	1.000323028371394	0.0003347618311158075
56129.596251405834	1.00041314196552	0.0003347646411835714
56129.616685612236	1.0001054299096617	0.00033480248723423585
56129.65755372505	1.0001714538757722	0.00033474446806146474
56129.67798793099	1.000322604927103	0.00033475676547341145
56129.69842193693	1.000151097346525	0.0003347828752157481
56129.718856042644	0.9996014106354915	0.00033471798138464114
56129.73929024835	1.000237137620089	0.0003347639637871931
56129.75972425359	1.0005073874305668	0.00033478784905392685
56129.78015845883	0.9999827992370439	0.00033476651156120167
56129.80059256384	0.9998257942809752	0.00033472659682300566
56129.821026568854	0.9995380420860592	0.0003347182724322456
56129.841460773394	1.0011090149398032	0.00033481390184312215
56129.86189487794	1.0002591718229796	0.0003347420255298027
56129.882328982254	0.9993808269395776	0.00033473238769468996
56129.90276308656	0.9997955184826368	0.00033471806536488827
56129.92319719041	1.0001014598740974	0.0003347220043513055
56129.943631294256	1.00008660615769	0.00033476956079856764
56129.964065397864	1.000810130674579	0.0003348124636050482
56129.98449950148	0.9997509154463233	0.00033473838851476377
56130.00493360463	0.9999740708156998	0.0003347103909319521
56130.02536770777	0.9984607181986875	0.00033454940417395305
56130.04580181069	0.9969146521901805	0.00033442292617424967
56130.066235913604	0.9967372081753834	0.00033440491805436376
56130.08667001605	0.9959946460503377	0.000334365073664588
56130.1071041185	0.9961725716467056	0.00033438423223520694
56130.12753832095	0.9956574227242558	0.0003344086516226978
56130.14797232293	0.9953382691890807	0.00033436295194992725
56130.16840642491	0.995315430731205	0.00033435824815132353
56130.18884062643	0.9950136288937993	0.00033431909223840167
56130.20927462818	0.9958140490633512	0.00033436536668525447
56130.229708729465	0.9952317357574797	0.0003343405619233252
56130.25014293075	0.9953821501478713	0.00033436610935773744
56130.2705769318	0.9950089680364976	0.00033433093201982225
56130.29101113262	0.9946241378524168	0.00033429768191954606
56130.31144523321	0.9951493107926177	0.00033429781193432034
56130.33187923379	0.9948550110042546	0.00033428961408443265
56130.352313434145	0.9952257690691286	0.0003343482194390802
56130.37274753427	0.995372403818794	0.0003343400526691706
56130.39318153415	0.9950694925770439	0.00033435614473911724
56130.41361573404	0.9946937132238844	0.00033430829049371536
56130.4340498337	0.9954540965111132	0.00033434673911045124
56130.454483933114	0.9949907638456634	0.0003343305112396738
56130.47491803254	0.9956598113749815	0.0003343392175029031
56130.4953521315	0.9948579131723919	0.0003343045619733596
56130.51578623045	0.995639794420277	0.000334348066875919
56130.53622032917	0.9953822439788086	0.0003343177118019174
56130.5566544279	0.9957876980333692	0.00033438528313223985
56130.59752272441	0.9957303809561973	0.0003343638950701568
56130.63839092046	0.9972878114129191	0.0003344672629846609
56130.65882501802	0.9994010116417571	0.0003346047030352621
56130.67925901558	0.9996916422789973	0.0003346230819016294
56130.699693212904	0.9995916923751554	0.0003346603221440733
56130.72012721023	0.9996832065320812	0.00033461102578707355
56130.740561307095	0.9998714747085623	0.0003346304457543915
56130.76099550395	0.9999741109013306	0.00033464953734253127
56130.78142950058	1.000469896497175	0.0003347383982672175
56130.80186369721	0.999710950383714	0.0003346358831773654
56130.82229779337	0.9994639358773816	0.0003346432393141161
56130.84273178953	0.9998385234951411	0.00033464560138102013
56130.86316598546	0.9995749041242139	0.00033461270726215826
56130.88360008116	1.0000586675705654	0.00033468505523433093
56130.904034076855	1.0000362655911523	0.0003346221408954974
56130.92446827232	0.9995393624441566	0.00033461914358783295
56130.96533646255	0.99981260878345	0.00033463877024417357
56130.98577055754	1.000507595985313	0.00033468971045380987
56131.006204652076	1.0001199332609676	0.00033467741918210035
56131.02663874661	1.000217675306695	0.0003346502573399268
56131.047072841146	0.9995015587817535	0.00033462182543689565
56131.06750693521	0.999633937983415	0.00033468652103432257
56131.08794112928	1.0001862880607943	0.0003346869135113332
56131.108375223106	1.00035243513417	0.0003346370620284278
56131.12880921671	1.0000532568033316	0.0003346586019176752
56131.14924341031	0.9998526588564893	0.00033464413027995646
56131.16967750344	1.0002550620884552	0.00033463809158897404
56131.19011149658	1.0001676666879071	0.0003346691611365688
56131.210545689486	0.9999071542664009	0.0003346458975706824
56131.25141377482	1.0001243267733644	0.00033467179000577166
56131.29228205946	0.999755975920003	0.00033462871478628106
56131.31271625167	1.0004570865368754	0.00033469624801779526
56131.33315024341	1.0005264518546995	0.0003347160657890293
56131.35358433514	0.9996542748542847	0.000334627286496331
56131.37401842665	0.9997942756112175	0.0003346035033331365
56131.39445251816	0.9998633943032043	0.00033461853187288884
56131.4148865092	0.9994921038817837	0.00033458371391365904
56131.435320700235	0.9994903414591044	0.0003345750306554119
56131.455754791044	0.9998115740730957	0.00033459235189006823
56131.476188881614	1.0003449551058852	0.00033466871427395594
56131.49662297219	0.9998026590518363	0.0003346265483353329
56131.5170570623	0.9997370790761813	0.0003346057027539967
56131.537491152405	1.0000087432661597	0.000334622478907661
56131.557925242516	0.9999415526868279	0.00033467295464263507
56131.57835933216	1.0002613585142457	0.0003346641355417057
56131.5987935218	0.9999149192686511	0.0003346114186242932
56131.61922751121	1.0001562848364973	0.00033464639848726475
56131.63966160039	0.9998219289968658	0.0003346513778888176
56131.66009578933	1.0002688115071745	0.00033467836507880284
56131.68052987828	1.0001496391046434	0.0003346638771701989
56131.70096386699	1.000512194927096	0.0003346634353744197
56131.721398055466	0.999960800661159	0.00033462467852999635
56131.741832143714	1.0001071834022688	0.00033462592838979165
56131.76226613196	0.9994432132286066	0.00033451026298492983
56131.78270031974	0.9999060793328808	0.00033459317407911755
56131.80313440752	0.9994917409206604	0.0003345866174606141
56131.8235683953	0.9999023136156191	0.00033458872267131843
56131.84400258261	0.9997913849964883	0.00033459147230712063
56131.86443666993	1.000286901005435	0.0003346520163578817
56131.884870857015	1.0000640147857294	0.0003346441774541962
56131.90530484386	0.9996677715297481	0.0003346115493442555
56131.94617311709	0.9999905875394203	0.0003346492733192877
56131.96660710347	0.9993437902650554	0.00033456849214818287
56131.987041189626	0.9998444468328164	0.00033465951926334354
56132.007475275546	1.0003339500230743	0.0003346381865233599
56132.02790936146	1.0006763655723927	0.00033461586259167666
56132.048343447146	0.9996419052337187	0.0003345978138354761
56132.06877753259	1.000155570750057	0.00033461027289123733
56132.089211617815	1.0002507152371807	0.0003346614613455552
56132.109645802804	0.9999765960729617	0.0003345926142812834
56132.130079887786	0.9997053897928461	0.00033459343180747975
56132.170948057064	0.9998752347031287	0.0003346212499889711
56132.19138214158	1.0000186442530135	0.000334610965053856
56132.21181612564	0.9999715990943406	0.00033463028307772997
56132.232250309695	0.9996383151563134	0.00033457525949791295
56132.25268439351	1.0001377887410066	0.0003346548674665781
56132.2731183771	1.0001051181218388	0.0003345729488851412
56132.293552560695	0.9995290912026557	0.00033458677781295765
56132.31398664405	1.0000067550918075	0.0003346103339028068
56132.33442062717	0.999778180130132	0.0003346037793296929
56132.354854810066	1.0000130371739613	0.00033459601050132663
56132.37528889272	1.0001292481643969	0.0003346758908747926
56132.39572307538	1.0003562362015073	0.0003346566045168668
56132.436591139995	0.9996227675935009	0.00033454907543171563
56132.45702532196	0.9999658609483204	0.0003346101026371717
56132.47745930392	0.999106891508176	0.00033453807396126675
56132.49789338564	0.9999218381797749	0.00033459841966022055
56132.51832756714	0.9996989057462178	0.0003345540668052008
56132.5387615484	1.0001283638916794	0.0003346340027564088
56132.55919562942	0.9998282359228507	0.0003346051946883686
56132.579629810454	0.9998864577352325	0.00033458621905000914
56132.60006389125	0.9992502867135641	0.00033461095286409904
56132.62049797181	0.9999506734722867	0.00033462718026038577
56132.64093205214	1.0000023902803605	0.0003346308370256764
56132.66136613247	1.000360597959183	0.00033461928392938947
56132.681800212566	0.9998471628415618	0.00033465481038662037
56132.70223429243	1.0003093922200308	0.00033462219282404744
56132.722668372066	0.9999205496700493	0.00033460384976433094
56132.74310245169	1.0005415677786322	0.00033468347558085335
56132.76353653086	0.9997709008041906	0.0003345922927358521
56132.78397051003	0.9997843310364904	0.0003345497010384478
56132.804404688955	0.999666170423571	0.0003345516484861749
56132.82483876789	0.9999462522956631	0.0003346296014855413
56132.84527274636	0.9993833850992228	0.00033459433309668935
56132.86570692482	0.9997134020449949	0.0003345620324639151
56132.88614100306	1.000096822750317	0.00033458876177991224
56132.92700915906	1.000209057315346	0.0003345796779895904
56132.9474432366	1.00009083672864	0.0003345960177426765
56132.967877414136	0.9999973361738332	0.000334633167775968
56132.98831139143	0.9997374905571778	0.00033467668042913833
56133.02917964557	1.0002618419776181	0.0003346204505746013
56133.04961362241	0.9996217276310456	0.0003345703826717783
56133.07004769902	1.0000362465900183	0.00033459970195656393
56133.09048187539	0.9998680324413722	0.00033465686302675804
56133.11091595176	0.9997444871662	0.00033460359249507204
56133.131349927666	1.0003485815232895	0.0003346725432356139
56133.15178410357	1.0000891733991812	0.00033461785423115673
56133.21308633013	1.0003151468961258	0.00033466610066076695
56133.23352040533	0.999934065830857	0.0003346102970702125
56133.25395448031	0.9997429946460956	0.0003345998430149357
56133.294822629556	0.9999934510725068	0.0003345286297806751
56133.31525680407	1.0002605191415965	0.0003346389832523903
56133.335690778345	1.0006022393128178	0.00033467317853282265
56133.356124852384	1.000122595970799	0.00033458587924806187
56133.39699299977	1.0002068964618227	0.00033463669422124486
56133.4378611467	0.9999546124955576	0.00033457793482995993
56133.45829521981	1.00020191709966	0.000334612923329527
56133.478729392686	1.0000747847213445	0.00033460041957355125
56133.499163365566	0.9998975339505541	0.00033454793848738083
56133.51959743821	0.9996575887758157	0.00033451214736760296
56133.56046558281	1.0000995387562193	0.0003346361464030567
56133.58089965476	0.9999665229562882	0.00033455866222561174
56133.6013338267	1.000235757599801	0.0003346127814943051
56133.62176779842	0.9999057993844274	0.00033461798400123894
56133.642201869894	1.000548041813474	0.0003346898026493748
56133.66263604115	0.9995520482921242	0.0003345306489470661
56133.683070112165	1.0008202429834054	0.0003346433429398506
56133.70350418318	1.0003926828076783	0.00033464416572616515
56133.72393825396	1.00031211064693	0.0003346091314238953
56133.744372324516	0.9998090036038004	0.000334675739920985
56133.76480639483	0.9998068933453987	0.0003346891202781404
56133.78524046515	1.0003000165949736	0.00033467739208257254
56133.80567453524	0.9997059067054908	0.0003347089364428585
56133.846542674706	1.0005953842915474	0.0003347588049205828
56133.866976744095	1.0000247560364182	0.0003346739508175299
56133.88741091348	1.000071029890529	0.0003347174578897554
56133.94871312001	1.0006167396749375	0.00033470948343493107
56133.9691470887	0.9997105951324043	0.0003346424842356894
56133.98958125692	0.9996145093454308	0.0003346735642788348
56134.01001532514	1.0002413779272676	0.0003347485419286873
56134.03044929313	1.0003621160985718	0.0003347189297810178
56134.05088346089	0.9992715531408085	0.0003346136524989174
56134.071317528644	1.0004463641838728	0.00033474864067680994
56134.09175149617	1.0001872900544868	0.0003346755155354681
56134.11218566323	0.9997061901285209	0.00033468001942627706
56134.132619730284	0.9992325874726533	0.0003346386932707332
56134.153053697344	1.0003484178826403	0.0003347666373945836
56134.17348786394	1.000077018078861	0.00033467821141872545
56134.19392193053	0.9997033412133699	0.00033467407985579534
56134.21435589689	0.9999061629793806	0.0003346987980276304
56134.23479006302	0.99996005919616	0.000334689258441573
56134.275658194805	1.0003363378670933	0.00033472047576353967
56134.296092260236	0.9998052523527575	0.00033471696400091646
56134.31652632566	0.9998454585988233	0.00033465141695927043
56134.33696049086	0.9998958864528679	0.0003346857807684867
56134.357394456056	1.00011444255578	0.00033468703929988584
56134.37782852078	0.9999751843698953	0.0003347151587190943
56134.398262685514	1.0003417347654406	0.0003347122668049485
56134.41869665001	0.9999053732735419	0.000334697586218777
56134.43913071427	0.9998294274968231	0.00033472856153415604
56134.45956487831	1.0005186649260778	0.0003347442232703675
56134.47999884234	1.000495127009168	0.00033471949493392184
56134.500432906134	1.0001143355873243	0.0003346864347264047