55403.795207866766	1.0000009328439752	0.0003200219510074183
55403.81564179738	0.9999403445772871	0.00032005241456508
55403.83607572777	0.999629679535122	0.00031997075606640657
55403.856509657926	0.9996663706713286	0.00031998777552604723
55403.87694358784	0.9999981572885076	0.00032005894455920436
55403.897377517766	1.0000923384169749	0.0003199937379708531
55403.917811447216	0.9999953547766626	0.00031998706372931115
55403.93824537644	0.9994624136217779	0.00031997216497550577
55403.95867940567	0.9999643506491449	0.00032004972627445343
55403.97911323466	1.000070416281881	0.00032002067083722265
55403.99954716318	1.0005503241317415	0.00032008767427784427
55404.019981191705	1.0003775719214998	0.0003200431853684501
55404.04041501999	0.9994867156825872	0.00031999304343790336
55404.06084894805	0.9993348122132939	0.00031999289991120085
55404.08128297588	1.0000367153006307	0.0003200006910661477
55404.101716803474	0.9999121928794651	0.0003199753033991953
55404.12215083083	1.00057401331543	0.0003200361222592513
55404.14258475796	0.9996257401697926	0.0003199733577527324
55404.16301858485	1.0001361279207013	0.00032001594607097383
55404.183452611745	1.000118153132829	0.00032003129427118996
55404.224320364374	1.0000354720296483	0.0003200306006789362
55404.244754390566	1.0006385699390445	0.0003201150413119126
55404.28562224202	1.000041551927596	0.000320045700402412
55404.30605616752	0.9996287859650482	0.00031999402256014726
55404.32649009279	0.9996847616068043	0.00032001615120709606
55404.34692401782	1.000421014167946	0.0003201842530606645
55404.36735804262	1.00014710054201	0.00032012388888873357
55404.387791867186	1.000003602249092	0.00032001512522397343
55404.408225791514	0.9998071331191959	0.00032003689421051417
55404.42865981562	0.9997607956646333	0.00031997426942802833
55404.44909363949	0.9997513394344358	0.000319996033804305
55404.46952766312	0.9998398733106176	0.0003200400510310461
55404.48996148675	0.9998509690548547	0.00032010806113354505
55404.510395409925	0.9994968389544477	0.0003199871985637328
55404.53082943286	0.9996464880367453	0.00031998468242456883
55404.551263255795	1.0002161809587142	0.00031997456547966873
55404.5716971785	0.9999174057004516	0.0003200640109224919
55404.592131200734	0.9998135989800967	0.00032008458635920364
55404.61256502297	0.9996920378539934	0.0003199989198158757
55404.65343296675	0.9999541241298583	0.00032010279831457103
55404.673866788056	0.9999018737693995	0.000320001729017168
55404.694300709365	1.00082885124302	0.0003201411880478352
55404.71473473067	0.9998587854655423	0.00032004134949018275
55404.73516855151	1.0003685170608552	0.00032004096044469264
55404.75560247212	1.000138056471216	0.0003200404177125726
55404.77603649249	0.999571351402329	0.00032001625172333093
55404.796470412635	0.9994112091538206	0.00032000422507870777
55404.81690423278	0.9993032700000186	0.00031997720405808243
55404.83733825245	1.0007939598823472	0.0003201152190163222
55404.85777217213	0.9996643983557431	0.000320014132550382
55404.87820609134	0.9992767554626452	0.00031996574646237755
55404.89864001055	1.0001144968549998	0.00032007068529798567
55404.91907392953	0.9999886938765638	0.0003200557828301699
55404.939507948046	0.9996295041856961	0.00032001652075781014
55404.95994176655	0.9997805065590991	0.0003200595632323259
55404.980375684834	0.9992828916621352	0.00032009282549505866
55405.00080970288	1.0007722333552345	0.0003202149010503654
55405.02124352069	1.000185602823157	0.00032011273387095505
55405.041677438276	0.9997733929437971	0.00032015447880201037
55405.06211145563	1.0001066049525345	0.0003200347763382277
55405.08254527274	0.999882892703051	0.00032002400732395906
55405.102979189855	0.9999306385899833	0.00032020505747898197
55405.12341310651	1.0003317959394984	0.00032007147873413497
55405.14384702292	1.0001632016717203	0.0003200448558589176
55405.16428093934	0.9997977436587534	0.00032006503032443206
55405.18471485529	1.0004976223274598	0.0003201138001683462
55405.20514877124	0.999945101839397	0.00032005581765444087
55405.22558278696	1.0002990591297092	0.0003201759181802512
55405.246016602214	1.0000860561670009	0.0003201421728808098
55405.26645051746	1.0004703055110769	0.00032008219737727654
55405.286884532485	1.0005974732877738	0.0003200370336675933
55405.307318447274	1.0002329829735541	0.0003201337984958288
55405.32775226182	1.000430528762272	0.00032012252826030084
55405.34818627615	0.9995863196524281	0.0003200036564956948
55405.36862019023	1.0000360254660514	0.0003200926203690042
55405.38905400409	0.9999612325525092	0.0003200696772008491
55405.409488017714	1.0001712596851544	0.000320048516448219
55405.42992193111	0.9995526700733149	0.0003201229627857446
55405.47078975742	0.9997868576101384	0.0003201347524145736
55405.491223670106	0.9995063629210781	0.00032001233512192364
55405.5116574828	1.000025628290835	0.0003200919038916762
55405.53209149503	1.0003141204918518	0.0003201051863330422
55405.552525407256	0.9999355272307805	0.0003201772503318007
55405.57295941901	0.9999131365849195	0.00032017628170779384
55405.593393230774	1.0005412084617435	0.00032016088895997307
55405.6138271423	0.9999286404919531	0.0003202283886805426
55405.634261153595	1.0004024910572558	0.00032025583308791905
55405.65469496466	0.9999988499782214	0.00032024575798616714
55405.67512887549	0.9996615462470271	0.0003200513006613399
55405.69556288608	0.9999365789931992	0.00032033567722617644
55405.71599669645	0.9997295151472044	0.0003202596085333765
55405.73643060657	1.0002406144961824	0.00032035920586201666
55405.75686461647	0.9997196392174689	0.000320225652805317
55405.77729852614	0.9993334145268947	0.00032017889987258466
55405.79773233557	1.000344971829735	0.00032033040953336926
55405.818166345	1.0002841310696382	0.0003203395232044771
55405.83860025397	1.0000851007352478	0.000320269695320036
55405.879468071435	0.9994512246047653	0.0003202549913312285
55405.89990187994	0.9996761031873049	0.000320194846087167
55405.92033588797	0.999860364215808	0.0003202885127133609
55405.96120360381	1.0004106173436103	0.0003202908003815191
55405.98163761114	1.0002596500896495	0.00032025482900571175
55406.00207151848	0.9997958375870482	0.0003201809461893533
55406.022505325585	0.9998411482836769	0.0003202295311000536
55406.04293933245	0.9996635248922349	0.00032027834259081884
55406.06337323909	1.0002403504562396	0.0003203032459891589
55406.0838070455	1.0008518606590688	0.00032033545484160377
55406.10424105167	1.000181931645637	0.0003203035865653872
55406.12467495761	1.000131703691206	0.00032032023798360187
55406.16554276902	1.0002065060001286	0.00032029294557296337
55406.185976674264	0.999679353432458	0.00032025694765705
55406.22684448428	0.999872411589314	0.00032030234395764433
55406.24727838882	1.0007113956340878	0.0003203228729286989
55406.26771239337	1.0008487306428007	0.0003203578397060572
55406.28814629744	1.000275092738489	0.000320300027806514
55406.30858010152	1.0000027850649849	0.0003202813525766626
55406.329014105366	1.0000369743488537	0.000320264578652106
55406.34944800897	1.000278247562919	0.0003202395806240315
55406.36988181212	1.0000294063181625	0.00032026280543723327
55406.39031581527	1.0000028519692217	0.0003202415803400258
55406.410749718176	0.9993902736578069	0.00032020743366216757
55406.43118352086	1.0004674251355714	0.0003203024656607629
55406.4516175233	0.9999533156684484	0.00032030381032036243
55406.47205142552	1.0001965665638362	0.00032027861011672213
55406.4924852275	0.9997381675520658	0.0003202573897662468
55406.53335303076	0.9999338086661957	0.00032023595697908526
55406.55378693228	0.999598942658052	0.0003202867754968563
55406.574220933326	1.0003269225255988	0.0003203344237453855
55406.594654834145	0.9997801708927525	0.00032029581384533575
55406.615088734965	0.9998018713456444	0.00032025361200889067
55406.63552263532	0.9996374569777562	0.0003202333485698663
55406.655956535666	0.9992039051209946	0.0003202258958055725
55406.676390435554	0.9994566882406585	0.0003202672004918996
55406.696824335435	0.9999473182458023	0.000320294484965247
55406.71725823509	1.0000726637639372	0.000320290835884355
55406.73769213428	0.9999896243591692	0.0003202872234140887
55406.75812603347	0.9996960026264609	0.00032026610471450783
55406.77855993242	1.0003825027201594	0.00032034808238219414
55406.798993931145	1.000150352395381	0.0003203223928746912
55406.81942772963	1.0003289239474542	0.0003203089380189035
55406.83986162765	0.9995772047924368	0.0003203039883341036
55406.86029562568	0.9999981993552052	0.00032027502362170737
55406.880729423705	0.9995859409995006	0.00032029943080636965
55406.90116332126	1.0005544289147	0.00032034868049695564
55406.921597318586	0.9998507655959404	0.0003202362921539538
55406.94203111567	0.9994504530595594	0.00032023535603274185
55406.962465112534	1.0005317264646807	0.0003203025673140772
55406.98289900916	1.0002638528389476	0.00032029207786091906
55407.00333280579	1.0001202195630319	0.00032028689265317206
55407.02376680195	1.00071821271936	0.0003203982136286718
55407.04420069811	1.0002765823335396	0.00032031745469265427
55407.0646344938	1.0001823682994178	0.00032027648595606216
55407.0850684895	0.9999121345557057	0.0003202608764253959
55407.10550238473	1.000219619905767	0.0003202925220785033
55407.125936279954	1.0003270339395678	0.00032028435575089565
55407.14637017472	1.0002476792087442	0.0003203153501924535
55407.166804069486	1.0004773180174105	0.00032031146175706324
55407.18723796401	1.0001537109669423	0.000320315609395514
55407.20767185831	1.0004157221282384	0.00032035371553926624
55407.22810575215	0.9995156515551293	0.0003202857159471426
55407.268973539576	0.9999558353822591	0.0003203272988570658
55407.289407432945	0.9998349911667058	0.00032031740657110066
55407.309841326074	1.0002228003426448	0.00032030831703090413
55407.33027521898	1.0001092671505063	0.00032028891891480596
55407.35070911165	1.0001388600205132	0.0003203245914742869
55407.37114310431	0.9995988149120355	0.00032024198970322625
55407.391576896516	1.0003359523686197	0.0003203202508395357
55407.41201078849	0.9996036178851879	0.00032027850350371665
55407.43244478022	1.0001925318251812	0.0003203023443610912
55407.47331246323	1.0001389174804425	0.0003203222716423456
55407.49374645427	0.999763393435932	0.00032034536735867336
55407.51418024531	0.9997673568053449	0.00032027108094829907
55407.53461413588	0.9998250094906534	0.0003202994345106836
55407.55504812645	1.000517990387007	0.00032034061677841254
55407.59591580667	1.0000580871842535	0.0003203148283642988
55407.61634979654	1.0001802476545987	0.0003203362437626866
55407.63678368595	0.9982813417601266	0.00032014885435704846
55407.65721757536	0.9974947630497657	0.0003201599681019946
55407.67765146453	0.9968256553324897	0.0003200776071812539
55407.69808535348	0.9965000471089566	0.0003199159354006405
55407.71851924219	0.9963093107423939	0.0003200489448740772
55407.73895313066	0.9956098648393182	0.00031990497253112695
55407.75938701891	0.9958339558924997	0.00031997750994900185
55407.77982090692	0.9958959819717942	0.0003199762832959697
55407.800254794696	0.9955901059090874	0.000319905479318754
55407.820688682245	0.9952044755028925	0.00031987106306912794
55407.84112266956	0.994852936554026	0.00031985253401165507
55407.861556456635	0.9955557076726096	0.0003199476499939859
55407.881990343485	0.9948973196265054	0.000319877307408842
55407.902424230335	0.9954141552807539	0.00031983996157126634
55407.92285811671	0.9946864679665305	0.0003198020644586876
55407.94329200286	0.9951930958047183	0.00031994313891914983
55407.963725889014	0.9949793551558778	0.00031987153550236923
55407.98415977469	0.9950230631779459	0.00031995206053792144
55408.004593760146	0.9947481595825324	0.0003198646383103968
55408.04546143058	0.9944030117907947	0.00031988710663794086
55408.065895415566	0.9952862975087172	0.00031996903758628686
55408.08632920032	0.9949868202548149	0.0003199523325002986
55408.1067630846	0.995949455549543	0.0003200039956965671
55408.12719706889	0.9955911909913643	0.00031998074226035505
55408.147630852945	0.9956385484292667	0.00031998650676824664
55408.16806473676	0.9953996597026947	0.0003199743728421353
55408.18849872012	0.9958860783888277	0.00032005279462419216
55408.20893260348	0.99665364314379	0.00032005501690185857
55408.22936638659	0.9974122442424008	0.0003201222047088956
55408.249800369485	0.9981766099027448	0.00032015045295170636
55408.27023425214	0.9998571579207719	0.000320302936005659
55408.29066803456	0.9999987298018824	0.0003203177350931788
55408.311102016756	1.0003438873098975	0.00032034994783292157
55408.33153589872	1.0001738570463738	0.0003203494507254124
55408.35196988044	0.9992500764536895	0.00032025076243338244
55408.37240366193	0.9998524539706107	0.00032036609798314464
55408.41327152445	1.0010595366923207	0.00032042036600560725
55408.45413918581	1.0000763977434217	0.0003203457184784501
55408.474573166364	1.0001803481597826	0.0003203072560186767
55408.49500694646	1.0004590222662442	0.0003203763229777238
55408.51544082632	0.9997622473623641	0.00032032473782682983
55408.535874806184	1.0002017517720492	0.000320327648417386
55408.55630858558	1.000720840290465	0.000320390037502169
55408.576742464975	1.0002233819569057	0.0003203373093056928
55408.59717634391	1.0000608770552852	0.000320335056328155
55408.61761022284	0.999924328089032	0.00032032688933309166
55408.6380441013	0.9997522680486006	0.00032035771785703646
55408.65847797977	0.9993263848445523	0.00032030224414749645
55408.678911858005	0.999875782598166	0.0003203121938333604
55408.699345836	0.9997792151515908	0.00032032223368343697
55408.71977971354	0.9996608553528785	0.0003203448649884337
55408.74021349107	1.0003108683468824	0.00032032268869520254
55408.76064746837	0.99992455393694	0.00032033065317679804
55408.78108134544	0.999961802321426	0.000320332442317214
55408.80151512228	0.9998518295558584	0.0003203100672774211
55408.82194909888	0.9995505096215427	0.00032033257927126794
55408.84238297502	1.0001130018723734	0.0003203496048382689
55408.862816751156	1.0000487683940251	0.0003203153789884406
55408.88325072729	0.9992839879808777	0.00032029635770743607
55408.90368460296	1.0003678654546335	0.00032039494516525265
55408.9241183784	0.9995352096414926	0.0003203019987975459
55408.944552353605	0.9999469910176084	0.0003203704902122772
55408.96498622858	1.0005216799497618	0.0003203542941722737
55408.98542000332	1.0002161692348877	0.0003203635473474463
55409.005853977826	1.0003994328307755	0.00032036724873331287
55409.026287852335	1.0002686508729366	0.0003203902526187123
55409.04672172638	0.9995704098287153	0.0003203166910165945
55409.087589473995	0.9995283634081508	0.0003203262808084147
55409.108023447334	1.0002377721475015	0.0003203317216854057
55409.12845732045	1.000185162560949	0.0003203546953163575
55409.14889109356	1.0001035743122755	0.00032034879500791185
55409.16932506621	0.9998089601243232	0.00032034255724152456
55409.189758938846	1.0000899497040376	0.0003203126598484952
55409.21019271103	1.0002583408037975	0.0003203750247627129
55409.2306266832	1.0001157728716226	0.00032035475649443265
55409.25106055492	0.9999739207683995	0.0003202932077172021
55409.27149432663	0.9999528104695851	0.0003202940425578457
55409.29192829812	0.9998360864788772	0.0003203201783619622
55409.31236206936	0.9997205534512514	0.0003203225832240983
55409.33279594014	0.9999169372697206	0.00032034323360567013
55409.35322991092	0.9995775716165387	0.00032028367356384737
55409.37366368147	1.0008242667609226	0.0003203581389557472
55409.39409755179	0.9997150997758087	0.0003203382532270291
55409.414531521645	1.0009940516536628	0.0003204407884012112
55409.43496529149	1.0000679884343522	0.0003203245569400816
55409.45539926111	0.9999359084752127	0.0003203766012085265
55409.496266899645	1.0000090919242426	0.0003203160408607222
55409.51670086857	1.000022407846367	0.00032034432651544984
55409.53713473726	0.9999943323395956	0.0003203531571399577
55409.557568605705	1.000453910486078	0.00032037085573829717
55409.57800247393	0.9989908029318334	0.00032026862338786977
55409.59843634191	0.9997349249089018	0.00032033575432547615
55409.61887020967	1.0007912643279624	0.0003204143308492633
55409.63930407743	1.0002773356949133	0.00032031738719678595
55409.65973794472	1.0001343601077375	0.00032036358643337945
55409.68017181177	0.9991504235848524	0.00032028285228287017
55409.7006057786	1.0001675808693777	0.0003203439486988033
55409.72103954542	1.0003087373984036	0.0003203185563007945
55409.74147341178	0.9996825162272008	0.0003203181682005053
55409.761907377906	0.9998020610845271	0.00032029562857321063
55409.78234114403	1.0001857774173	0.0003203402366347203
55409.80277510969	1.0003970873334325	0.00032036627443552513
55409.82320897512	1.000041163218246	0.00032032547537105436
55409.84364274054	1.00031192960509	0.0003203266781958704
55409.864076705504	0.9995905225430501	0.0003203228695056082
55409.88451057047	0.9999114804321683	0.0003203156350123276
55409.904944334965	1.0000797488928967	0.00032031040894232464
55409.92537829946	1.0000639694000586	0.00032033739141166487
55409.94581216349	0.9996719535204829	0.0003203273270783666
55409.966246027514	1.000494004214356	0.0003203494059870042
55409.98667989108	1.0004399276119564	0.0003203540963569199
55410.027547617974	0.9996594801434352	0.00032026271779433924
55410.04798148084	0.9997714692084626	0.0003203433186037138
55410.08884910634	1.0004054921944305	0.0003203323968995892
55410.10928306874	1.0002803435282208	0.0003203360065664813
55410.12971693068	0.9998482652280123	0.0003203003479335116
55410.15015079261	1.0002236105716933	0.00032033847768533707
55410.17058465431	1.0002843057082451	0.0003203918007436124
55410.19101851578	0.9997997936493742	0.0003203382980910204
55410.211452477015	1.000103404740984	0.000320310298939314
55410.23188623802	1.0004450297869651	0.0003203711262373048
55410.25232009879	1.000388677751586	0.0003203822679184299
55410.272754059326	1.0000712446846756	0.00032036233116391187
55410.29318781963	0.9999387588947073	0.00032038665380419224
55410.31362167971	0.9997275824791011	0.0003203266654905975
55410.33405563954	0.9992121466517865	0.0003202666187014953
55410.35448939915	1.0006231940327064	0.00032034620214960283
55410.374923258525	1.0000253883275059	0.0003203414151425932
55410.39535721766	1.0003466097003697	0.00032038405328015275
55410.41579097657	1.000047251882786	0.0003203277045042331
55410.43622483525	0.999663976337472	0.0003203049307327647
55410.456658793686	1.000549131510946	0.0003203900132185437
55410.47709255213	0.9996580626700555	0.0003202904479357973
55410.49752651011	0.9994887244087707	0.0003203542227499766
55410.51796036785	0.9999622460180075	0.0003203221164936351
55410.53839422536	1.0003435358595132	0.0003203336107410498
55410.579261939914	0.9993658827881495	0.00032032478596475083
55410.59969579673	0.9998477328980186	0.0003203493375459491
55410.62012965331	0.9997104246979978	0.000320339270517219
55410.640563509885	0.9999421224143236	0.0003203560912494061
55410.660997366	1.0002124878153826	0.0003203692306683147
55410.68143122212	1.0010401335787256	0.0003203929607062844
55410.70186507776	0.9994423235629577	0.0003202999503728044
55410.72229883341	0.9998361154426351	0.0003202882073179243
55410.742732788596	1.000014435594826	0.0003203406505025671
55410.763166643774	1.0002092107218605	0.00032038562317137726
55410.78360039849	1.0001935024019182	0.000320335925346147
55410.80403435321	1.0002542945624766	0.0003203506276604294
55410.82446820746	1.0001144618674809	0.00032036357293492324
55410.84490216171	0.999719362666464	0.00032035825597085895
55410.8653359155	1.0003906008414203	0.00032032022649383413
55410.88576976928	1.000091069954116	0.0003203070240401012
55410.9062037226	1.000156687948964	0.000320406769639198
55410.92663747592	0.9991433800484898	0.0003202752171659456
55410.94707132901	0.9994203822798301	0.00032029448752854406
55410.96750528163	0.9996881820147435	0.00032030956572873964
55411.00837288664	1.0006612801379389	0.000320408395154324
55411.028806838796	1.00008945134868	0.00032033834235329657
55411.04924069048	1.0003747257631013	0.0003203776151715595
55411.06967444217	0.9997228396566743	0.0003203085559491516
55411.0901083941	0.9994397868786509	0.0003202528906967394
55411.11054224532	0.9996409693537844	0.00032031547221737886
55411.13097599608	1.0000639888773453	0.00032035514084393073
55411.15140994684	1.0005499689124724	0.00032030780519545554
55411.17184379736	0.9994875676359372	0.0003202795356507368
55411.19227774766	0.9998618347102496	0.0003203348632044748
55411.21271149772	1.0000080343546582	0.0003202958036652042
55411.2740130465	1.0001396461836272	0.0003203383692312567
55411.29444689563	0.999661452192821	0.00032028840256203146
55411.314880844526	0.999065363625845	0.0003202379615549723
55411.33531459319	1.0003843697724624	0.00032037451672243237
55411.355748441616	0.9996247157609363	0.00032035856154746036
55411.376182289816	1.0006619063288045	0.0003203666973935993
55411.39661613778	0.999622333147372	0.0003203001759643934
55411.45791768028	1.0004978125096644	0.000320339796283091
55411.47835152731	1.0001157990803062	0.00032033941349906756
55411.49878537411	1.0000693649337484	0.00032030928697149644
55411.51921922068	0.9999217850037001	0.0003203256372657557
55411.53965316701	0.9998716735829665	0.00032033388707520134
55411.56008701335	1.0000236243944454	0.00032035170025605537
55411.58052075922	0.9997999084731505	0.0003202762947903616
55411.60095470485	1.0002028065237234	0.000320402736225792
55411.62138855026	0.9997756694604568	0.0003203256752786328
55411.64182229543	0.9998688308114844	0.00032029942116738625
55411.6622562406	1.0002382988508625	0.000320318883913312
55411.682690085305	1.0002094100150098	0.00032039278871632415
55411.70312382978	1.0001224950897218	0.0003203290768698104
55411.72355777425	0.9992894651250861	0.00032025514390355067
55411.743991618256	1.000001534063526	0.00032033194390783235
55411.76442536203	0.9998304639607868	0.00032032615626183367
55411.7848593058	0.9996225712627539	0.00032026768610193997
55411.80529314911	1.0005280999132498	0.0003204297919675284
55411.82572689219	1.0002011255005885	0.0003203581555580333
55411.84616083526	0.9998969607812895	0.00032037176968119217
55411.86659467787	0.9994017830926366	0.0003203148647338886
55411.887028620244	0.9997546524148105	0.00032032773803792306
55411.90746236262	0.9996414499567519	0.0003202708702062129
55411.927896204536	0.999613422769304	0.0003202940799086898
55411.94833014645	0.9999936227883732	0.0003202923859637845
55411.96876388789	1.0001508554095464	0.0003203569603528208
55411.989197729104	1.0000528682173035	0.0003203547156898487
55412.00963167031	1.000026098647404	0.00032034051548843987
55412.03006551106	1.0005930504364722	0.00032036571318806777
55412.05049925181	0.9996634120959622	0.0003203090644381348
55412.070933192095	1.0000747526570672	0.0003202968444025435
55412.09136693237	0.9999165498876115	0.0003203370122424277
55412.11180077219	1.000094411161947	0.00032033531872435636