55162.982937988316	0.9996329013018267	0.0003218472428838255
55163.00337091974	1.0002958234941226	0.0003220161054539708
55163.04423648271	0.9999294859265629	0.0003219408583741419
55163.06466941422	1.0005141446802053	0.00032199217453295824
55163.085102245794	0.999624089742349	0.0003219013477958066
55163.1464007408	1.0000164492550803	0.0003220014341710511
55163.16683347255	0.9999810215673258	0.00032193064721485804
55163.18726630435	1.0000954692023567	0.0003219396933219944
55163.20769923618	0.9996197041653949	0.0003219120237334202
55163.22813196805	0.9996956787288596	0.00032187644613323373
55163.248564799964	1.0002522212579836	0.00032194411185663545
55163.268997731946	1.0004128618298724	0.00032197836316299485
55163.30986329599	0.9996438425914177	0.00032187732068888775
55163.350729060214	1.0000997481910785	0.00032188999027706885
55163.37116179239	0.999422014223181	0.00032189501962541636
55163.391594624605	1.0000829935297706	0.0003219764554415862
55163.41202745688	1.0001794601471297	0.0003219752713717202
55163.45289312153	0.9999367307611082	0.00032194174815032816
55163.47332595392	1.0003484198604309	0.00032195487382186583
55163.49375878636	0.9996499735650968	0.0003218939716321401
55163.51419161884	1.0001369772892816	0.0003219510621419406
55163.53462445137	1.0001716547566928	0.0003218814046111624
55163.55505728393	0.9999793844269538	0.0003219546124548857
55163.57549011655	1.0001463644452318	0.0003219386416202339
55163.6163557819	0.9996989985995147	0.0003218694129317392
55163.63678861467	1.0000838889269525	0.00032194577777478134
55163.657221347436	1.0004116658345223	0.0003219446564568326
55163.67765428028	0.9995748902770266	0.00032188180223963474
55163.69808711317	0.9999186088202774	0.0003219402359716886
55163.71851984611	1.000099271247956	0.0003219177127322732
55163.73895277907	1.0004021946034116	0.00032201369714732127
55163.75938561207	0.9997281922112681	0.00032194281559704615
55163.77981834516	0.9998119183923635	0.00032186264519929207
55163.820684111415	1.0003311535414794	0.00032187643829051425
55163.84111694462	0.999582745818592	0.0003218767165548818
55163.86154967788	0.9996598506163458	0.00032187804294984154
55163.881982611136	1.0001329230423954	0.0003219144221119991
55163.902415444485	0.9997064856458132	0.00032189279004782
55163.922848177855	1.0003927620464528	0.0003219998271002675
55163.94328111129	1.0004625866575299	0.00032200782516529056
55163.96371394479	1.0004311127948864	0.000321940577399638
55163.984146678304	0.9999180629635753	0.0003218626725470937
55164.00457961186	1.0002919086857422	0.0003219413473499477
55164.02501244547	0.9999873554082195	0.0003218748715029617
55164.04544517916	0.9998135361767443	0.0003218720116447896
55164.06587801286	0.9998000749627618	0.0003219510003138474
55164.086310946615	1.0000355297276402	0.00032193185988540514
55164.12717651427	1.0002305983581259	0.00032190390343411946
55164.14760944814	1.0000764236587987	0.00032190387416949017
55164.168042282094	0.9996641693566736	0.00032194323466988426
55164.18847501608	0.9999786737767116	0.00032199144470636677
55164.20890795013	0.9999443440282137	0.00032198735472342254
55164.2293407842	0.9995140138021741	0.000321890696217782
55164.249773518335	0.9995609928663457	0.0003219005897146639
55164.27020635253	1.0003003062133373	0.00032185130435898697
55164.290639286744	0.9998045771361178	0.00032192715508509197
55164.311072021024	0.9994071968781517	0.0003218749449746116
55164.33150485536	1.0003628535134426	0.0003219501430076354
55164.351937789725	0.9996858028042603	0.0003218301492099244
55164.392803358634	0.9996109922948228	0.0003218723424864641
55164.41323629314	1.0000091287663557	0.00032190197486630496
55164.43366902771	1.0001658172554675	0.00032195329805210495
55164.45410186231	0.9998638358081585	0.0003219729135314105
55164.474534696994	0.999744619327917	0.00032197283407139405
55164.49496753171	0.9997768493214682	0.0003219579928114952
55164.55626603612	1.000304217694274	0.00032195801802508545
55164.57669887104	1.0003787499739256	0.00032198149972054364
55164.59713160602	1.0002226289079046	0.0003219934644478637
55164.61756454102	0.9998018368884717	0.0003219537314317612
55164.637997376085	1.0001004324865974	0.00032196476726837817
55164.65843021117	0.9995599514686477	0.0003219427082509269
55164.67886304633	0.9993486615137618	0.00032186737609176167
55164.69929588154	1.000037454116676	0.0003219266012659987
55164.7197287168	0.9998166242120584	0.00032192406776587024
55164.7401614521	1.000225682883235	0.0003219108520151305
55164.76059438746	0.9999267758327788	0.00032199839587478645
55164.78102722287	1.0002216061436278	0.00032202932759308557
55164.80145995834	1.0000622837866866	0.000321942114323997
55164.821892893844	0.9998996976867	0.00032192709099253735
55164.8423257294	1.0002486298847186	0.00032192602614313117
55164.86275846502	1.0001376977043197	0.00032195371930141963
55164.883191400695	0.999825547241176	0.000321972525229292
55164.903624236395	1.000404443403162	0.0003219153565149872
55164.92405697216	0.9994174018273699	0.0003218649285261792
55164.94448980795	0.9997639493081647	0.00032186127154749185
55165.005788315735	1.0002788931430007	0.0003219347044203464
55165.02622125173	0.9999508003968213	0.0003219154382674568
55165.04665408781	0.9998373574058229	0.0003219417318610705
55165.067086823925	0.9998934376125942	0.0003218584347421226
55165.08751976012	0.9999781378458166	0.0003218927871244399
55165.10795259632	1.0004015081842768	0.00032200362272136055
55165.12838533264	1.000326225207717	0.0003219175012175525
55165.14881816895	0.9995472412184316	0.00032188087473428173
55165.169251105326	1.0000049432205975	0.00032194471330906276
55165.18968384176	0.9998554112099175	0.00032196733530075525
55165.21011667825	1.0000958899077381	0.00032194366313695387
55165.2305496148	0.9998611881176767	0.00032194461298754067
55165.250982351405	0.9997975161263758	0.0003219275058457124
55165.271415188035	1.0003094147823564	0.00032196477680388884
55165.29184812473	0.9995794163372497	0.0003219070869127677
55165.31228096149	1.0008620799923529	0.00032200276541863136
55165.3327136983	1.0000658974201337	0.0003219444667054712
55165.35314663516	0.999979254024483	0.0003218842599617851
55165.37357937206	0.9997461836904445	0.0003219069824064828
55165.39401220904	0.9999796961090381	0.0003218844273701432
55165.41444504606	1.0007239142438622	0.0003219539775821671
55165.43487788313	1.00017370049796	0.00032195852377918513
55165.45531072027	1.00058615163787	0.0003220036653495441
55165.47574355745	1.0005048431319608	0.0003219744009049947
55165.49617639467	0.9994957027414711	0.00032189894255989405
55165.51660923194	1.0001150223300688	0.00032187351292593927
55165.53704206931	0.9997507132159181	0.00032188153620599154
55165.5574749067	1.0001746504342737	0.0003219481366416288
55165.577907744155	0.9999762878391515	0.0003219138636259794
55165.59834058166	1.0002809746379013	0.0003219054742640738
55165.63920625682	0.9997276542208012	0.00032192398118647484
55165.659639094505	0.9995144791548048	0.0003218459996022722
55165.68007183222	1.0002651012073536	0.0003219363875069456
55165.700504770015	1.0003075621998083	0.0003219588025027219
55165.720937607846	1.000044552832661	0.0003219280379209055
55165.741370345735	0.9994746293405247	0.0003218165969927453
55165.761803283676	1.0005002194457613	0.00032196033404396104
55165.78223612168	0.9994052152875192	0.000321823561673562
55165.82310169784	0.9998979124762458	0.0003218970558354535
55165.843534635984	1.0002297767361248	0.0003219166213865974
55165.86396747422	0.9999700934200743	0.00032193661373909437
55165.88440021251	1.0000911659612017	0.0003219348019914454
55165.90483315081	0.9997673693692527	0.0003218407652456709
55165.92526598922	1.000174675890809	0.00032186164883956205
55165.945698727664	1.00034887806292	0.0003219959151377101
55165.98656450475	1.0003289848553356	0.0003219518592468221
55166.00699724333	0.9998535192788872	0.00032185445198514397
55166.027430182	0.9992484462577744	0.0003218049773913225
55166.06829575953	0.999779054033057	0.0003219009600176345
55166.08872859837	1.0001258569389975	0.0003219132450161496
55166.10916153725	0.9999732480411362	0.0003219051443218109
55166.15002711523	1.000156646831707	0.00032184647688134223
55166.170460054316	1.0000422610497368	0.0003219703937375031
55166.19089289342	0.9999033972927875	0.0003218922861875707
55166.21132563262	0.9999019864578196	0.00032191025761125276
55166.23175857185	1.000259773617045	0.000321881902984101
55166.25219141116	0.9999346891835941	0.0003220012381891383
55166.27262415053	0.9996472002182594	0.0003218953010361014
55166.29305698993	0.9997012726806936	0.00032189503954185356
55166.31348992939	1.0007273710690296	0.0003219880704414021
55166.333922668935	0.9996601648779436	0.0003219172622277298
55166.35435550854	1.00042742490381	0.0003219034248812954
55166.37478834817	0.9995473805156372	0.0003219100234971829
55166.4769525473	1.0004384174422851	0.00032205717824224214
55166.497385287315	0.9997239436211965	0.00032205898799861745
55166.53825106722	0.9998286368401516	0.0003219609296050565
55166.55868380738	0.9997074719742924	0.00032193222968527143
55166.57911674762	1.0004070741025382	0.0003219859453845616
55166.599549587925	0.999833254021038	0.00032196982340032966
55166.61998232829	0.9999423081516251	0.00032194681617617594
55166.640415268674	1.0003740959065552	0.0003221222693783469
55166.66084810915	1.000085915425528	0.0003220636497567644
55166.68128084972	1.000357968412823	0.0003220472014010639
55166.70171369028	0.9999956004539969	0.0003219203193356078
55166.722146630964	1.000043836168746	0.000321977882564932
55166.74257947164	1.0004272959262395	0.00032196954332476275
55166.76301221244	1.000435739192903	0.00032202593917384414
55166.78344515327	1.000126344008163	0.00032208145007180756
55166.803877994156	0.9998264260982075	0.000322027336828831
55166.82431073512	0.9997732974239729	0.0003220070284329857
55166.844743676156	0.9985320395841227	0.00032189048345110193
55166.86517651721	0.9969278776428778	0.0003217488577775665
55166.88560925836	0.9957151764149709	0.0003216665381015444
55166.90604219957	0.9958604450288414	0.00032162620776777747
55166.926475040804	0.9960229739173526	0.0003217539793229028
55166.94690778215	0.996089975430457	0.0003218053540829883
55166.96734062353	0.9953308087403007	0.00032169991820627566
55166.987773564964	0.9959250314874408	0.0003216368733908387
55167.00820640649	0.9952899497644515	0.00032162302960810416
55167.02863914805	0.9951544729790505	0.0003215888940641977
55167.04907208966	0.9951046696629532	0.0003216321471204352
55167.06950493136	0.99492814479311	0.0003216042440789044
55167.08993767312	0.9953567325470113	0.00032171710300567827
55167.13080345681	0.99546638290537	0.0003216801702219503
55167.15123619874	0.9955564190363576	0.00032160653690902174
55167.171669040734	0.9948538014294156	0.00032157475498044587
55167.19210198281	0.9955994763301869	0.00032163551941992506
55167.212534724946	0.9953603749896291	0.00032161470245892004
55167.23296756714	0.995165585361605	0.00032172427897370065
55167.25340050936	0.9960748254448532	0.00032177142983884203
55167.273833251704	0.9948299206740778	0.0003217106883057489
55167.294266094075	0.9954095838797412	0.0003216973779960605
55167.3146989365	0.9951062112129188	0.00032166198706991864
55167.33513187899	0.9960258710243672	0.0003216595413105416
55167.35556462159	0.9964259023155144	0.0003217101819299333
55167.37599746419	0.9958448585921872	0.0003215966489183745
55167.39643030691	0.9966556223786422	0.00032181122473062525
55167.41686314966	0.9972595767104668	0.00032189718313578364
55167.43729599246	0.9982597024257452	0.0003218903501691621
55167.457728835354	0.9991862682772428	0.00032200995682095406
55167.4781616783	1.0000491910514226	0.00032198325882335925
55167.49859452131	1.0000549354166637	0.00032196873718398026
55167.51902736438	0.9999795248879788	0.0003219952009576653
55167.53946020751	0.9998147372199117	0.00032195096017145064
55167.55989295075	1.0001483022720496	0.0003221020435335104
55167.58032579399	1.0000953615300845	0.00032209753290103035
55167.60075873732	0.9998960531046219	0.00032201444065807505
55167.641624324184	0.9996859189538738	0.0003219477760721324
55167.70292285496	0.9996256371549749	0.0003220244247096822
55167.72335579866	0.9998921697944722	0.0003221056007584158
55167.74378864246	0.9998716783868006	0.0003220911355960273
55167.764221386315	0.9998343659558825	0.000322061418538146
55167.78465433023	0.9992477970993142	0.00032198215478617656
55167.805087174194	0.99986675537626	0.00032201071499579685
55167.82551991825	0.9997480366938883	0.00032201608354432044
55167.84595276237	1.0005255398202726	0.000322051918241019
55167.86638570654	1.0000812275692736	0.0003220157426193297
55167.88681855079	1.0006199414517023	0.00032212941855613755
55167.907251295095	0.9999869258358153	0.0003221038188494207
55167.92768423947	1.0000443886453199	0.00032205421148696624
55167.948117083906	1.0002007065103051	0.00032209454648931
55167.96854982843	1.0008665516308297	0.00032211313339747613
55167.98898277299	1.0001835744708931	0.0003220259296931728
55168.009415617635	1.000191452912389	0.00032205174086243966
55168.02984836235	1.0000810818049357	0.00032205037473080855
55168.05028120713	1.0001485871373537	0.00032207220660520675
55168.07071415196	1.0004124219912283	0.00032217917945952354
55168.09114689688	0.9998353288599751	0.0003220367611295831
55168.13201268688	1.0001169590999326	0.00032206844930657654
55168.15244543199	1.0003904600245768	0.00032206582159554666
55168.172878277175	0.999893266544778	0.0003220053243215747
55168.2137440677	1.0000452239918984	0.00032205137320864396
55168.2341768131	0.9996693554171071	0.00032205097993596147
55168.25460965854	1.0007441184587278	0.0003222304029922367
55168.27504260406	0.9998046172905888	0.00032208705546422586
55168.29547534964	0.9996754789452896	0.0003220534844430826
55168.31590819528	1.0003771027018675	0.00032210344781028155
55168.336341140996	1.0000575029348864	0.000322119530457099
55168.356773886786	1.0002299208119068	0.00032211787561489224
55168.37720673265	0.999853549574294	0.0003220718142585153
55168.39763957857	1.0000495986582918	0.0003220105322712106
55168.418072424545	0.9998377353756845	0.00032210344605985536
55168.43850527061	1.000298278073884	0.0003221706951043781
55168.45893801674	0.9992586640495158	0.0003219626800382604
55168.4998038092	0.9995841054558374	0.0003220224056457257
55168.520236555545	0.999892944320501	0.0003221031304816447
55168.54066950193	1.000059493931948	0.00032202916977548104
55168.5611023484	1.0004086285001985	0.0003221097816710057
55168.58153509496	1.0006051802200968	0.000322105478117288
55168.60196804156	0.9999776832132657	0.0003220659254333413
55168.62240088824	0.9992741140728371	0.0003220825855644158
55168.64283363499	0.9997169577724362	0.0003221051582192847
55168.66326658181	0.9998192983726787	0.00032210588846133504
55168.68369942869	1.000467574193984	0.000322063548949579
55168.70413217566	1.0006008584502035	0.00032211937483671586
55168.72456502268	0.9997665478701449	0.000322032772989499
55168.744997969785	0.9999792305674138	0.00032204763176181626
55168.76543081696	1.0004933140287655	0.00032217434521258036
55168.7858635642	0.9997110356093426	0.00032205890249528744
55168.80629651152	0.9998955366442231	0.00032206711439752454
55168.826729358894	1.000428983645139	0.0003221341691428136
55168.847162106336	0.999767246238059	0.00032213257706077865
55168.86759505386	0.9992714924963874	0.00032206909797536244
55168.888027901456	1.0004931974063471	0.00032208727708586254
55168.908460649116	1.0002357651613198	0.00032209246369354234
55168.92889349684	1.0001336780722527	0.0003221125571730817
55168.96975919252	1.0006225008778808	0.0003221629436001544
55168.99019204048	0.9994319291859078	0.0003220375459685481
55169.0106249885	0.9996219539591633	0.00032212241378095144
55169.03105773658	0.9999658806404673	0.0003221104339475426
55169.051490584745	0.9999452006616883	0.0003220679687366297
55169.07192353298	0.9995762956710775	0.00032207743598171784
55169.09235638128	1.0001800105327412	0.0003221541443137375
55169.11278912968	0.9996506130480449	0.0003220601043521639
55169.1332219781	1.0002677600964769	0.000322110476141
55169.15365492664	0.9999104037798444	0.0003220958601212161
55169.17408767524	1.0003642342033847	0.00032216930469634403
55169.194520523895	1.0002310149403875	0.00032215466357637636
55169.214953472634	1.00005009349045	0.0003220964063851146
55169.23538622144	0.9997453974591127	0.00032207779843270183
55169.25581907033	0.9997607450624973	0.00032207410367095197
55169.27625201927	1.0008755647132614	0.000322161438439167
55169.296684768306	1.0007565933003497	0.00032222057247481404
55169.317117617415	1.0003640247166048	0.00032211980380211205
55169.337550466575	0.9997040098516784	0.0003220655258926308
55169.357983315844	1.0000798229253558	0.0003220573433510457
55169.46014746316	0.9998176871669082	0.00032216320917386663
55169.48058041287	1.000180382642051	0.0003221760470235742
55169.501013262634	1.000349884055613	0.0003221518026350485
55169.54187896237	0.9999805079845788	0.0003221924292501553
55169.562311812355	0.9994105609201499	0.00032216174503754116
55169.5827445624	0.9994424787819393	0.0003221495517362204
55169.603177412544	1.0000391043672352	0.0003221722438965999
55169.623610362745	0.9994579845487066	0.0003220725983950716
55169.644043213026	1.0000393582022782	0.0003221748342180461
55169.664475963385	1.0000000365209467	0.0003222214780052956
55169.70534176432	1.000535372981369	0.0003222615586566626
55169.72577451491	0.9999479759974548	0.00032214861916038195
55169.74620746556	1.0000075739838337	0.0003221796969363882
55169.78707306709	1.0002562570080573	0.00032222774265357364
55169.80750591799	0.999683797838228	0.00032224375654051345
55169.82793886894	0.9997583969826835	0.000322228010648817
55169.84837161997	0.999839398329687	0.0003221778060016277
55169.86880447109	0.9998280703342233	0.00032222532862264254
55169.88923742224	0.9999599125325759	0.0003221996467925804
55169.90967027352	0.999642284374866	0.0003222344466838459
55169.93010302485	0.9998822104065642	0.0003222497387790432
55169.97096882775	0.9998436117265341	0.00032222609275831264
55169.99140157932	0.9998688765776016	0.0003222127633439053
55170.01183443095	1.0007050846273589	0.00032225173097216855
55170.03226738267	0.9996387772307307	0.0003222087004436318
55170.05270013447	1.0006223614065721	0.0003223242432523404
55170.073132986334	0.9998835693359444	0.00032227336690269495
55170.09356593828	1.0001231820146728	0.0003222462413956951
55170.1139986903	0.9999774080581506	0.0003222400548037154
55170.1344315424	0.9999916888268214	0.00032222923603546867
55170.175297246846	0.999229767677888	0.0003222196810573402
55170.19573009916	1.0000840540381417	0.00032225075899985293
55170.216162951576	0.9997413809656078	0.0003222374797721487
55170.23659580405	0.9992146131479585	0.000322204479256162
55170.257028656626	0.9997278573862663	0.0003221717800055871
55170.297894461975	1.0000606804176817	0.00032226203658772604
55170.31832721477	1.0000843762383924	0.00032228976283823487
55170.33876006765	0.9998722574942284	0.0003222495190175552
55170.3591929206	1.0000396891111458	0.0003222434202836716
55170.37962577363	0.999579264999332	0.00032224449578664553
55170.40005862674	0.999470271796297	0.00032225143998254103
55170.42049147993	1.0003167772065842	0.0003222907467322442
55170.44092433319	0.9999682660405974	0.00032225077276450717
55170.461357186534	1.0000282410923582	0.00032227641519782954
55170.481789939964	1.0001020876366917	0.0003222754570639829
55170.50222289346	0.9994853107468182	0.00032221076548767256
55170.52265574704	1.0001982492448571	0.0003222422013091702
55170.56352145443	1.0002497209218832	0.0003222797214529976
55170.583954308255	1.0000708681027608	0.00032226202966656475
55170.62482001613	1.0004582682960728	0.00032231028926349957
55170.645252870185	0.9997222333612529	0.00032223198972387704
55170.66568562433	1.00008179511625	0.00032228127024068676
55170.70655143283	1.0004461601792198	0.0003222826053006948
55170.726984187204	0.9999896887460339	0.0003222364172754732
55170.747417041646	1.0002109124111682	0.00032229565896008794
55170.767849996184	1.0002025344384198	0.00032230503855541743
55170.8087156055	1.0000091520234176	0.00032228958971978295
55170.82914856027	1.000248641102708	0.00032231827018956006
55170.849581415125	0.9996174255003397	0.00032226554805938804
55170.87001417006	1.000211234781741	0.00032228752501134206
55170.89044702508	1.0000447464791986	0.0003223051647669498
55170.91087998017	1.0001183423037348	0.00032226489559408983
55170.93131273535	0.9996474961174123	0.0003222868160700628
55170.9517455906	0.9997929288758985	0.00032225650801991545
55170.972178545955	0.9997355610296075	0.00032226229106948164
55170.99261130136	1.0005149736361043	0.00032229019327038535
55171.01304415687	1.0006858587744534	0.0003223210832017605
55171.033477112454	1.0005304801136758	0.00032232623859749517
55171.05390986812	0.9999076112158479	0.0003222585400963297
55171.07434272386	0.9995678849822083	0.00032225093490393514
55171.094775679696	0.9996938287224879	0.00032224074997513197
55171.11520853559	0.9997895187029845	0.0003222626704897305
55171.1356412916	1.0003619260920273	0.000322287177024934
55171.15607414768	0.9997956097866026	0.0003222561408074509
55171.17650710382	0.9999452797247369	0.0003222655204355193
55171.19693986006	0.9995390197041669	0.0003222513434973725
55171.21737271638	0.9997411003621517	0.0003222318125009841
55171.237805672776	0.9998731955342535	0.00032229704250281147
55171.25823842927	0.9997074597016053	0.0003222612422112285
55171.278671285836	1.0003570090457374	0.00032228952110277103
55171.299104242484	1.0001368539351185	0.00032227010935591375