55403.795207866766	1.00007698721439	0.00032004629005271654
55403.81564179738	1.000015161970043	0.0003200763614808464
55403.83607572777	0.9997032487740931	0.0003199943047919984
55403.856509657926	0.9997387247219908	0.00032001093566467044
55403.87694358784	1.000069324116125	0.0003200817221809118
55403.897377517766	1.0001623076401105	0.0003200161256168674
55403.917811447216	1.0000641200556466	0.00032000906783123374
55403.93824537644	0.9995299527473547	0.00031999378723957173
55403.95867940567	1.0000307405917288	0.00032007097511491215
55403.97911323466	1.0001356370464765	0.0003200415413604365
55403.99954716318	1.000614406390917	0.0003201081749371387
55404.019981191705	1.0004404804832832	0.0003200633112259915
55404.04041501999	0.9995484135921862	0.00032001279647869577
55404.06084894805	0.9993953532275345	0.00032001228550096884
55404.08128297588	1.000096157442711	0.00032001971189433645
55404.101716803474	0.9999704933017045	0.0003199939597326486
55404.12215083083	1.0006312241610027	0.0003200544212925308
55404.14258475796	0.9996817766025199	0.00031999129463132183
55404.16301858485	1.000191079094511	0.00032003352892933035
55404.183452611745	1.000171996335424	0.00032004852374528783
55404.224320364374	1.000087117596088	0.0003200471282543196
55404.244754390566	1.0006891596643916	0.0003201312255091901
55404.28562224202	1.0000899592810468	0.0003200611923240326
55404.30605616752	0.9996761079005274	0.00032000917091992026
55404.32649009279	0.9997310274876829	0.0003200309617050646
55404.34692401782	1.000466261425403	0.00032019873442313765
55404.36735804262	1.0001912897697993	0.00032013803283559826
55404.387791867186	1.0000467464169345	0.000320028931960513
55404.408225791514	0.9998492370380961	0.00032005037161729846
55404.42865981562	0.9998018726392436	0.000319987416147722
55404.44909363949	0.9997913977726897	0.0003200088555019176
55404.46952766312	0.9998789235631027	0.00032005255067737114
55404.48996148675	0.9998890148098066	0.0003201202417016787
55404.510395409925	0.9995338733444769	0.0003199990550601759
55404.53082943286	0.9996825366077196	0.00031999622149430317
55404.551263255795	1.0002512648269752	0.0003199857889988598
55404.5716971785	0.9999515007913503	0.00032007492443543163
55404.592131200734	0.9998467189787934	0.00032009518953672985
55404.61256502297	0.9997241890370326	0.0003200092113291155
55404.65343296675	0.9999843735144742	0.0003201124816714663
55404.673866788056	0.999931176429418	0.0003200111068392491
55404.694300709365	1.0008572416439994	0.00032015026945739634
55404.71473473067	0.999886216413231	0.00032005012976760167
55404.73516855151	1.0003950361670901	0.0003200494445183963
55404.75560247212	1.0001636504144698	0.00032004860767818476
55404.77603649249	0.999596018855173	0.00032002414909432664
55404.796470412635	0.999434967354523	0.0003200118322823647
55404.81690423278	0.9993261269629603	0.00031998452286440975
55404.83733825245	1.0008159574459214	0.00032012225518476817
55404.85777217213	0.9996854851160257	0.0003200208828771028
55404.87820609134	0.9992969549087842	0.00031997221427104683
55404.89864001055	1.000133839850603	0.0003200768757150609
55404.91907392953	1.000007167642628	0.00032006169553267915
55404.939507948046	0.9996471112926281	0.00032002215741126766
55404.95994176655	0.9997972626371967	0.00032006492735275254
55404.980375684834	0.9992987925755288	0.0003200979189158893
55405.00080970288	1.0007873163189225	0.0003202197271132436
55405.02124352069	1.0001998422270006	0.00032011729123958765
55405.041677438276	0.9997867985162113	0.00032015877162884455
55405.06211145563	1.0001191931578097	0.0003200388045722578
55405.08254527274	0.9998946628456322	0.00032002777449331764
55405.102979189855	0.9999416003914734	0.0003202085677467353
55405.12341310651	1.000341959290348	0.0003200747306538965
55405.14384702292	1.0001725669649344	0.00032004785268374746
55405.16428093934	0.999806315832303	0.0003200677745324526
55405.18471485529	1.0005054166020921	0.0003201162939822409
55405.20514877124	0.9999521146804773	0.00032005806227825267
55405.22558278696	1.0003053033751734	0.00032017791683955864
55405.246016602214	1.0000915344955588	0.000320143926573902
55405.26645051746	1.0004750273715228	0.000320083708050266
55405.286884532485	1.0006014433783796	0.0003200383034849323
55405.307318447274	1.0002362058169043	0.00032013482999659036
55405.32775226182	1.0004330125803338	0.00032012332304424127
55405.34818627615	0.9995880685978985	0.0003200042163962602
55405.36862019023	1.0000370483572922	0.00032009294777714676
55405.38905400409	0.9999615348358661	0.0003200697739563366
55405.409488017714	1.0001708475860804	0.00032004838457910567
55405.42992193111	0.9995515504592839	0.00032012260421118266
55405.47078975742	0.999784340522171	0.00032013394643545204
55405.491223670106	0.9995031574384468	0.0003200113088213216
55405.5116574828	1.0000217378844494	0.00032009065863600303
55405.53209149503	1.0003095516908012	0.0003201037242953866
55405.552525407256	0.9999302893247519	0.0003201755731653194
55405.57295941901	0.9999072341432935	0.00032017439172181037
55405.593393230774	1.000534643413206	0.0003201587882251327
55405.6138271423	0.9999214271153778	0.0003202260785877379
55405.634261153595	1.0003946277486833	0.0003202533158306548
55405.65469496466	0.9999903497305691	0.00032024303581478403
55405.67512887549	0.9996524150915874	0.0003200483772337198
55405.69556288608	0.9999268174902475	0.00032033255007019024
55405.71599669645	0.9997191340737017	0.0003202562829953327
55405.73643060657	1.000229612304533	0.00032035568205651574
55405.75686461647	0.9997080333532967	0.00032022193526763437
55405.77729852614	0.9993212100612436	0.0003201749896537039
55405.79773233557	1.0003321573947144	0.0003203263060957216
55405.818166345	1.0002707258973262	0.0003203352302177412
55405.83860025397	1.0000711128931037	0.00032026521581930315
55405.879468071435	0.9994360938286276	0.0003202501429639831
55405.89990187994	0.9996604020319318	0.00032018981702924316
55405.92033588797	0.9998440991065352	0.0003202833024581647
55405.96120360381	1.0003932386068082	0.0003202852364166596
55405.98163761114	1.0002417307256397	0.00032024909173253833
55406.00207151848	0.9997773895296685	0.0003201750382667104
55406.022505325585	0.9998221683512383	0.0003202234521995447
55406.04293933245	0.999644023358153	0.0003202720945695015
55406.06337323909	1.0002203183676825	0.0003202968311879705
55406.0838070455	1.0008313026750042	0.00032032887499553977
55406.10424105167	1.000160880068888	0.00032029684489637457
55406.12467495761	1.0001101517948534	0.0003203133353841311
55406.16554276902	1.0001839674803794	0.0003202857281345284
55406.185976674264	0.9996563434343293	0.00032024957618164546
55406.22684448428	0.999848447991145	0.000320294667381539
55406.24727838882	1.0006869458171235	0.0003203150466606592
55406.26771239337	1.0008238171943955	0.0003203498652557069
55406.28814629744	1.000249739450161	0.00032029190938087757
55406.30858010152	0.9999769905674959	0.0003202730911031265
55406.329014105366	1.0000107367139544	0.0003202561759777036
55406.34944800897	1.000251567107537	0.0003202310388629132
55406.36988181212	1.000002301981915	0.0003202541251817216
55406.39031581527	0.9999753236960768	0.0003202327646674718
55406.410749718176	0.9993623436974155	0.0003201984848248865
55406.43118352086	1.0004390519160042	0.00032029338189455746
55406.4516175233	0.9999245499150834	0.00032029459610979363
55406.47205142552	1.000167392430476	0.0003202692681021658
55406.4924852275	0.9997086114122957	0.0003202479217150294
55406.53335303076	0.9999034732648183	0.00032022624184973745
55406.55378693228	0.9995682395081377	0.0003202769377384675
55406.574220933326	1.000295824627853	0.00032032446527388006
55406.594654834145	0.9997487235975213	0.0003202857391936147
55406.615088734965	0.9997700627464639	0.00032024342317140954
55406.63552263532	0.9996052988215203	0.00032022304672094755
55406.655956535666	0.9991714120435792	0.00032021548239068344
55406.676390435554	0.9994238437472044	0.0003202566757597188
55406.696824335435	0.9999141200225498	0.000320283851197223
55406.71725823509	1.00003912948283	0.00032028009594183297
55406.73769213428	0.9999557667397878	0.0003202763791386694
55406.75812603347	0.9996618346600754	0.00032025515854540096
55406.77855993242	1.0003479965186277	0.0003203370326132698
55406.798993931145	1.0001155452308699	0.00032031124503657
55406.81942772963	1.0002938072705454	0.000320297693531997
55406.83986162765	0.9995418171484107	0.0003202926487362567
55406.86029562568	0.9999625050357613	0.0003202635916021193
55406.880729423705	0.99954997545136	0.0003202879062899418
55406.90116332126	1.0005181480015377	0.00032033706439459986
55406.921597318586	0.9998142355704	0.00032022459216798205
55406.94203111567	0.9994136688315134	0.0003202235699453689
55406.962465112534	1.0004946390073244	0.0003202906944194031
55406.98289900916	1.0002265176304432	0.00032028012284377507
55407.00333280579	1.0000826377484948	0.00032027485713747813
55407.02376680195	1.000680361987061	0.0003203860950253937
55407.04420069811	1.0002385076344056	0.0003203052620742023
55407.0646344938	1.0001440621998277	0.00032026421965008003
55407.0850684895	0.9998736095343864	0.00032024853728411973
55407.10550238473	1.0001808593475692	0.0003202801100874812
55407.125936279954	1.0002880511515244	0.0003202718742556144
55407.14637017472	1.0002084871045842	0.000320302799468438
55407.166804069486	1.000437910096172	0.00032029884497042615
55407.18723796401	1.0001141146715316	0.0003203029280332842
55407.20767185831	1.0003759199148137	0.0003203409700508905
55407.22810575215	0.9994756954015678	0.0003202729123604954
55407.268973539576	0.9999154988114433	0.0003203143773816192
55407.289407432945	0.9997944864956826	0.0003203044300786886
55407.309841326074	1.0001821125244916	0.0003202952872873791
55407.33027521898	1.0000684221339542	0.00032027583813791066
55407.35070911165	1.000097857570478	0.0003203114592047772
55407.37114310431	0.999557684050416	0.0003202288125878009
55407.391576896516	1.0002946461041549	0.00032030702405011225
55407.41201078849	0.9995622024760958	0.0003202652337785889
55407.43244478022	1.000150958130089	0.00032028903077237897
55407.47331246323	1.0000970949845576	0.0003203088768262321
55407.49374645427	0.999721469527602	0.0003203319340504493
55407.51418024531	0.9997253211795087	0.00032025761502021765
55407.53461413588	0.9997828654428743	0.00032028593343345153
55407.55504812645	1.0004757166179419	0.00032032708178415364
55407.59591580667	1.0000156485791232	0.0003203012354393553
55407.61634979654	1.000137720044215	0.0003203226230828157
55407.63678368595	0.9982388167642384	0.000320135216589672
55407.65721757536	0.9974521990226116	0.0003201463065790666
55407.67765146453	0.9967830528876889	0.00032006392766917573
55407.69808535348	0.9964573971482843	0.00031990224307608633
55407.71851924219	0.9962666130365868	0.0003200352288969758
55407.73895313066	0.99556714674408	0.0003198912465410917
55407.75938701891	0.9957911833090747	0.0003199637664281494
55407.77982090692	0.9958531673486343	0.0003199625271766185
55407.800254794696	0.9955472705682817	0.00031989171536092554
55407.820688682245	0.9951616283905096	0.00031985729147572707
55407.84112266956	0.9948100817097394	0.0003198387558641158
55407.861556456635	0.9955128051603037	0.0003199338621588248
55407.881990343485	0.9948544335848117	0.00031986351877832535
55407.902424230335	0.9953712405342289	0.000319826172485782
55407.92285811671	0.9946435836466256	0.00031978827670296745
55407.94329200286	0.9951501941722257	0.0003199293465375283
55407.963725889014	0.9949364727390525	0.0003198577494228442
55407.98415977469	0.994980194350049	0.0003199382759631452
55408.004593760146	0.9947053235339545	0.0003198508642339604
55408.04546143058	0.9943602488485224	0.00031987335033017365
55408.065895415566	0.99524353392672	0.00031995528976095294
55408.08632920032	0.994944112333753	0.00031993859915360317
55408.1067630846	0.9959067546082259	0.00031999027565107144
55408.12719706889	0.9955485591525883	0.00031996704048442646
55408.147630852945	0.995595973765418	0.00031997282377256185
55408.16806473676	0.9953571598986445	0.000319960711145535
55408.18849872012	0.9958436279499808	0.0003200391521184068
55408.20893260348	0.996611235633606	0.0003200413985937512
55408.22936638659	0.9973698856199731	0.0003201086095924548
55408.249800369485	0.998134305513085	0.00032013688444150777
55408.27023425214	0.9998148746194261	0.0003202893906052408
55408.29066803456	0.9999565383113409	0.000320304220393322
55408.311102016756	1.000301784562315	0.00032033646485655435
55408.33153589872	1.0001318702138111	0.00032033600260471376
55408.35196988044	0.9992082425248519	0.0003202373550312501
55408.37240366193	0.9998107144818248	0.0003203527240927261
55408.41327152445	1.0010180028393434	0.00032040707179893435
55408.45413918581	1.0000351823179463	0.0003203325163019803
55408.474573166364	1.000139275482267	0.0003202941025142548
55408.49500694646	1.0004180906823594	0.0003203632154840167
55408.51544082632	0.9997215021790643	0.00032031168303285997
55408.535874806184	1.0001611521041354	0.00032031464584452883
55408.55630858558	1.0006803885284563	0.0003203770864962289
55408.576742464975	1.0001831246596504	0.00032032441627148124
55408.59717634391	1.0000208060881477	0.0003203222209740185
55408.61761022284	0.9998844478189877	0.0003203141136434817
55408.6380441013	0.9997125852944384	0.00032034500203035823
55408.65847797977	0.9992869150243897	0.00032028959335375585
55408.678911858005	0.9998364926763431	0.00032029960722883044
55408.699345836	0.9997401360632476	0.0003203097130181954
55408.71977971354	0.9996219933635165	0.00032033241152617327
55408.74021349107	1.0002721991607184	0.0003203103059269315
55408.76064746837	0.9998861231361559	0.00032031834168442716
55408.78108134544	0.999923599009408	0.00032032020408949874
55408.80151512228	0.999813864800675	0.0003202979049820414
55408.82194909888	0.999512796054751	0.0003203204929544609
55408.84238297502	1.0000755124270544	0.00032033759646624393
55408.862816751156	1.0000115321480214	0.0003203034522278388
55408.88325072729	0.9992470362735961	0.0003202845137297524
55408.90368460296	1.0003311354735642	0.00032038318139246765
55408.9241183784	0.9994987772825985	0.00032029032401384433
55408.944552353605	0.9999108162784907	0.00032035890027900214
55408.96498622858	1.00048576267491	0.00032034279391849176
55408.98542000332	1.0001805465652487	0.00032035213760906914
55409.005853977826	1.00036409279843	0.00032035593146486886
55409.026287852335	1.0002336100576108	0.0003203790288983004
55409.04672172638	0.9995356933344745	0.0003203055659648227
55409.087589473995	0.9994942644827578	0.0003203153528724496
55409.108023447334	1.0002039655096957	0.00032032089492121593
55409.12845732045	1.000151679650168	0.00032034397089443744
55409.14889109356	1.00007042153286	0.00032033817565486715
55409.16932506621	0.9997761498969944	0.0003203320447210877
55409.189758938846	1.000057468615487	0.0003203022566803887
55409.21019271103	1.000226198146104	0.00032036472971758867
55409.2306266832	1.0000839841352458	0.00032034457400038793
55409.25106055492	0.9999424913162954	0.0003202831408146338
55409.27149432663	0.9999217419357411	0.0003202840910219362
55409.29192829812	0.9998053872777374	0.0003203103431762576
55409.31236206936	0.9996902289489026	0.00032031286688597376
55409.33279594014	0.9998869835309829	0.0003203336373310516
55409.35322991092	0.999548010133118	0.0003202742015020736
55409.37366368147	1.0007950564734716	0.00032034878890935356
55409.39409755179	0.9996863149981723	0.0003203290297338663
55409.414531521645	1.0009656292027946	0.0003204316897331927
55409.43496529149	1.0000399965633373	0.0003203155910659766
55409.45539926111	0.999908330045055	0.00032036776515848996
55409.496266899645	0.9999823475539684	0.0003203074742878073
55409.51670086857	0.9999960894414356	0.00032033589575266235
55409.53713473726	0.9999684465002113	0.00032034486448258574
55409.557568605705	1.0004284502997622	0.0003203627027373526
55409.57800247393	0.998965822408791	0.00032026061482792826
55409.59843634191	0.9997103740636838	0.0003203278877267146
55409.61887020967	1.000767141835936	0.00032040660776812085
55409.63930407743	1.00025368518663	0.0003203098136281875
55409.65973794472	1.0001111780484104	0.000320356160743429
55409.68017181177	0.9991277344786414	0.00032027557917215383
55409.7006057786	1.0001453448371196	0.0003203368267139348
55409.72103954542	1.0002869800110108	0.00032031158915689383
55409.74147341178	0.999661259492906	0.00032031135711990644
55409.761907377906	0.999781294453991	0.0003202889757953861
55409.78234114403	1.0001655012049473	0.0003203337425545106
55409.80277510969	1.000377310898864	0.00032035994124768953
55409.82320897512	1.0000219032643438	0.0003203193061711092
55409.84364274054	1.0002931795864303	0.000320320673937583
55409.864076705504	0.999572306399883	0.0003203170320680585
55409.88451057047	0.9998937845333009	0.0003203099662374473
55409.904944334965	1.0000625817756306	0.0003203049105744615
55409.92537829946	1.0000473398942415	0.00032033206469989756
55409.94581216349	0.9996558732466827	0.00032032217443693565
55409.966246027514	1.0004784594719018	0.00032034442869679515
55409.98667989108	1.0004249380331889	0.00032034929649555054
55410.027547617974	0.9996456268402374	0.0003202582795865088
55410.04798148084	0.9997581851170078	0.0003203390621610442
55410.08884910634	1.0003933587792673	0.00032032851174902547
55410.10928306874	1.0002687995471686	0.0003203323096500978
55410.12971693068	0.9998373195193846	0.00032029684148718
55410.15015079261	1.000213259895984	0.0003203351627069016
55410.17058465431	1.0002745592211952	0.00032038867893662313
55410.19101851578	0.9997906620476098	0.00032033537230349103
55410.211452477015	1.0000948863660208	0.0003203075706981961
55410.23188623802	1.0004371303604425	0.0003203685966148905
55410.25232009879	1.0003814062550198	0.00032037993916500355
55410.272754059326	1.0000646084465121	0.0003203602053146391
55410.29318781963	0.999932762063191	0.0003203847323817393
55410.31362167971	0.9997222309803323	0.0003203249507957286
55410.33405563954	0.9992074473224132	0.00032026511247648236
55410.35448939915	1.0006191440743497	0.00032034490556884584
55410.374923258525	1.0000220020955022	0.0003203403304197805
55410.39535721766	1.0003438895987282	0.0003203831821049213
55410.41579097657	1.0000452053064248	0.00032032704896010086
55410.43622483525	0.9996626087050756	0.000320304492526117
55410.456658793686	1.0005484471446144	0.00032038979407474446
55410.47709255213	0.9996580684881994	0.00032029044979993063
55410.49752651011	0.9994894254099642	0.00032035444743354433
55410.51796036785	0.9999636485889735	0.000320322565785098
55410.53839422536	1.0003456462061198	0.0003203342865238425
55410.579261939914	0.9993694213861418	0.00032032592018462364
55410.59969579673	0.9998519973275412	0.00032035070386116646
55410.62012965331	0.999715418324347	0.00032034087063519557
55410.640563509885	0.9999478529137366	0.00032035792715605675
55410.660997366	1.0002189615508361	0.00032037130421335846
55410.68143122212	1.001047360754509	0.0003203952738365667
55410.70186507776	0.9994502918728956	0.00032030250404620556
55410.72229883341	0.9998448456439777	0.00032029100395678775
55410.742732788596	1.000023932044514	0.00032034369255752365
55410.763166643774	1.0002194796622468	0.00032038891250407855
55410.78360039849	1.000204547617278	0.0003203394628409163
55410.80403435321	1.000266122758481	0.0003203544158671232
55410.82446820746	1.0001270764303063	0.00032036761371882533
55410.84490216171	0.9997327657876487	0.00032036255097672527
55410.8653359155	1.0004048128682952	0.00032032477711602483
55410.88576976928	1.000106083241548	0.0003203118324636167
55410.9062037226	1.0001725136465234	0.0003204118395054433
55410.92663747592	0.9991600061608938	0.00032028054666306
55410.94707132901	0.9994378355430507	0.0003203000809545918
55410.96750528163	0.9997064685917711	0.0003203154249212876
55411.00837288664	1.0006812610506535	0.00032041479297574826
55411.028806838796	1.0001102674781233	0.00032034500996127013
55411.04924069048	1.0003964006074801	0.00032038455670533927
55411.06967444217	0.9997453585027396	0.00032031577092792236
55411.0901083941	0.999463163154963	0.0003202603812130876
55411.11054224532	0.9996652202348214	0.0003203232429397173
55411.13097599608	1.0000891262174278	0.0003203631932047918
55411.15140994684	1.0005760010436626	0.00032031613890697936
55411.17184379736	0.9995144597060007	0.0003202881530462818
55411.19227774766	0.9998896307234775	0.00032034376846696785
55411.21271149772	1.0000367343923877	0.0003203049960929988
55411.2740130465	1.0001710861236055	0.00032034843924411924
55411.29444689563	0.9996938006863102	0.0003202987669181665
55411.314880844526	0.9990986218701753	0.0003202486220710477
55411.33531459319	1.000418608199607	0.00032038548162740415
55411.355748441616	0.9996598697766905	0.00032036982766537654
55411.376182289816	1.000698045419777	0.0003203782674964966
55411.39661613778	0.9996593883460313	0.00032031204923518516
55411.45791768028	1.0005377999661804	0.00032035259948317207
55411.47835152731	1.0001567496397903	0.00032035253005838964
55411.49878537411	1.0001112980013722	0.0003203227175908735
55411.51921922068	0.9999647022391626	0.0003203393858318989
55411.53965316701	0.9999155850791476	0.00032034795522077494
55411.56008701335	1.0000685452323	0.00032036609038288096
55411.58052075922	0.9998458278189251	0.00032029100461159604
55411.60095470485	1.0002497594771649	0.0003204177770301752
55411.62138855026	0.9998236231635149	0.00032034103952761726
55411.64182229543	0.99991781601997	0.00032031511315961585
55411.6622562406	1.0002883357443857	0.0003203349078567126
55411.682690085305	1.000260485179443	0.000320409149404599
55411.70312382978	1.0001746116121535	0.0003203457692625944
55411.72355777425	0.9993425893536706	0.00032027216930816447
55411.743991618256	1.0000557542003772	0.0003203493123230246
55411.76442536203	0.9998857388917145	0.00032034386527031054
55411.7848593058	0.9996789047700231	0.00032028573471602875
55411.80529314911	1.0005855617112067	0.00032044819472100124
55411.82572689219	1.000259651656285	0.0003203769011191137
55411.84616083526	0.9999565581984187	0.0003203908649787508
55411.86659467787	0.9994624457588116	0.0003203343075186014
55411.887028620244	0.999816437915885	0.0003203475345047411
55411.90746236262	0.9997043360124495	0.0003202910180019881
55411.927896204536	0.9996774208666949	0.00032031458604761585
55411.94833014645	1.0000587657536277	0.00032031325089261465
55411.96876388789	1.0002171356125482	0.0003203781904745073
55411.989197729104	1.0001202751299763	0.0003203763086706111
55412.00963167031	1.0000946432575244	0.0003203624725311306
55412.03006551106	1.0006627803864725	0.0003203880390328782
55412.05049925181	0.9997342290109735	0.00032033175537542354
55412.070933192095	1.0001467573018812	0.00032031990553917853
55412.09136693237	0.9999897079015991	0.000320360449417885
55412.11180077219	1.0001687535373531	0.00032035913096473557