56129.41234433863	1.0001774305928919	0.00033455083216332504
56129.4532126547	0.9996194336778653	0.00033473973166995105
56129.473646762504	1.0002042575907437	0.00033478181887142524
56129.51451497764	1.0000681336499553	0.0003347642804223508
56129.555383192084	1.0000555721626003	0.00033476864112337736
56129.57581729896	1.0003220069105563	0.0003347614892801298
56129.596251405834	1.000412145934385	0.0003347643078852654
56129.616685612236	1.0001044594847235	0.0003348021623678035
56129.65755372505	1.0001705333467865	0.00033474415997230216
56129.67798793099	1.0003217089215621	0.00033475646562622705
56129.69842193693	1.000150225938436	0.000334782583527316
56129.718856042644	0.9996005639226805	0.000334717697861629
56129.73929024835	1.000236314386329	0.00033476368826353364
56129.75972425359	1.0005065877837793	0.0003347875814776637
56129.78015845883	0.9999820235923675	0.00033476625189687273
56129.80059256384	0.9998250421228078	0.0003347263450117951
56129.821026568854	0.9995373132880055	0.0003347180283774771
56129.841460773394	1.0011083079619363	0.0003348136653993237
56129.86189487794	1.0002584881768586	0.00033474179674401023
56129.882328982254	0.999380166391143	0.0003347321664507469
56129.90276308656	0.9997948799524385	0.00033471785159358336
56129.92319719041	1.0001008432332077	0.00033472179796897037
56129.943631294256	1.0000860113958705	0.00033476936170765694
56129.964065397864	1.0008095571535764	0.0003348122717385054
56129.98449950148	0.9997503639660642	0.0003347382038671577
56130.00493360463	0.9999735404364061	0.0003347102134038882
56130.02536770777	0.9984602095998455	0.0003345492337601987
56130.04580181069	0.996914165110333	0.000334422762779452
56130.066235913604	0.9967367416961852	0.0003344047615507871
56130.08667001605	0.9959942002036694	0.00033436492398953227
56130.1071041185	0.9961721457953099	0.00033438408929010283
56130.12753832095	0.9956570169441074	0.0003344085153344633
56130.14797232293	0.9953378831699274	0.00033436282227491357
56130.16840642491	0.9953150641379307	0.000334358125000932
56130.18884062643	0.9950132816094213	0.00033431897555276575
56130.20927462818	0.9958137204989331	0.00033436525636288837
56130.229708729465	0.9952314261599566	0.00033434045791638274
56130.25014293075	0.9953818590676653	0.0003343660115788532
56130.2705769318	0.9950086954088819	0.0003343308404147737
56130.29101113262	0.9946238834533603	0.00033429759641486986
56130.31144523321	0.9951490741782913	0.0003342977324491107
56130.33187923379	0.9948547921600939	0.00033428954054876236
56130.352313434145	0.9952255676368091	0.00033434815176746295
56130.37274753427	0.9953722196390941	0.00033433999080423413
56130.39318153415	0.995069325516823	0.0003343560886047349
56130.41361573404	0.9946935630704588	0.00033430824002839686
56130.4340498337	0.9954539628857981	0.0003343466942292372
56130.454483933114	0.9949906467041875	0.000334330471878535
56130.47491803254	0.995659710373779	0.0003343391835870389
56130.4953521315	0.9948578282450449	0.00033430453343501345
56130.51578623045	0.99563972521763	0.00033434804363682055
56130.53622032917	0.9953821903678537	0.00033431769379567726
56130.5566544279	0.9957876597670583	0.00033438527028242137
56130.59752272441	0.9957303727824607	0.0003343638923254354
56130.63839092046	0.9972878325079475	0.00033446727005944553
56130.65882501802	0.9994010471316946	0.0003346047149174795
56130.67925901558	0.9996916919191281	0.0003346230985174866
56130.699693212904	0.9995917559345103	0.0003346603434235561
56130.72012721023	0.9996832838081631	0.0003346110516526966
56130.740561307095	0.9998715654983086	0.00033463047613931
56130.76099550395	0.9999742149865019	0.00033464957217548745
56130.78142950058	1.0004700137119658	0.00033473843748508045
56130.80186369721	0.9997110803634338	0.00033463592668581983
56130.82229779337	0.9994640784612877	0.00033464328705444816
56130.84273178953	0.9998386785590931	0.0003346456532808702
56130.86316598546	0.9995750713564342	0.0003346127632439818
56130.88360008116	1.0000588468843365	0.00033468511524444966
56130.904034076855	1.0000364566868327	0.00033462220483802417
56130.92446827232	0.9995395650108282	0.00033461921140175675
56130.96533646255	0.9998128339007748	0.0003346388455912777
56130.98577055754	1.0005078321929837	0.00033468978946997853
56131.006204652076	1.0001201800924553	0.0003346775017811193
56131.02663874661	1.0002179326644065	0.00033465034344600805
56131.047072841146	0.9995018262356774	0.00033462191497744657
56131.06750693521	0.9996342155404765	0.00033468661396294754
56131.08794112928	1.000186575630334	0.0003346870097391688
56131.108375223106	1.0003527323979575	0.00033463716146886203
56131.12880921671	1.0000535634076277	0.00033465870451997604
56131.14924341031	0.999852974612828	0.000334644235961533
56131.16967750344	1.0002553869749518	0.00033463820028064814
56131.19011149658	1.000168000334183	0.00033466927277896934
56131.210545689486	0.9999074963977337	0.00033464601207416054
56131.25141377482	1.0001246854844978	0.0003346719100413452
56131.29228205946	0.9997563501429825	0.0003346288400426013
56131.31271625167	1.0004574685287984	0.0003346963758106462
56131.33315024341	1.000526841166106	0.0003347161960292465
56131.35358433514	0.9996546708992611	0.0003346274190696207
56131.37401842665	0.999794678571853	0.0003346036381929208
56131.39445251816	0.9998638039386473	0.0003346186689632267
56131.4148865092	0.9994925197959578	0.0003345838531424818
56131.435320700235	0.9994907635898707	0.000334575171961844
56131.455754791044	0.9998120023452219	0.0003345924952136521
56131.476188881614	1.000345389401697	0.0003346688595690566
56131.49662297219	0.9998030986907505	0.0003346266954792228
56131.5170570623	0.9997375240509508	0.00033460585168424903
56131.537491152405	1.0000091935144955	0.00033462262956955797
56131.557925242516	0.9999420078437693	0.00033467310698025713
56131.57835933216	1.0002618185437182	0.0003346642894568444
56131.5987935218	0.9999153836507743	0.0003346115740250758
56131.61922751121	1.0001567536303695	0.00033464655534293155
56131.63966160039	0.9998224017189941	0.0003346515361141045
56131.66009578933	1.0002692883140953	0.00033467852461287905
56131.68052987828	1.0001501195145324	0.0003346640379219801
56131.70096386699	1.0005126789589371	0.00033466359727925163
56131.721398055466	0.9999612876590573	0.00033462484149789974
56131.741832143714	1.0001076734916199	0.00033462609236882
56131.76226613196	0.9994437057978096	0.00033451042784617607
56131.78270031974	0.9999065747237759	0.00033459333984909873
56131.80313440752	0.9994922384859193	0.0003345867840239484
56131.8235683953	0.9999028135529974	0.00033458888996106917
56131.84400258261	0.9997918868331017	0.00033459164025240786
56131.86443666993	1.0002874048335568	0.0003346521849166189
56131.884870857015	1.0000645200312226	0.00033464434652083594
56131.90530484386	0.9996682778914314	0.0003346117188350325
56131.94617311709	0.9999910960603244	0.00033464944349704054
56131.96660710347	0.9993442991355973	0.0003345686625120272
56131.987041189626	0.999844956424718	0.0003346596898296565
56132.007475275546	1.000334460118591	0.00033463835716381323
56132.02790936146	1.0006768758841904	0.00033461603323468197
56132.048343447146	0.9996424148473392	0.00033459798441216204
56132.06877753259	1.0001560802424956	0.0003346104433461235
56132.089211617815	1.000251224182717	0.00033466163162731993
56132.109645802804	0.9999771040716371	0.00033459278425786637
56132.130079887786	0.9997058966345248	0.0003345936014433528
56132.170948057064	0.999875738956075	0.0003346214187437771
56132.19138214158	1.0000191469227142	0.0003346111332495138
56132.21181612564	0.9999720998730303	0.00033463045065820405
56132.232250309695	0.9996388136895845	0.00033457542635516123
56132.25268439351	1.0001382852320342	0.0003346550335968262
56132.2731183771	1.0001056120936695	0.0003345731141373823
56132.293552560695	0.9995295821768682	0.0003345869421638317
56132.31398664405	1.0000072433746774	0.00033461049728619724
56132.33442062717	0.9997786651646317	0.00033460394166007765
56132.354854810066	1.0000135189734125	0.00033459617170739927
56132.37528889272	1.0001297264590596	0.0003346760509277984
56132.39572307538	1.0003567108317177	0.00033465676329843766
56132.436591139995	0.9996232337018147	0.00033454923142666745
56132.45702532196	0.999966322811521	0.0003346102571865408
56132.47745930392	0.9991073483625031	0.00033453822693305373
56132.49789338564	0.9999222905798553	0.00033459857104440504
56132.51832756714	0.9996993530087389	0.00033455421648376346
56132.5387615484	1.000128806096651	0.00033463415071423606
56132.55919562942	0.99982867253624	0.00033460534080657456
56132.579629810454	0.999886888704133	0.00033458636326263823
56132.60006389125	0.9992507115315051	0.0003346110951194858
56132.62049797181	0.9999510924965554	0.00033462732048421197
56132.64093205214	1.0000028030240606	0.0003346309751421161
56132.66136613247	1.0003610043357383	0.00033461941986180437
56132.681800212566	0.9998475622875832	0.00033465494408358684
56132.70223429243	1.000309784915313	0.00033462232418796095
56132.722668372066	0.999920935069798	0.000334603978730817
56132.74310245169	1.000541946060188	0.00033468360211691135
56132.76353653086	0.9997712712324976	0.00033459241670671025
56132.78397051003	0.9997846936979148	0.0003345498223928914
56132.804404688955	0.999666525061301	0.00033455176717043237
56132.82483876789	0.9999465988399293	0.0003346297174557441
56132.84527274636	0.9993837230506503	0.0003345944462430896
56132.86570692482	0.9997137314978081	0.0003345621427179164
56132.88614100306	1.0000971435064259	0.00033458886909091146
56132.92700915906	1.0002093598308475	0.00033457977918397407
56132.9474432366	1.0000911297571142	0.00033459611577993164
56132.967877414136	0.9999976195152396	0.00033463326259165294
56132.98831139143	0.9997377639587948	0.00033467677195431016
56133.02917964557	1.0002620951525238	0.00033462053526992554
56133.04961362241	0.9996219701522028	0.00033457046384287943
56133.07004769902	1.0000364785067941	0.0003345997795530354
56133.09048187539	0.9998682534072396	0.00033465693698426206
56133.11091595176	0.9997446969856852	0.00033460366271936874
56133.131349927666	1.000348780135196	0.0003346726096824037
56133.15178410357	1.000089360419574	0.0003346179168059391
56133.21308633013	1.0003152980808485	0.00033466615124122827
56133.23352040533	0.9999342045869463	0.0003346103435024902
56133.25395448031	0.9997431207990476	0.00033459988523654475
56133.294822629556	0.9999935514738832	0.00033452866336803
56133.31525680407	1.000260606362978	0.0003346390124324628
56133.335690778345	1.0006023131450532	0.0003346732032276194
56133.356124852384	1.0001226561475105	0.00033458589937987167
56133.39699299977	1.0002069287787068	0.0003346367050334231
56133.4378611467	0.9999546161174926	0.0003345779360418345
56133.45829521981	1.0002019060648653	0.0003346129196378875
56133.478729392686	1.0000747588251564	0.0003346004109093238
56133.499163365566	0.9998974929921164	0.00033454792478341573
56133.51959743821	0.9996575325572362	0.0003345121285553637
56133.56046558281	1.0000994513394528	0.00033463611715315835
56133.58089965476	0.999966419656855	0.0003345586276647346
56133.6013338267	1.0002356381675188	0.0003346127415401565
56133.62176779842	0.9999056636857665	0.0003346179385897488
56133.642201869894	1.0005478895050828	0.00033468975170123104
56133.66263604115	0.9995518794232122	0.00033453059242992243
56133.683070112165	1.0008200569608947	0.00033464328073967497
56133.70350418318	1.0003924797266386	0.00033464409779295623
56133.72393825396	1.0003118902398596	0.0003346090576966881
56133.744372324516	0.9998087657683629	0.00033467566030802813
56133.76480639483	0.9998066377658307	0.0003346890347219181
56133.78524046515	1.0002997429305234	0.00033467730052073814
56133.80567453524	0.9997056150502105	0.00033470883879451206
56133.846542674706	1.0005950554219956	0.00033475869489411273
56133.866976744095	1.0000244085800976	0.000334673834535829
56133.88741091348	1.0000706634380092	0.0003347173352404113
56133.94871312001	1.0006163148227154	0.0003347093413205109
56133.9691470887	0.9997101508738977	0.00033464233552488144
56133.98958125692	0.9996140451361288	0.00033467340886034083
56134.01001532514	1.0002408932167297	0.00033474837971169714
56134.03044929313	1.0003616109129627	0.00033471876074704133
56134.05088346089	0.999271027907673	0.00033461347662062154
56134.071317528644	1.0004458175069764	0.00033474845775910997
56134.09175149617	1.000186722494683	0.0003346753256226669
56134.11218566323	0.999705601623659	0.00033467982240757243
56134.132619730284	0.9992319778354087	0.0003346384891058436
56134.153053697344	1.0003477859262517	0.00033476642591035333
56134.17348786394	1.0000763644580064	0.00033467799268291354
56134.19392193053	0.9997026658060755	0.0003346738537474035
56134.21435589689	0.9999054651971041	0.0003346985644588238
56134.23479006302	0.9999593389340818	0.00033468901736796345
56134.275658194805	1.0003355718247438	0.00033472021943969145
56134.296092260236	0.9998044636708806	0.00033471669996429257
56134.31652632566	0.9998446466357797	0.0003346511451926881
56134.33696049086	0.9998950509959511	0.00033468550112382135
56134.357394456056	1.0001135832563315	0.0003346867517364071
56134.37782852078	0.9999743013314134	0.0003347148631453938
56134.398262685514	1.000340827333832	0.00033471196318021697
56134.41869665001	0.9999044419773848	0.0003346972744867029
56134.43913071427	0.9998284718112127	0.0003347282415843117
56134.45956487831	1.0005176839029484	0.00033474389504877905
56134.47999884234	1.0004941211298204	0.00033471915841311523
56134.500432906134	1.0001133050196693	0.00033468608984882234