56366.969638236566	0.9999177540268919	0.0003131910000264414
56366.990071835986	0.9995467371401753	0.00031308995613759283
56367.01050553564	0.9999338342937829	0.0003131744370471511
56367.03093923552	0.9992122010827101	0.00031309724052573196
56367.051372935755	1.000292562349173	0.0003131863211590944
56367.07180663611	0.999806293042559	0.0003131313782874409
56367.0922403368	0.9995615421932449	0.0003131293194003393
56367.11267403785	1.0000314344318144	0.00031314740864070824
56367.13310783902	0.9998506263641842	0.00031311785501101947
56367.15354144053	0.9997153621502517	0.00031311663185122786
56367.173975142396	1.0005536216020374	0.0003131960400573755
56367.19440894437	0.9997896193256934	0.0003131375210743922
56367.2148425467	0.9999833331466048	0.00031314760936702993
56367.23527624927	0.9999721321400634	0.0003131196494558158
56367.255710052064	1.0002990437819255	0.0003131710251959626
56367.2761437552	1.0003556725957488	0.0003131537094530902
56367.29657745858	0.9999474694498238	0.00031313300545980025
56367.31701116219	1.000450822813666	0.0003131382996643108
56367.33744486615	1.000072129246864	0.0003131167923411369
56367.35787857034	1.0000639083458338	0.00031310848171068516
56367.37831227477	1.0002228973402267	0.00031315303558095993
56367.419179784316	0.9999788013190529	0.00031311270303842066
56367.46004709514	1.000197852684885	0.00031312031133966467
56367.48048090085	0.9998890298088177	0.00031309794238690313
56367.500914506905	0.9999162462643016	0.00031310679976046636
56367.52134831319	1.000019196264018	0.00031310762380523855
56367.54178201971	1.0004931693521684	0.00031314131322780645
56367.562215626574	1.0007301592493514	0.0003131244574735313
56367.58264943356	0.9997392163398002	0.00031306586729579173
56367.6030831409	0.9994389452028647	0.0003130616834712337
56367.62351674859	0.9992902059379172	0.0003130431562745751
56367.6439505565	0.9997507684610003	0.0003131252464728781
56367.664384164535	0.9999290632370437	0.00031308281365633015
56367.68481797303	1.0002165204974862	0.00031310609213798583
56367.70525168165	0.9997548055336974	0.00031309173708833263
56367.725685390615	1.0006516291860452	0.00031309895539949215
56367.74611909981	0.999478965212844	0.00031303939995610603
56367.76655280924	0.9998614618149612	0.0003130781879292028
56367.78698651902	1.000472519327163	0.00031311574498563003
56367.80742022903	0.9998728775425476	0.0003130576796031174
56367.82785393928	0.9998788445447188	0.0003130867822342968
56367.848287649875	0.9999588606180454	0.0003130953156754748
56367.88915507164	0.9995767084757541	0.00031304601049422006
56367.909588883056	0.9999235084761213	0.0003130610677684161
56367.93002259458	1.0000988877902963	0.0003131070014884225
56367.950456206454	1.0003431981339304	0.00031312155991438973
56367.970890018565	0.999851876849119	0.0003130768596661782
56367.9913237309	0.9993530081908102	0.0003130343685853791
56368.01175734359	1.000700960160934	0.00031310647535948523
56368.03219115652	1.0006173297246856	0.00031310198704897623
56368.05262486967	0.9992864622866298	0.0003130329082912911
56368.07305868318	0.9998883198943447	0.00031306755000382204
56368.0934922968	1.0005129816805411	0.0003130512967778136
56368.11392601077	1.000339429985074	0.00031310122769600456
56368.13435982509	0.9994583636488494	0.0003129902720678749
56368.15479343952	0.9995966211974852	0.00031298222060275325
56368.17522715431	1.0000651191440542	0.00031301539169376595
56368.19566096933	1.0000706002427033	0.000312991150512447
56368.21609458458	1.0002042580129487	0.00031302699721027073
56368.23652830018	0.9998714006503265	0.0003129943599251964
56368.277395732075	1.0006971608054636	0.0003130915331542636
56368.29782954849	1.0002565016360554	0.00031302763722573096
56368.31826316503	0.9993815903166378	0.0003129584937397656
56368.33869688191	0.9999512494447779	0.0003130228716306361
56368.35913069914	0.9996680173276659	0.0003129985591969044
56368.379564316485	0.9995422769519574	0.00031301175713183154
56368.399998034176	1.0002123523160522	0.00031305559824636295
56368.42043185211	0.9996425125673699	0.0003129761540058496
56368.44086557027	1.0000272758934632	0.0003129906476343051
56368.46129928878	1.0002522152533007	0.0003130542156918166
56368.481733007524	0.9999601724951939	0.00031301913604380105
56368.5021667265	1.0002749682388183	0.00031301119471886584
56368.52260044582	0.9997442586203469	0.00031298820390537646
56368.54303416527	0.9993411749461059	0.00031297785907033904
56368.56346788506	1.000039820067297	0.00031300919671779586
56368.5839017052	0.9999259353432837	0.0003129969342553973
56368.60433532546	1.0001668764390323	0.0003130133390246783
56368.624769046066	0.999995592479607	0.00031303503670171087
56368.6452028669	1.0000463256834682	0.0003129841431273711
56368.665636487975	1.000022426919736	0.00031302549647845425
56368.6860703094	0.9998810087383144	0.0003130375477112124
56368.70650403105	0.9998721400328676	0.00031299540007773304
56368.72693765294	1.0002668798739354	0.00031304021292278243
56368.74737147506	1.0003509123700052	0.00031302596805323076
56368.76780519752	1.000439868491582	0.0003130700423459731
56368.78823882023	1.0001443599972195	0.00031305285625264135
56368.808672643165	0.9993301207385304	0.00031300182017461635
56368.82910636633	0.9998339578627297	0.00031299146886871305
56368.84954018985	1.0008361184995336	0.0003130506833271677
56368.8699738136	1.000311175206023	0.0003130105699506346
56368.890407537576	0.9996705265915274	0.00031300616587672225
56368.91084136191	0.9999126984001276	0.00031302832350743007
56368.93127498648	1.0001908904413943	0.0003130454084983835
56368.95170871127	0.9996283722174021	0.0003130134515171527
56368.9721424363	1.000217400912293	0.00031301307704827185
56368.99257616157	1.0005824042905374	0.00031307632108546445
56369.013009887174	1.0000376371291175	0.0003130595625811648
56369.03344361302	1.0001339786486565	0.0003130390012215061
56369.05387733922	0.9995929690842759	0.00031300608543756236
56369.074311165525	0.9996279271960633	0.00031301499460435864
56369.094744792186	1.0001655490977948	0.00031297542544620675
56369.11517851908	1.0002618905875564	0.0003129961707615002
56369.13561234632	1.0002394818884517	0.00031305744532197124
56369.15604607368	1.0004977200764	0.0003130678704434317
56369.17647970139	0.9999451790214452	0.0003130233323129116
56369.19691352944	1.000013533557693	0.0003129883563931268
56369.21734725762	1.0003149182494364	0.0003130563620586187
56369.237781086136	0.9997441728324633	0.0003129510689532048
56369.25821471489	1.000465167233145	0.00031303530962893564
56369.278648443884	0.9997499522677691	0.000313011865371319
56369.2990822731	1.0002860514125713	0.0003130259702548433
56369.31951590267	0.9998933989110836	0.00031302545973808715
56369.33994963248	1.0000272506185597	0.0003130219173036361
56369.36038346263	1.0003748265793675	0.0003130000019677998
56369.3808170929	0.999716946160705	0.00031294132139803374
56369.40125082352	0.9998064204354826	0.0003129536447064036
56369.421684654364	0.9995711297481538	0.00031296347380806194
56369.44211828545	0.9999089231887903	0.00031298361660859174
56369.462552116885	1.0003941662094136	0.00031299975572185283
56369.48298584855	0.9999324535647588	0.00031298781721404706
56369.50341948045	1.0000121453365154	0.00031295449333256946
56369.52385331258	1.0000913836067369	0.0003130054282166702
56369.54428704506	0.9999830058752097	0.0003129296769506151
56369.56472067777	1.0000597175420514	0.0003129669746880885
56369.58515451072	0.9995913322447835	0.0003129509547607683
56369.605588243896	1.000040814033914	0.00031295858118396896
56369.62602197743	1.0004569317467702	0.0003130119066016733
56369.64645571119	1.0001901559006414	0.0003129890583873592
56369.66688944518	1.0001372337376828	0.0003130103867299069
56369.687323179525	1.0002620802532873	0.0003129971201461183
56369.70775691399	1.0002929244480196	0.0003130107196951289
56369.72819064879	1.0002493312554521	0.00031293795503347787
56369.748624383836	1.000191420695573	0.0003129111614546128
56369.76905811923	0.9996555302003879	0.00031292562263991183
56369.78949185485	1.0004317846825443	0.0003130049654830844
56369.80992569071	0.9996653262742786	0.00031291146980525316
56369.8303593268	0.9998346797013765	0.0003129602602815734
56369.85079316312	0.999922339889629	0.0003129501098398346
56369.87122689979	0.9996472070483234	0.00031290798826450275
56369.91209437383	1.000056723240554	0.0003129718488831496
56369.93252811132	1.000296950790989	0.0003130018907200087
56369.95296174904	0.9996276693814075	0.00031288582417713984
56369.97339558687	0.9997237515295209	0.00031292578451455713
56369.993829325176	1.000171224497835	0.00031298674148613455
56370.0142631636	0.9999678081302298	0.0003129048034079398
56370.03469680236	1.000082224238341	0.0003129644063790024
56370.05513054136	1.0000098020252857	0.0003129785047566318
56370.07556438059	0.9998304855104712	0.00031292991771784924
56370.09599802017	1.0002903969529928	0.00031297623986965676
56370.11643175999	0.999735266006831	0.00031295484933738325
56370.13686560004	0.9997457031022493	0.0003128567475770169
56370.157299240316	1.0006514608150527	0.00031300624538465016
56370.17773298095	0.9993653026458362	0.00031288920714930536
56370.19816682169	0.9997304343929534	0.00031292754137239316
56370.21860056279	0.9998165396702909	0.0003129068764344672
56370.239034304235	1.0003533500096127	0.00031296197037649476
56370.2594679458	0.9997594134319836	0.0003128850272338937
56370.279901787704	0.9998358010334704	0.0003129456537578405
56370.30033552985	0.9999777504279425	0.00031289972291198527
56370.32076927222	0.9996603137309202	0.00031285999193711493
56370.34120291495	1.000192135526546	0.0003128876755942079
56370.36163675791	0.9999670165917379	0.0003128738842893556
56370.3820705011	1.0001651339978053	0.00031289573087025607
56370.40250424452	0.999510106010897	0.0003128458611509088
56370.422937988296	1.0003056648469948	0.00031291938621993954
56370.44337173218	1.0001012121697697	0.00031289007258325545
56370.46380557642	0.9999710671755621	0.0003128931640861734
56370.48423922101	1.0002839824014231	0.0003128978751977867
56370.50467296572	0.9998783095658051	0.0003128511086632012
56370.52510681077	1.0001753525950243	0.0003128979231240125
56370.545540456056	1.0003859084913675	0.00031292081919983574
56370.56597430157	1.0002010207510317	0.00031291274187984536
56370.58640804744	0.9998167268453022	0.00031285638727347195
56370.606841693545	1.0002624498529202	0.0003128794712222826
56370.627275539875	0.9998574897870333	0.00031287300055744734
56370.647709286444	0.9997690659804703	0.0003128391779514251
56370.668142933246	1.0002415448379802	0.0003128955739952116
56370.709010527775	0.9999025420734574	0.0003128742884471476
56370.72944417539	1.0001246942671898	0.0003129097721038167
56370.74987802335	0.9996274814981096	0.00031285963033863586
56370.77031177155	0.9999835428349676	0.00031288321311558314
56370.81117926864	0.9983408858313119	0.0003127545799984466
56370.83161301754	0.9972174035381778	0.0003126610392573028
56370.852046866785	0.9966394698597115	0.0003126049308882095
56370.87248051626	0.9966786065510445	0.0003126097327093317
56370.89291426597	0.9956708940580286	0.0003125576344967376
56370.91334801603	0.9952471147552547	0.00031251677636210307
56370.9337817662	0.9952219531298584	0.0003125083816311189
56370.95421561673	0.9956327572430881	0.00031256900158242945
56370.97464926749	0.9949391839453183	0.00031247647152463933
56370.99508301859	0.9953585395500479	0.00031251545352763155
56371.01551686982	0.9954011098648416	0.0003125146774272496
56371.035950621386	0.9945699997304159	0.00031244716058894783
56371.05638427319	0.9950501876945087	0.0003124960740124511
56371.07681812535	0.9947659862823239	0.00031245014329377765
56371.097251877625	0.9948842894012078	0.00031246755213428174
56371.11768553024	0.9947120351964864	0.00031246652337854614
56371.1381193831	0.9946978545442177	0.000312440436080711
56371.158553136294	0.9952256587712123	0.000312515846240846
56371.17898698962	0.9952271558738116	0.00031249952192623475
56371.19942064329	0.9949770310524132	0.0003124992057953403
56371.21985439719	0.9949912258766213	0.0003124897291757101
56371.240288251436	0.9949618857057018	0.00031249751755067133
56371.260721905805	0.9953358272603708	0.0003125417988716996
56371.281155660516	0.9952020549289619	0.00031253072208129465
56371.30158951547	0.995564918326739	0.00031258612036462474
56371.32202317065	0.9951996720475321	0.0003125359592645358
56371.34245702618	0.9956192863601715	0.00031252106020866646
56371.36289078183	0.9958912574473812	0.0003125637931731713
56371.383324437826	0.9959491167561494	0.00031254357533561214
56371.40375829417	0.9964429736294758	0.00031256564213842766
56371.42419205063	0.9965422947758895	0.0003125983853720067
56371.444625807446	0.9975993852056381	0.000312677986998092
56371.465059564485	0.9987651833579799	0.0003128031772387058
56371.485493321765	0.9999389498281279	0.00031291962160171573
56371.50592707928	0.9998570694330201	0.00031284166162221715
56371.52636083713	1.0001991366131244	0.0003128692868813763
56371.56722835355	0.9997513620815206	0.000312843025965062
56371.587662112106	1.000186847955698	0.0003129018836591062
56371.608095871015	1.0004522106055649	0.0003128984708228453
56371.62852973016	0.9994594003505474	0.00031284056156438646
56371.648963389525	0.9996395718667904	0.000312872520873109
56371.66939714913	0.9999548830719754	0.0003128583862644418
56371.689831008975	0.9996821486613581	0.00031279593565062934
56371.71026466916	0.9999994033516699	0.0003128913704466091
56371.73069852958	1.000000187549623	0.0003128675052635079
56371.751132290236	0.9998389790503649	0.0003128675972516291
56371.77156595123	1.0001313889669778	0.00031287791217370786
56371.79199981247	0.9994854333408623	0.0003128238964685923
56371.812433573825	0.999713091524965	0.00031282683896010266
56371.83286723564	1.0001087024806188	0.0003128550861235958
56371.85330109757	1.0001709343939749	0.00031286643758948057
56371.87373485974	0.9994993244122519	0.00031281770180176407
56371.89416852225	1.0003814962632431	0.0003128626114303196
56371.914602385004	1.0003347936991134	0.0003128717926267062
56371.935036148105	1.0002524598921052	0.00031290550755636335
56371.955470011315	1.0003782125739822	0.00031290291748103043
56371.97590367488	1.000029421849925	0.0003128831013190882
56371.99633743868	1.0002856496616095	0.00031286643366549953
56372.016771302704	0.9998142227320614	0.0003128336736499488
56372.037204967084	0.9997337677174082	0.00031281467377474413
56372.05763873158	0.99938154355586	0.00031283094882547034
56372.07807259642	1.0002046318880733	0.00031287853401139424
56372.0985063615	1.0000904891541884	0.00031284759443486466
56372.11894012692	0.9996898065604559	0.00031285239622479464
56372.13937389247	1.0004989013769003	0.0003128939435277523
56372.15980755836	0.999802479631715	0.00031287250129708794
56372.18024142449	1.000071404994991	0.00031288764909635184
56372.20067519096	1.0004070578880184	0.00031288614739580076
56372.22110895755	0.9999543538114203	0.0003127412397539509
56372.241542724485	1.0003138471960615	0.0003127000513640826
56372.26197649166	1.0008174202177351	0.00031296464359212734
56372.28241015907	1.0002967577547315	0.00031279253315915723
56372.30284402671	1.0002532296639501	0.00031280740886489687
56372.32327779469	0.9998670913049362	0.0003127480809560013
56372.343711662914	0.999756414614459	0.0003126808364474876
56372.36414533136	0.9999965433483984	0.0003128285064198033
56372.38457910005	1.0006244043280972	0.0003128014927820295
56372.40501296909	0.9999062804190709	0.00031284252826290214
56372.42544663836	0.9999863602351055	0.0003127937925529564
56372.44588040785	1.0001283087562096	0.00031276248374306553
56372.46631427759	0.999853437064817	0.0003127224614899763
56372.48674794755	1.00053458270023	0.00031278410475231374
56372.50718181787	0.9997659922817902	0.0003127714343002848
56372.52761558842	0.999402820095639	0.00031270758450611664
56372.5480492592	1.0002942544234872	0.00031281506242133116
56372.56848313021	1.0001964373972299	0.0003127341938825438
56372.60935057317	0.999608082987799	0.00031271708703375066
56372.629784445	0.9996283671784818	0.00031271564365038156
56372.650218217066	0.9994938824942491	0.0003126931778732797
56372.670651989356	0.9998412608684981	0.00031275541711741326
56372.691085762	0.9998761214309992	0.00031266610726171494
56372.71151953488	0.9997677446858457	0.00031271640681903315
56372.73195340799	0.9998211982395735	0.00031268018741616486
56372.75238708133	1.0003433635793468	0.0003127252394679387
56372.772820855025	1.0003839250908493	0.0003127735307111116
56372.793254728946	0.9996974813290612	0.0003127115143500965
56372.813688403105	0.9999082302492026	0.0003126811773366388
56372.8341221775	1.001215770961105	0.0003127931058215317
56372.854556052116	0.9997959085206832	0.00031274281535955344
56372.8954236023	1.000162210358389	0.0003127848886269112
56372.91585737773	1.0004098212338104	0.00031274585113906164
56372.936291053404	1.000390522395406	0.00031276781418004173
56372.95672492943	0.9994869881012504	0.00031269267910828214
56372.977158705675	0.9992032414519629	0.00031269414452479065
56372.99759238216	1.000097913848605	0.00031273562695189163
56373.018026258884	1.0000215404258124	0.00031273436496391424
56373.03846003583	1.000069422504423	0.0003127575135442031
56373.05889371313	0.9997734965177003	0.00031269871051157317
56373.07932759067	0.9997634618179938	0.00031268920801668287
56373.09976136843	0.9999265296314958	0.00031270638352236306
56373.16106270324	1.0004012861570772	0.00031278495729020347
56373.18149658206	0.9997959525422767	0.00031270347992556517
56373.20193026111	0.9996542770511876	0.0003127104714034571
56373.22236404038	1.000107965172632	0.0003127450543228537
56373.242797920015	0.9998711222067985	0.0003126912915048191
56373.26323159988	0.9995150122120033	0.0003126620105078847
56373.28366547997	1.0001022845410965	0.0003127255258870834
56373.32453304085	1.0000268897247904	0.0003126916465395618
56373.344966821765	0.999696822902569	0.00031271789176920975
56373.36540060291	1.0000832004428406	0.0003127241382289366
56373.38583438428	0.9995243819816961	0.0003126747094716875
56373.40626816589	1.000096624260431	0.00031271641211667764
56373.42670194785	1.000340347751751	0.0003127345334485165
56373.44713572992	1.0003102300486983	0.00031272214160360566
56373.467569512344	1.0000626978944096	0.000312714414194202
56373.488003295	0.9999468712398747	0.00031269659994760153
56373.508437178	0.9996307330919199	0.0003126612098583038
56373.528870861126	1.0000912879026012	0.0003127141395213692
56373.5493046446	1.0002750863022656	0.00031272820538168173
56373.5697385283	0.9999501375951392	0.0003126932687832206
56373.590172212236	1.000049263576274	0.00031269005032963067
56373.61060599641	0.9997727084040496	0.00031267850716056457
56373.63103988092	1.000458257128071	0.0003127978531347411
56373.651473565675	1.000382337308596	0.00031269883243254605
56373.692341235874	1.0002744858717805	0.000312729050180668
56373.712774921325	1.0003361020017203	0.00031272773636870516
56373.73320880713	1.000128152908191	0.00031269517735038214
56373.753642593154	0.999986283268076	0.00031269615040696
56373.77407627942	0.9996902283192778	0.0003126306035088315
56373.79451016592	1.0002111288384716	0.0003128143898229722
56373.81494395276	0.9997224718437502	0.0003126482856001389
56373.83537773973	1.0000562120792367	0.000312684740713006
56373.85581152704	0.9996011779087168	0.00031264755614990124
56373.87624531458	1.0001701802330683	0.0003126974668395907
56373.896679202364	1.0000948435360908	0.00031265961500757624
56373.91711289049	1.000042181151774	0.00031269263657404987
56373.93754667885	1.0000765233093991	0.00031265887907790476
56373.957980567444	0.9998448635233724	0.000312687715612335
56373.97841435627	0.9999735955577189	0.000312889356218511
56373.998848045325	1.0002274897029098	0.0003127961726207911
56374.01928193462	1.0001771595389755	0.00031291005071191233
56374.039715724255	1.0003717117722009	0.0003129307374355444
56374.06014951413	1.000699977534656	0.000312932403663168
56374.08058330424	0.999418821953482	0.00031261380522183284
56374.1010170947	0.9996237395872413	0.0003128324385240291
56374.121450885264	0.9995252751942644	0.0003126320768313197
56374.14188467619	0.9998278218076765	0.000312853469891972
56374.16231846734	0.9997631744946089	0.0003128780436324104
56374.20318605035	0.9998832970253764	0.00031288932504887324
56374.22361974232	1.0008618611186777	0.0003129635230723631
56374.2440536344	0.9994728413220577	0.00031264408258931765
56374.26448742684	0.9996373986374095	0.0003128848977135006
56374.30535501252	0.9995212551672775	0.00031287837657818557
56374.325788805654	1.0002285050766246	0.00031294745667245256
56374.36665639285	0.999688287842703	0.0003128693949560135
56374.3870901868	1.0005301580179509	0.00031297733226453
56374.407524080976	1.0001461921783004	0.00031293438199917547
56374.42795777551	1.0001872069962086	0.0003128949559684486
56374.448391670274	1.0004173252136392	0.0003129266170151354
56374.468825465265	0.9999234216403446	0.0003129068074702146
56374.489259260496	0.9998927209978715	0.0003129180940645556
56374.50969305596	0.9997222173179615	0.00031288656516648665
56374.530126851765	1.0000508065982177	0.00031289765093149623
56374.550560647695	0.999746330428799	0.00031290508289976197
56374.57099444397	1.0001641914753658	0.00031291644723190613
56374.59142824048	1.0001386087322115	0.00031291136300671917
56374.61186203734	1.0000524533296375	0.00031286639800034164
56374.632295834315	1.000581806848222	0.00031292729586748113
56374.652729631634	0.9995838872037079	0.00031283680095931215
56374.673163529194	0.9998412144149431	0.0003128812632255347
56374.69359732699	1.0004844573892535	0.0003129183466368004
56374.714031025	0.9999274549517149	0.00031287600537802443
56374.73446492326	0.999387846967723	0.000312854906657762
56374.75489862187	0.9999402308999974	0.0003128832637173344
56374.7753324207	1.0000289911772895	0.0003128798120425846
56374.795766319774	0.999868593863321	0.00031287615306074633
56374.81620001908	1.0000172141428634	0.00031288407090142447
56374.83663391873	1.0000707969296985	0.0003129208951631597
56374.8570677185	0.9996996587499312	0.00031283821320409415
56374.87750141862	1.0001359179633764	0.00031289948029678666
56374.897935318964	0.9996782937919756	0.0003128521053796889
56374.91836911955	1.000522235771582	0.00031290167903544954
56374.938802820485	0.9994529254843267	0.00031281899709676504
56374.95923672153	1.000003851462405	0.00031288842042289066
56374.97967052293	0.9997975874956974	0.00031283508543288795
56375.000104224564	0.9998725488341259	0.00031289198609487046
56375.020538126424	1.0000154680768092	0.00031287928981347455
56375.04097192864	0.999718442437664	0.0003128546992798753
56375.06140583097	1.0000261709309866	0.00031287634474260704
56375.10227333656	1.000107163887209	0.0003128776106004849
56375.1227072397	0.9996927506053627	0.00031286551033182124
56375.14314104308	1.0003514760236527	0.000312872657242038
56375.16357474681	1.0001593349465518	0.00031289361599258177
56375.184008650656	1.0007645490975776	0.00031293700278507756
56375.204442454844	1.0002003564516653	0.00031287580311093155
56375.22487625927	0.9996564411015014	0.0003128564794875654
56375.245310063925	1.0001929199047497	0.0003128731754811322
56375.265743868935	0.9996361774898725	0.0003128561840652911
56375.28617777406	0.9999072707381276	0.00031287216743865464