55885.393194733784	1.0005890888712274	0.0003225893509836437
55885.41362757837	1.0000760662586063	0.0003225816361541209
55885.43406052283	0.9995618876791509	0.00032258322964492307
55885.45449326718	1.0003386818692601	0.0003226502411758317
55885.47492621153	0.9996995705154947	0.0003226039670455948
55885.495359055756	1.0003138730106678	0.0003226135774637335
55885.51579189999	1.0007116951893804	0.0003227133414215491
55885.53622474411	0.9994936400555077	0.00032261066774055423
55885.55665758822	0.9999633619668048	0.00032256468750965853
55885.57709043222	1.0006066737743398	0.00032260898266987716
55885.59752327622	1.0002271769890494	0.0003226924318717473
55885.6179561201	1.0003486824087806	0.00032265006504770096
55885.638388963984	0.9998361024395201	0.00032262315050966844
55885.65882180775	0.9996983748925782	0.0003225905221521318
55885.67925465151	1.0000047037768494	0.00032265825420267185
55885.699687495166	0.9999235332117591	0.0003226727273593944
55885.7201203387	1.0000854148745886	0.00032255692382264766
55885.74055318223	0.999716252606687	0.0003225073852251256
55885.760986125766	1.0003178223403029	0.00032259407385941847
55885.781418869185	1.0001583931072164	0.00032264078638161647
55885.80185171248	0.9999719368589658	0.0003224954970609232
55885.822284655784	0.9998666262831429	0.0003225908389016398
55885.84271739908	1.0004577276645603	0.0003227277096673247
55885.863150342266	1.0009803933066437	0.00032266912534771006
55885.883583185336	0.9999409497505534	0.00032259934520686973
55885.904015928405	0.9996032464533102	0.00032255899318264384
55885.92444887135	0.9992821711590405	0.0003225949907237247
55885.944881714306	0.9998141447240546	0.0003225634916825751
55885.96531445725	1.0000698143716187	0.00032265145018454705
55885.98574740009	1.000123071590067	0.00032261805116008484
55886.02661298553	1.0002253501850726	0.00032266501011363836
55886.04704592813	0.9999613497936668	0.00032262515357062567
55886.06747877073	0.9996080536171276	0.00032259965166746827
55886.08791171321	0.999889146894903	0.00032265621862449074
55886.1083444557	1.0000243223538448	0.000322656793784855
55886.12877729807	0.999685088967973	0.0003226567593832432
55886.14921024044	0.9998824080819898	0.0003226650258597958
55886.16964298281	0.9997126552216288	0.00032265430992440994
55886.210508767195	0.9999746049793344	0.0003226823742695051
55886.23094160922	0.9996851955408163	0.0003225952858961875
55886.251374351355	0.9998552365740891	0.0003225907923318231
55886.271807293255	1.0004440264416778	0.00032268101341585524
55886.29224013528	0.9999244810946452	0.00032262682058496343
55886.31267297718	0.9999484813199275	0.0003226675927082812
55886.333105818965	1.0000663368054232	0.0003226753945595182
55886.353538560754	1.0004086846560298	0.0003227102424410769
55886.37397150243	0.999697847299128	0.0003225815536015788
55886.39440434409	1.0004154190098538	0.00032275676535564117
55886.41483708565	1.000064143756993	0.0003227557106271786
55886.43527002721	0.9998651418911598	0.000322639079988227
55886.455702868756	0.999968307982425	0.00032258589413701135
55886.47613581008	1.0000596000516642	0.0003227405590579168
55886.49656855152	0.999760076813182	0.000322720396469013
55886.51700139284	0.9995178183396829	0.00032262795154420245
55886.537434334045	0.9993380242591458	0.0003226611620880262
55886.55786707525	1.000044759064735	0.00032271441490760706
55886.57829991645	0.9999828951595757	0.0003227218208082805
55886.59873285743	0.9998018252578638	0.00032274240024966473
55886.61916559852	1.0002802262071302	0.000322798313072375
55886.639598439484	0.999741472125644	0.00032266333246125134
55886.66003138034	1.0003567396824726	0.0003226990709254742
55886.6804641212	1.0001927575404672	0.0003226813559247686
55886.70089706205	1.0002480012408415	0.00032274298569327087
55886.72132990279	0.9999896609334399	0.0003226706822483325
55886.741762743535	0.9997396697029344	0.0003227119645400366
55886.76219558415	0.9994660591186597	0.00032267399424348956
55886.78262842466	0.9997429131461049	0.0003226426435068487
55886.80306126528	0.9998721890001036	0.00032272990444173115
55886.82349410567	1.0004780406767382	0.00032276061827390154
55886.843926946065	0.9998030431763115	0.00032266421097280543
55886.86435978646	0.999672089621705	0.00032257043702537633
55886.88479272673	0.99948779555242	0.0003227015977650625
55886.905225467	0.9994239964392653	0.0003227175326571502
55886.925658407155	0.9997905521615682	0.0003227541774890673
55886.946091247315	0.9998903247323969	0.00032268161830950576
55886.966523987474	0.9997012327520696	0.000322715659491162
55886.98695692751	0.9998566045314764	0.0003227649798530334
55887.00738966744	0.9998809626345343	0.00032271087397527294
55887.02782250736	0.9996781467950241	0.000322703225918862
55887.04825544717	0.9992805751600413	0.0003226870095718452
55887.06868818698	0.9997840807621929	0.00032265646049390136
55887.08912112679	0.999751646147542	0.00032275309765231674
55887.109553966475	0.9998920865799635	0.0003227358265279103
55887.12998670617	1.0004223719134315	0.0003227576950697609
55887.150419645746	1.0007115543986056	0.00032275864481218447
55887.17085248532	0.9998189613691212	0.0003227033444258582
55887.19128522478	0.9999483792376794	0.0003227544764146906
55887.21171816424	0.9997894507284925	0.00032275605356818016
55887.232151003576	0.9998120627668042	0.0003227077936298137
55887.25258374292	0.9999761911289096	0.00032274078967462876
55887.27301668215	1.0000152142499492	0.00032275807313540054
55887.29344952137	1.0002263088255205	0.0003227101650054858
55887.3138824606	0.9999388306343006	0.00032275067646636774
55887.33431519971	0.9999719640151884	0.0003227583619386223
55887.3547480387	1.0001408039461124	0.0003226759882617277
55887.37518097781	0.9998048784831617	0.0003226706143516221
55887.39561381669	1.0004309976866548	0.00032274282413662146
55887.41604655556	0.9996990225988357	0.00032268160081974233
55887.43647949444	1.0001870121453296	0.0003227555087754689
55887.456912333204	1.000039448173928	0.0003227069734978409
55887.47734507196	0.9993835597660998	0.0003227262967971775
55887.49777801072	1.0001882851206199	0.00032275259955270814
55887.51821084937	0.9999124213195245	0.0003227143535891839
55887.53864368789	0.9997620576744369	0.00032273488300318373
55887.55907652642	1.0001172688285522	0.00032274814793305245
55887.57950936495	1.0002790781652142	0.000322700760812885
55887.59994220336	1.0004907055715495	0.00032274323662076813
55887.62037504177	1.000070829606704	0.0003227267615379495
55887.640807780066	1.0002078798618623	0.0003227647736651764
55887.66124071836	0.9997471925241204	0.0003227499267591933
55887.702106494835	1.0010497867615409	0.00032279758900258243
55887.72253923289	0.9998012452778856	0.0003227050073423517
55887.742972070955	1.0000279378823203	0.000322727341769512
55887.76340500901	1.0003653010669757	0.00032275991028429043
55887.78383774696	1.0004690176290711	0.000322705438843319
55887.80427058491	1.0003557777303498	0.00032280449361404324
55887.82470352274	1.0000582869365993	0.00032270421412543065
55887.84513626056	0.9995786961814599	0.00032269705775049643
55887.865569098394	0.9997891249016733	0.0003227601019664884
55887.8860020361	1.000063172699731	0.000322759972515978
55887.9064348737	0.9991636414864192	0.00032271771106762604
55887.926867711416	1.0004804051512257	0.00032280272142116507
55887.9473005489	0.9997791721983159	0.00032273500056465037
55887.96773338649	0.999868381365906	0.0003227925614867446
55887.98816622397	0.9999356448729075	0.00032275069473319275
55888.00859906133	0.9999959190368974	0.0003227393462491433
55888.029031898695	0.9996184912395392	0.0003227495807733253
55888.04946473606	0.9998989510170143	0.0003228009889413304
55888.06989757331	1.0000232447336304	0.00032277537200320084
55888.09033041055	1.0000064573613576	0.00032281478155871373
55888.110763347686	1.0002640234959461	0.0003227895547514209
55888.13119608481	0.9999519159623358	0.0003227602865613376
55888.15162902183	1.0003506497330512	0.0003228209309790629
55888.172061858844	1.0000513319820885	0.0003228333459948421
55888.19249459586	1.0001357460365858	0.0003227602441935327
55888.21292753275	1.0001759415574774	0.0003228133410710919
55888.23336036965	1.0006917867721599	0.00032282551986459945
55888.253793106545	0.9997172321249264	0.0003227891100821064
55888.27422604333	1.000619318749195	0.00032284340854931527
55888.294658779996	0.9999455074531584	0.00032277930007864307
55888.31509171666	1.000137743051192	0.0003228101041742212
55888.335524553324	1.0000334337580516	0.0003227975705235747
55888.355957289874	1.0000397303745028	0.0003227576565911529
55888.37639022642	1.000182693374474	0.00032282243099404027
55888.39682306297	1.0004254781605826	0.0003228302597131943
55888.4172557994	0.9998249591537809	0.0003228043984667382
55888.43768873583	1.0003923631000873	0.00032280271345995937
55888.45812157215	1.0001219842600204	0.00032278952217799223
55888.478554408466	0.9997001933556794	0.0003227691124562987
55888.49898724466	0.9998658013882793	0.00032274444983466135
55888.51942008086	1.0003420262470655	0.0003227927595781204
55888.539853017064	1.0001027498742407	0.00032279877183559523
55888.56028575314	0.9993514511012546	0.0003227358869999064
55888.580718589226	1.0001648833955836	0.0003228146881933478
55888.642017097125	1.000085964352584	0.0003227509316407018
55888.66245003298	0.9998472554234199	0.0003227431412466554
55888.68288286882	0.9997916205917845	0.00032278819993331487
55888.70331570456	1.0000528278101832	0.0003227589700354652
55888.72374854029	0.9999244215379773	0.0003227663881099125
55888.74418137602	1.0003946430592687	0.00032278889331149716
55888.76461431164	0.9997965905003359	0.00032276831194493865
55888.78504704726	0.9999510886674511	0.00032280627948714336
55888.80547988276	0.9995850308069218	0.00032276821920833174
55888.82591271826	0.9994281070278371	0.00032274780079648014
55888.84634555376	1.0004965411162834	0.00032280591936955895
55888.86677838914	1.000070495435867	0.00032275086468090556
55888.88721122453	0.999760318623327	0.00032271386909819274
55888.90764405992	1.0003853047346507	0.0003227573039747056
55888.92807699518	0.999539499009641	0.000322733299638525
55888.94850973033	0.9998641684837827	0.0003227376308529943
55888.968942565596	0.9995324625832283	0.00032275968092458103
55888.98937550075	0.999784939313116	0.00032272146811092707
55889.00980823579	1.0000310064925875	0.00032275384564252725
55889.030241070825	1.0003537872562547	0.00032281400022741985
55889.050674005855	0.999627557704009	0.00032273674480164663
55889.071106740776	1.000296714044425	0.00032279394642351766
55889.11197251061	1.0005145304522476	0.0003228183484636196
55889.15283818021	1.000185314106704	0.00032284318004727506
55889.19370384959	0.9998584474166479	0.0003228052614350331
55889.21413668427	0.9997585101493501	0.00032278021542152767
55889.23456951884	0.9987893555242641	0.00032265032868638357
55889.25500235341	0.9973266736431188	0.0003225593427663736
55889.27543528798	0.9963434184292235	0.0003224975460662185
55889.29586802243	0.9960605868184174	0.00032244646541958085
55889.31630095689	0.9952342259464689	0.00032239930978960024
55889.33673379122	0.9956015363339898	0.000322446467884692
55889.35716652556	0.9953508600482808	0.00032243431995341773
55889.3775994599	0.9954968394992061	0.0003224308404739974
55889.418465028335	0.9946573970720736	0.0003223704871167287
55889.43889796256	0.9950514256796709	0.0003223945342384885
55889.45933079666	0.9952182407801126	0.00032239658110221455
55889.47976353076	0.9947607156495322	0.0003223695542829005
55889.50019646475	0.9947295966819134	0.00032243110911277906
55889.520629298735	0.9951797316901116	0.00032238780432680534
55889.541062132725	0.9946259231826218	0.00032237535755413605
55889.5614949666	0.9948054962527034	0.0003223488633707795
55889.58192770058	0.9952295041540459	0.0003224361442863651
55889.60236063434	0.9948624139319803	0.0003223805154526707
55889.622793468094	0.9959005848669804	0.0003224229679186561
55889.64322630184	0.9956069445062713	0.0003224323029472381
55889.6636591356	0.9952817981176095	0.0003224125001589104
55889.68409196924	0.9953708617591707	0.0003223730335965326
55889.704524902874	0.9952542793875301	0.0003223478454639758
55889.7249576364	0.9954256506973639	0.00032238424173140914
55889.74539046992	0.9949971381975176	0.00032239484434273775
55889.76582340344	0.9956850435965418	0.0003224495210730323
55889.78625623696	0.9961531817993312	0.0003224963894031758
55889.80668897037	0.9957724541232267	0.00032248142297078655
55889.827121903654	0.9969317797019179	0.00032252196239381897
55889.84755473706	0.9980562614373394	0.0003226819766273664
55889.86798747035	0.9993413493688142	0.00032274014822191094
55889.90885323681	0.9998323390100131	0.00032278502210495786
55889.92928616998	0.9993982666714063	0.00032274699948105717
55889.94971890304	0.999997682262405	0.0003227636290165173
55889.970151736095	1.0002521657164356	0.0003227608900327887
55889.99058466915	1.0000911752461072	0.00032281470957144
55890.011017402205	1.0002718631077712	0.0003228423695817121
55890.03145023515	0.999955495017774	0.0003227877319177685
55890.05188316808	1.000140695631364	0.0003227689074619071
55890.09274873385	0.9999605282558098	0.0003227852494862303
55890.11318166655	0.9999601929706818	0.000322761658969972
55890.133614399376	0.9997373302527667	0.00032276224451641426
55890.154047332086	1.0000248942976582	0.00032279351471894936
55890.17448006479	0.9996159079348242	0.0003227706782058341
55890.19491289738	1.000247085986445	0.0003228050870367039
55890.21534582997	1.0001191950866384	0.00032272142007776244
55890.235778562565	0.9996083724102963	0.0003227191007798319
55890.25621139515	0.99978031963678	0.000322773301528839
55890.27664432763	0.9997219082808689	0.0003227168336334797
55890.297077060095	1.0008326788429025	0.000322867912154419
55890.317509992456	0.9998965891280017	0.00032278120539145754
55890.337942824815	1.000346634705544	0.0003228254631651651
55890.35837565717	1.0002100816230997	0.0003228308457561755
55890.37880848953	0.9993596458507868	0.00032274339078984277
55890.39924132177	0.9999691618100613	0.00032274860622076514
55890.41967415389	1.0001924076653304	0.0003227597941555318
55890.440106986134	1.0000768818082248	0.0003227595854697793
55890.46053981826	1.0005923922825164	0.00032283500550597463
55890.48097265038	1.0003772022360269	0.00032279658572081574
55890.50140558239	1.0001102221777247	0.00032278005689122594
55890.5218383144	0.9999447318168251	0.0003227304103239582
55890.542271246406	1.0002340194311585	0.0003227721056170025
55890.56270407842	1.0004096404070602	0.00032281486304644436
55890.58313681031	1.0005812269986694	0.00032285438845662805
55890.6035697422	1.0001312944498633	0.0003227650089315438
55890.624002573975	1.0002116890042898	0.00032282688405178297
55890.64443530587	1.0001461943227121	0.00032273533446016106
55890.66486823764	1.0003021562675458	0.0003227891664304008
55890.6853010693	0.9999845506777854	0.00032275892835612096
55890.70573380096	1.000153625285299	0.00032283554650783876
55890.72616673262	1.000795516084215	0.0003228008853650444
55890.74659956428	1.0000835037852818	0.00032281199300603406
55890.76703239582	0.999940653166115	0.00032273741286316295
55890.78746522736	1.0001784452526539	0.0003227277936469419
55890.807898058905	0.9997923405724719	0.00032275977104994345
55890.828330890334	0.9998095369671078	0.0003227335457949482
55890.84876372187	1.000195566029694	0.00032278018950995373
55890.86919655318	1.0002158614259304	0.000322796796174841
55890.88962938461	1.0004739821178559	0.00032282461292787754
55890.91006221592	1.0000221925462591	0.0003227793545070182
55890.93049514723	1.0002812295967094	0.0003228267222055317
55890.950927878424	1.0002470645394668	0.00032275531274964203
55890.97136070961	0.999942259022696	0.0003227191452932401
55890.99179364081	0.9995200617539236	0.00032268972034587754
55891.012226472	1.000007451044728	0.0003227501615766915
55891.053092134156	0.9997481738650702	0.00032276392235341733
55891.07352496523	0.9998660577808084	0.0003227215616292723
55891.09395769619	0.9999417785537564	0.00032267732928502866
55891.11439062715	0.9999186577766236	0.0003226937896814618
55891.13482345811	1.0000688539521883	0.0003227595430495437
55891.15525638907	0.9998798228505373	0.00032270830937438565
55891.19612195076	1.0005619218726478	0.0003228245079335011
55891.21655488149	1.0001546744249927	0.0003227236901179926
55891.236987612334	1.000042894603775	0.00032276849941309744
55891.25742044306	1.0000681654256909	0.0003227580128907583
55891.27785337367	0.9997020861341587	0.00032271986364648783
55891.2982861044	0.9997455382221956	0.000322732682755515
55891.31871903501	0.9994832673943044	0.0003226789920863745
55891.33915186562	0.9999609081311905	0.00032272979680460196
55891.35958459612	1.0003443923601512	0.0003227561160920803
55891.38001752661	0.9998967675626667	0.00032273739019644327
55891.400450357105	0.9998576481038618	0.00032278306108826676
55891.4208831876	0.9995458616562373	0.00032267545132584076
55891.44131601809	1.0000981304615022	0.0003227178599815293
55891.46174884847	1.0000195577963427	0.0003228020004466157
55891.48218167874	1.000168157747207	0.0003227593828718501
55891.50261450911	0.9997761645842642	0.00032276469768334346
55891.523047339375	1.0000555328960397	0.00032279047841958026
55891.54348016964	1.0001226994564265	0.00032279694062912605
55891.563912999896	0.9994717239303049	0.0003227072496977402
55891.584345830044	0.9993799720675703	0.0003227576541744896
55891.60477866019	1.0002815577405393	0.00032277503563845944
55891.62521149033	0.9998685527767766	0.00032274883483953597
55891.64564432048	1.0001242801523083	0.000322777120322307
55891.66607725051	1.000197909366613	0.0003227414368692176
55891.686509980536	0.9996817720171001	0.000322736329117019
55891.70694291057	1.0000615994685635	0.00032275429977747245
55891.72737574048	1.0005222492281503	0.00032281771898197404
55891.74780847039	1.0000318075652728	0.00032268987440588556
55891.76824140031	0.9993359646729703	0.0003226927671245802
55891.78867423022	1.0000620602967734	0.00032283377926248296
55891.82953988981	0.9999612640800398	0.00032276046810626643
55891.8499727196	0.999602250322669	0.0003228121282069252
55891.8704054494	1.0002549416053166	0.0003228064816361813
55891.890838379084	1.000309581411196	0.0003228505074357566
55891.911271208766	0.9997397218091507	0.00032278421177768486
55891.95213686801	1.0002157515262429	0.0003228660987230254
55891.972569697566	0.9998750686339685	0.0003227969910406437
55891.99300262713	1.0006302492573451	0.000322842047796617
55892.0134353567	0.999805133275615	0.0003228341944346548
55892.03386818615	0.9998771480377737	0.00032287455006320783
55892.054301115706	1.00012190565698	0.0003227968227831511
55892.07473384504	0.99965980278355	0.0003227743076045632
55892.09516667448	0.9998974472668004	0.00032277460121853525
55892.11559950381	0.9999721177617112	0.0003228248178234257
55892.176898091806	0.9995463598585441	0.0003227347505473277
55892.19733082108	0.9999834749920844	0.0003228075954799055
55892.21776375029	0.9998815845089866	0.00032283804415997525
55892.23819657945	1.0003208300055182	0.0003227952590512336
55892.258629308664	1.0003143384535853	0.00032290586672669336
55892.27906223776	0.9999053733938904	0.00032282565515679004
55892.29949506686	0.9994614927306543	0.00032278824785179395
55892.31992789596	0.9999802936156245	0.0003228261321433572
55892.34036072499	1.0002874616228863	0.0003228617971347228
55892.360793554035	1.000183745823549	0.00032276848394972114
55892.38122648302	1.0000489019194245	0.00032285620508454673
55892.401659211995	0.9999295970108207	0.00032282311301486203
55892.42209204092	1.0003830786935037	0.0003229080066743257
55892.44252496979	1.000378205224323	0.00032289099772240225
55892.462957698706	1.000404726225435	0.00032287011949205585
55892.483390527515	0.9996036587602334	0.00032286828201920934
55892.503823456325	0.9996503124346544	0.0003228437670272845
55892.52425618513	0.9994888924680249	0.0003228275727188333
55892.54468911388	1.00071197026102	0.0003228882690269851
55892.56512194263	0.9993978945818536	0.00032282847831603104
55892.585554671314	1.000191955194288	0.00032286165195880733
55892.60598760001	0.9995497206714221	0.00032274500239253825
55892.62642042864	1.000132149540328	0.0003228781133029492
55892.64685325727	0.9996412233074797	0.00032281102269134256
55892.667286085845	0.9998528862033007	0.00032280946087606417
55892.68771891448	1.0000657731851983	0.0003228203280106396
55892.70815174299	1.0002327026597655	0.00032283671699314927
55892.72858457151	0.9996868413802574	0.0003228097130358686
55892.74901739997	1.0006285201110254	0.00032291169263034376
55892.76945022842	0.9999493372164923	0.00032284243301858675
55892.81031588528	0.9997886891458628	0.0003228776806342196
55892.83074881362	1.0004861322241598	0.0003229466317050072
55892.85118154202	1.0000908862736215	0.000322911251081994
55892.871614370306	1.0008056701490433	0.0003229570565041844
55892.91248002687	1.0005395234895642	0.0003229020534457048
55892.93291295515	0.9993100325819189	0.00032276235628825133
55892.953345783375	0.9999651317087962	0.0003228745996351487
55892.97377851154	0.9997953493035854	0.00032285278899867785
55893.014644267874	0.9997834363951477	0.000322829019106477
55893.035076995984	1.0003014329902902	0.000322886233576567
55893.05550992409	0.9998880464266068	0.00032290858544684086
55893.07594275214	0.9997476137590616	0.00032285742347523954
55893.096375680194	0.9994720552753014	0.0003228286209738819
55893.11680840819	1.0004771041015956	0.0003228793041982365
55893.137241236174	0.9998998389105213	0.00032279694620652506
55893.15767416411	1.0000717842870133	0.00032291679383543404
55893.1781068921	0.99974731881002	0.00032286272762166966
55893.198539719975	1.0000864308884605	0.000322878088112824
55893.23940537573	1.0000734828842006	0.0003228600107547314
55893.2598382036	0.9996394447613667	0.0003227727521069713
55893.28027113136	0.9993254514794248	0.00032280329090452777
55893.300703959176	1.0003415077047921	0.00032286650546229777
55893.32113678694	0.9996893407230912	0.00032284504797856095
55893.3415696147	1.000001764595517	0.0003228611642301516
55893.362002442394	0.9993775240697076	0.0003228162574738319
55893.3824352701	1.0002596173885785	0.00032283989848638566
55893.40286809774	1.0006243669757389	0.00032289509191261615
55893.42330092538	1.0003567976332894	0.00032286192147060595
55893.443733753025	1.0001128529753314	0.00032283164663416607
55893.46416658061	0.9999864506032637	0.0003228204895204432
55893.48459930819	0.9991407411722044	0.00032265288891868165
55893.50503223572	0.9999944747201405	0.0003227709897773467
55893.52546506325	1.0001696657772916	0.00032288621534806434
55893.54589799077	1.000047569029757	0.0003228816848503344
55893.56633071824	0.9996425631707753	0.0003228332705949082
55893.58676354571	0.9996705570831873	0.00032279342668098854
55893.607196473116	0.999596865998555	0.00032287170312544173
55893.627629200586	1.0003704960165036	0.00032283516584710476
55893.64806202794	1.0004289224151697	0.0003229032487746111
55893.66849495529	0.9996576170572956	0.0003228836404416186
55893.68892768264	1.0001348591031751	0.0003228160906946881