55644.58088175631	1.0003112939067262	0.00032211738152867304
55644.601315725	0.9996459751109161	0.0003220684330176949
55644.62174969392	1.0000010638361425	0.00032206447543533915
55644.64218366307	1.000204715749462	0.0003221005758607828
55644.66261763246	0.999997900050921	0.0003221389408367354
55644.68305160196	0.9996244343144807	0.00032207465111104295
55644.723919541895	1.0004055644476046	0.00032222789761725425
55644.7443536121	1.0004421918064017	0.00032211809325909135
55644.76478748264	1.0001889131316521	0.0003220911097487964
55644.78522155331	0.9997457954164227	0.0003220582927381802
55644.82608939546	0.9995652501324143	0.00032203229576984355
55644.866957438426	0.9995867378223863	0.00032211600094233036
55644.88739131025	0.9993653346538823	0.0003220670853217434
55644.907825382434	0.9999449251731649	0.00032209597746502537
55644.92825935461	0.999884786269726	0.0003221088582168372
55644.94869322714	0.9999935339539178	0.00032210512034468153
55644.969127299904	0.9998602666359071	0.0003220817700460822
55644.9895612729	0.9995287599108698	0.00032208980882962975
55645.00999534601	0.9999104789567317	0.00032209835242019675
55645.03042921947	1.0003096684479968	0.0003221239840986532
55645.05086319304	0.9996353853035712	0.00032210226077480003
55645.07129716697	1.0003187251970147	0.00032215708700795775
55645.091731141016	1.000746462809712	0.0003221621535121088
55645.11216511529	0.9997042859289572	0.0003220527418061058
55645.132599189914	0.9998041412540245	0.00032210776448899085
55645.15303306454	0.9998625115056851	0.00032203494109735544
55645.173467139626	1.0004179918114544	0.0003221237171741048
55645.19390101472	0.9999674376881266	0.00032205162284713407
55645.21433499016	0.9999676135113884	0.000322138569289945
55645.255203041736	1.0001448662879073	0.000322163628330442
55645.27563691776	1.000036237184796	0.0003221033858241583
55645.296070994125	1.0007108499286794	0.0003221436617916337
55645.316504970615	0.9996374173131766	0.0003220655789247246
55645.33693884734	0.999812440740667	0.0003220397324012693
55645.3573729244	1.0009410072644103	0.0003222180904703612
55645.37780690159	1.0000022759282932	0.0003221289010771121
55645.39824097901	0.9991772195303331	0.00032207062923922614
55645.41867485666	0.9995274208091327	0.0003220301032585757
55645.439108834544	0.999947857352856	0.0003221260577457782
55645.45954291255	0.999832157866339	0.00032213076540818465
55645.47997679089	1.000152395046239	0.00032212102924179315
55645.50041076948	1.0003394363541038	0.00032215847401526743
55645.52084484818	1.000583831019202	0.0003221506965755603
55645.54127872722	1.0005776105999509	0.00032209658075039603
55645.56171280639	0.9991206224473486	0.0003220511746116999
55645.582146785906	0.9997557869553544	0.0003220818383829909
55645.60258066553	0.9997801634729876	0.000322063096782557
55645.6230147454	1.0001647077535303	0.00032209418028330086
55645.643448725496	1.0001882144765284	0.00032212351369077693
55645.66388260582	1.00021625628072	0.0003221352510334354
55645.68431668627	0.9998786015052037	0.0003221140004260483
55645.704750667064	1.000028839494265	0.00032214170994391964
55645.72518464809	1.000254162243251	0.0003221683077948036
55645.74561862923	1.0001715796915513	0.0003220480027098002
55645.76605261073	0.9999269157245123	0.000321986988973698
55645.78648659233	0.9999052458070203	0.00032213229633706425
55645.80692057418	0.9999459631756153	0.00032203485946034774
55645.82735455637	1.0000244064250334	0.0003221346086953767
55645.847788538675	0.9997826188720748	0.00032208256119688867
55645.86822252122	0.999443658115128	0.0003220307219933534
55645.88865650388	1.0004325369573845	0.0003220519337118305
55645.90909058688	1.0013015406168189	0.00032223909857893526
55645.94995855348	0.9994043632784149	0.00032196961285393076
55645.97039253718	1.0000112937708696	0.0003220409740757377
55645.990826421	1.0006460730501365	0.00032210161802222567
55646.01126050517	1.0002225175627952	0.0003220131923074075
55646.03169448946	1.0004844380307216	0.00032209443017278426
55646.05212837398	1.0000565310682168	0.00032203305874245784
55646.072562458736	1.0000816611446033	0.00032201325548667946
55646.09299644372	1.0000335469040302	0.00032203059114964595
55646.11343032882	0.9996263218150248	0.00032200177762650923
55646.13386441427	1.0000369492747923	0.0003219878471988838
55646.15429839995	1.0000007431965465	0.00032200024065887056
55646.17473248576	1.000160045179887	0.00032201172709382393
55646.19516637179	1.000307264862142	0.000322030447013714
55646.21560035817	1.0004033875925327	0.00032199620329568434
55646.23603444467	0.9997844859015301	0.00032203213251192145
55646.2564683314	0.9997822211274189	0.00032200674335757
55646.276902318365	0.999498545296984	0.000322025376083715
55646.31777029288	0.9998028127947267	0.0003220100497005002
55646.33820438054	1.0002116300047088	0.00032203113456139086
55646.35863836832	1.0002233134076979	0.000322029315415157
55646.379072356445	1.0006620747350807	0.00032207546244212285
55646.41994023317	0.9997267986669516	0.00032202880731051247
55646.440374221886	0.9995671759234063	0.0003219914169722013
55646.460808310825	0.9998939480697067	0.0003219658067435185
55646.481242300004	0.9997134826074264	0.0003220159264695741
55646.50167618941	1.0003533601354062	0.0003220057300889081
55646.52211027894	1.0003168185815021	0.0003220575656840959
55646.542544268814	1.0000146108280337	0.0003220092865967403
55646.58341224914	0.9995180008055446	0.0003219692941464038
55646.64471422121	0.99937053346818	0.00032197246556179914
55646.66514821237	1.0000981866577314	0.0003220001936786006
55646.70601619526	1.0003828104810277	0.00032203356957794584
55646.746884279084	0.9997656315501747	0.0003220009238769891
55646.76731817129	1.0001771737081961	0.0003220431070833702
55646.78775226373	0.9995918709957166	0.00032199003079376036
55646.828620149296	1.0000925354741934	0.00032203601442290665
55646.84905424243	1.000008882421085	0.000322006258355962
55646.869488235796	1.0000541175911062	0.00032206375694602424
55646.88992212928	1.0003347583740454	0.0003220707266829095
55646.910356223	0.9998760121703522	0.0003219474989207365
55646.93079021706	0.9997765496902551	0.0003219602423709164
55646.95122431125	0.9998087356880854	0.0003219807921219216
55646.97165820566	1.0001672632925818	0.00032200286697527407
55646.99209220031	0.9999112976872879	0.0003219861420417202
55647.01252619519	0.9998554363497341	0.000321961238467319
55647.03296019019	1.0000543936051143	0.00032202480338469364
55647.05339418553	1.0003851822400984	0.0003220099187492352
55647.09426217669	0.9995475349717796	0.0003219286984808849
55647.114696272736	0.9998497171845311	0.0003219790798009867
55647.1351302689	0.9996743239657393	0.0003219861291096703
55647.155564165296	1.0000460911878692	0.0003220067204140515
55647.1759982618	0.9997049875612348	0.0003219651734486626
55647.196432258665	1.0000943859819829	0.00032199128814378486
55647.21686615575	1.000212249897963	0.00032201419319819027
55647.237300252964	1.0001582563469757	0.0003219472843079166
55647.25773425041	0.99961037763084	0.0003220043889410451
55647.31903624413	0.9994679776245696	0.0003219347559813007
55647.3394703425	0.9999278306536232	0.0003219390119570033
55647.35990424111	0.9997219925922906	0.0003219307107571781
55647.38033823983	1.0001163654528344	0.00032198271006224875
55647.4007723389	1.0000043447674354	0.00032197147456995316
55647.42120623809	1.000453154331958	0.00032203924763748884
55647.441640237514	0.9997390097202579	0.00032195720137737804
55647.46207433716	1.000181225705318	0.0003220118949937491
55647.48250823705	0.9996125474137109	0.0003219633865689655
55647.502942337174	0.9998618873553019	0.0003219706211151662
55647.523376337405	0.9999631737604691	0.00032200464093316497
55647.54381033788	1.0001850047517855	0.0003220034152196361
55647.5642443387	1.0002787175846914	0.00032200242791297827
55647.58467833963	1.0003860024054285	0.0003220525155430007
55647.605112340796	1.000666152495352	0.00032204225244270474
55647.6255463422	1.0000288964015989	0.0003219662595790168
55647.64598034383	1.0000843403446305	0.0003220177986302641
55647.66641434558	1.0006995643183239	0.00032201134260782474
55647.68684834768	0.999635455224149	0.00032202691827275004
55647.70728234989	1.0001114162372007	0.00032200637806264944
55647.72771635234	1.0006663955286745	0.00032205700049752715
55647.74815035502	0.9988972128313313	0.0003219597512680719
55647.76858435793	0.9994846742899617	0.0003219863162948591
55647.78901846108	1.0002416869089223	0.000322038826241409
55647.80945236446	0.9998619622340768	0.00032191530538474455
55647.82988636795	1.000221117379068	0.00032209315586488016
55647.85032047168	0.9998831378657426	0.00032200122884207277
55647.870754375646	1.0000177135347281	0.00032201569597015557
55647.891188379836	0.9998144042230921	0.0003220243418748762
55647.911622484266	1.000040774876659	0.0003220198675609982
55647.952490493815	0.9999279257527185	0.0003219933697007044
55647.97292449883	1.0005056840538769	0.000322027395286657
55647.99335840419	0.9998367400453048	0.000322010204824966
55648.01379250966	1.0000136408838396	0.00032202175012542876
55648.03422651537	0.999792917863387	0.00032200473709088434
55648.05466042131	0.9997415623972982	0.00032198625793745483
55648.07509452736	0.9999304171761025	0.00032202467387727605
55648.09552853377	0.9995764056596789	0.00032197133712740363
55648.11596264029	1.000114727855821	0.0003219572061900772
55648.13639654716	1.0001932328942305	0.0003220148748643224
55648.17726466137	1.0005612321058444	0.000322094581570747
55648.19769856882	0.9999505016352856	0.0003220280263610542
55648.218132576396	0.9999883541858665	0.0003220517817817488
55648.23856668431	0.9999768501900514	0.00032203709801072845
55648.25900069235	1.0001361232643344	0.0003220207335605658
55648.27943460062	0.999961074709785	0.0003220357483121555
55648.29986870912	1.0000627910490414	0.0003220083555671308
55648.32030261785	1.0004754356984393	0.0003220680714447438
55648.34073672682	0.9999207157611837	0.00032200925025888176
55648.36117073602	0.9996261388053759	0.0003219896285368106
55648.402038755004	0.9994269512120463	0.0003219799731239255
55648.42247276478	0.9973849262918093	0.000321855259270628
55648.4429066748	0.9961699060844883	0.0003216628128844466
55648.46334078505	0.9962536803804396	0.0003216466135385432
55648.48377479541	0.9958372843609302	0.000321715179464308
55648.504208906124	0.995455439193197	0.00032169840955456646
55648.524642816956	0.9951025019774256	0.0003216209852008113
55648.54507682801	0.9952176939252229	0.0003216020991344135
55648.56551093931	0.9954074267635719	0.0003216600721020876
55648.58594485084	0.9951743337241444	0.0003216975958170721
55648.6063788626	0.9946807692746901	0.00032158992691543227
55648.62681297448	0.9952094347532532	0.0003216714645365193
55648.64724688671	0.9953533636034009	0.00032169765323620007
55648.667680899045	0.9950044530526556	0.0003216382609949234
55648.688115011624	0.9945528864377977	0.00032161585985757363
55648.708548924435	0.9945836468229555	0.0003216013769780805
55648.72898303747	0.9952524328652433	0.0003215721797132907
55648.74941705063	0.9947236095315636	0.0003216216199739477
55648.76985106414	0.9952237611835022	0.0003216036222363926
55648.79028507776	0.9954282351594372	0.0003215838027147473
55648.81071909162	0.9947151559939723	0.0003216388669512367
55648.83115310571	0.9951096214618248	0.00032164480168651795
55648.85158711991	0.9943200946779899	0.0003215175841239511
55648.87202113447	0.9953837616603843	0.0003216076639839998
55648.89245524914	0.9953634124351094	0.0003216069740016931
55648.91288926416	0.9962886829573908	0.00032167265439799587
55648.9333231793	0.995055900508523	0.00032155718784708883
55648.95375729467	0.9950273873330427	0.00032157427209195176
55648.97419121015	0.9955304213336397	0.00032155100380904954
55648.99462522599	0.9960414471075896	0.0003216840842754883
55649.01505934194	0.9974553421198445	0.00032175900664983945
55649.035493258125	0.9987548657042518	0.00032182526211602027
55649.055927274545	0.9996381269896195	0.0003218934002802114
55649.096795308076	1.000545707469222	0.00032191751849184333
55649.117229425196	0.9994881379009136	0.0003219397955067912
55649.13766344242	1.0005797041839943	0.0003219809633560092
55649.15809735989	1.000387668887951	0.0003219736638855951
55649.17853147759	1.0005991746879093	0.00032196437062446975
55649.198965495525	1.000322777837523	0.00032195938879665386
55649.21939941368	0.9994185725993858	0.000321854767679168
55649.23983353197	0.9999390149787281	0.0003219273124974829
55649.260267550475	1.0001796643846788	0.00032199453912182057
55649.280701669224	1.0003272860331405	0.00032193995983666635
55649.301135588204	0.9999440694251149	0.00032194002349066286
55649.32156960742	1.0002211431355688	0.0003218878413006914
55649.36243764642	1.0002183578510546	0.00032187139914223646
55649.40330578624	0.9998085590710929	0.0003218918476943087
55649.4237398065	1.0005819829553961	0.0003219644183412494
55649.4646078476	0.9994963090383426	0.0003218500663130259
55649.48504186856	1.00027094981459	0.00032195972443867476
55649.50547588963	0.9998347857880766	0.0003219017951875649
55649.52590991094	1.000043396098452	0.00032196115072886326
55649.54634393248	1.000351447986613	0.0003219317837755135
55649.56677795413	0.9996280375592249	0.00032190147139978795
55649.587211976024	0.9991483901711301	0.00032180133376635
55649.64851404309	0.999348430625818	0.00032180701645213926
55649.66894816591	1.0005455188761891	0.0003219634788053831
55649.68938208896	0.9998691250812926	0.0003219015054712727
55649.70981611213	0.999753232489172	0.0003219767268695264
55649.73025023553	0.9999692435702805	0.00032189030909583147
55649.75068415917	1.000297024564219	0.000321972802904787
55649.77111818304	0.9998313193393564	0.0003219599613673631
55649.791552307026	0.9997938764511494	0.0003219767500722249
55649.81198623124	0.9997622452085958	0.0003219889865140828
55649.85285438037	1.0000986023747855	0.00032195998309167786
55649.87328830529	1.0001361735778718	0.000321953054502698
55649.89372243044	0.9996170116365758	0.00032179831062387535
55649.9345903812	1.0002550500177594	0.00032201638970877475
55649.95502450693	0.9994841460708539	0.00032184706185458655
55649.97545853289	0.9998949618265391	0.00032187465269700245
55649.99589255909	0.9996330551253461	0.0003219979453589362
55650.016326585406	1.0002141095221009	0.0003218248712401749
55650.036760611954	0.9999867026909033	0.0003218644306352304
55650.05719473873	0.9999654620011438	0.00032183366619289343
55650.07762866574	0.9998575668184929	0.0003218883052585311
55650.098062692865	0.9999706816422609	0.0003219471996023883
55650.118496820345	0.9998296312195027	0.00032198369225645417
55650.13893084794	1.000162482590005	0.00032201724529140526
55650.15936477577	0.9996560147543281	0.0003218725579079723
55650.179798903824	0.9997612727945122	0.000321966904653899
55650.20023293212	1.0000795066573316	0.0003217547795794244
55650.22066686052	0.9998334538110836	0.0003218928622993817
55650.241100989166	0.9997547415083133	0.00032181568702377205
55650.26153491804	0.9998245396235926	0.00032178650606922305
55650.30240307649	0.9998941898960779	0.00032184577709420134
55650.322837005944	0.9997026077451272	0.0003217696549511931
55650.34327113563	0.9998878952763077	0.0003217646084774103
55650.36370516555	0.9996425453414561	0.0003217642584169313
55650.38413909571	1.000181101710717	0.00032181363879801926
55650.40457322598	1.0001324252504156	0.0003217148377183906
55650.4250072566	0.9996590587864101	0.0003217294354467784
55650.44544138734	0.9998053992086571	0.00032176734553668204
55650.4658753183	1.0001694402333916	0.0003218011500081258
55650.48630934951	0.9994863944583108	0.00032177065790922464
55650.50674348083	0.9997905942063922	0.00032185503114517353
55650.52717741249	1.0001738713451225	0.0003218740894922595
55650.54761144428	1.0001377922762376	0.00032182940907635345
55650.5680455763	0.9999640818284061	0.00032182774267512925
55650.58847950843	0.9998962524156575	0.00032192438074987826
55650.60891354091	0.999615712803738	0.00032190568820420666
55650.629347673515	1.000093204461405	0.0003218341377860008
55650.64978170634	0.9993543041152929	0.0003217070242240453
55650.67021573941	1.0002856633908346	0.00032174819026327774
55650.71108380612	1.0003944399590232	0.0003219069920347574
55650.73151783977	0.9999588392894284	0.00032173055717699356
55650.75195187365	1.0008774277700332	0.00032178256987693005
55650.77238590776	1.0000944850005375	0.0003218736406666765
55650.79281994211	0.9998637864815777	0.00032177070563471985
55650.81325397657	1.0003329777338563	0.0003217713816629476
55650.83368811126	1.0000988031582223	0.0003217815501716419
55650.85412214619	1.000166243633281	0.00032173200197190525
55650.874556081355	1.0004359304116022	0.0003218047983542628
55650.894990216744	0.9995452681522121	0.0003217179068212914
55650.915424152256	1.0004275731418557	0.0003219081259931111
55650.935858188	1.000430095082453	0.0003219056808402989
55650.95629232397	1.0004314611422547	0.0003218188965604668
55650.976726260065	0.9995130453050017	0.00032176662487723277
55651.01759443306	1.0002385299921697	0.0003218058158994465
55651.038028369854	0.999787794734447	0.00032176901058368574
55651.05846250687	0.9995767234258703	0.00032182679468832935
55651.078896544015	1.00016848244426	0.00032181161137729344
55651.09933048139	0.9994586084978051	0.00032172314745344995
55651.119764619114	0.9998729284618518	0.00032169371401894565
55651.14019865683	0.9998100283867889	0.00032177388048074883
55651.160632694904	1.0001963343998888	0.00032172437568586497
55651.18106673309	0.999727068703864	0.0003217699700283241
55651.201500771625	0.9996011346504182	0.00032185274585451283
55651.22193481028	1.0000619960081631	0.00032174647780824174
55651.24236884905	1.0002760303309104	0.0003217939327076342
55651.262802888166	0.9999134049512153	0.00032183559354719124
55651.283237027405	0.999497971383471	0.0003218039971547089
55651.30367106687	1.000150803787113	0.00032173517505473706
55651.32410500657	0.9998564111262555	0.00032184142365366983
55651.34453914639	0.9996414622721089	0.0003218202624577903
55651.36497318655	1.0002202809051282	0.0003219328283283559
55651.385407126836	0.9998478208466138	0.00032195759230450773
55651.42627530798	0.999655486504085	0.0003218175623180539
55651.467143390066	0.9997328997537152	0.00032188456384791745
55651.50801147296	0.9994856550794359	0.00032182608634700116
55651.52844551464	1.0002897849074937	0.0003219704220776372
55651.54887945666	1.000231631575243	0.0003219531717894109
55651.56931359881	1.0007923088768178	0.0003220243181988801
55651.589747641076	0.9993551222047129	0.00032184329290657794
55651.61018158369	0.9996522831022651	0.00032190286172574577
55651.63061572641	1.0005306140260464	0.0003219706341954385
55651.651049769374	1.0000200241910004	0.0003219487865434693
55651.67148391262	0.9999202534460436	0.0003218106524152034
55651.69191785599	1.0000026773952793	0.0003219170829264647
55651.712351899536	1.0000980505308295	0.0003219067239164233
55651.732786043365	0.9998173325061316	0.0003218218465414507
55651.753219987375	1.000397023764304	0.00032187165651510654
55651.77365403156	1.0000585912348265	0.00032191700249192785
55651.79408817597	1.0001676655113507	0.0003218859526880558
55651.814522220564	0.9999587383165723	0.000321880742404348
55651.83495626539	1.0003673652682696	0.00032197202776411687
55651.85539031038	0.9999882786492884	0.00032191240844845495
55651.875824355615	1.0003941558805631	0.00032191730611558044
55651.89625840108	1.0006507269401628	0.0003219638948466187
55651.91669244671	0.9997932271043513	0.0003218371441986766
55651.93712649253	1.0001835991149652	0.00032187348507046375
55651.957560538576	1.0001171431050815	0.00032189995092676594
55651.97799458485	1.0005230455339182	0.00032197695399522106
55651.998428631305	0.999801802884291	0.00032181334566393704
55652.01886277793	1.0010638444407125	0.0003220839376993874
55652.03929672479	1.0002493633016472	0.0003219719471820417
55652.080164819155	1.000438493816735	0.0003218753642421543
55652.10059886659	0.9997427212729326	0.00032189204818831884
55652.14146696217	0.9997453807434681	0.0003218731161891924
55652.18233515852	0.9993365449270746	0.000321848206902123
55652.20276910701	1.000691268567058	0.00032192738915500543
55652.22320325573	1.000225125976589	0.0003218456434789314
55652.24363730463	1.0002534960029916	0.0003218304405934081
55652.264071253696	0.9994289713168311	0.00032192445330658765
55652.304939452544	0.9992061656629483	0.00032190052387330386
55652.32537340226	0.99982058839568	0.00032184318521654256
55652.34580755214	0.9999998219112771	0.00032197973958044085
55652.36624160226	1.0004099064327172	0.00032196132073407054
55652.38667565261	0.9997369139689833	0.000321901867509587
55652.40710970314	0.9997411926982481	0.00032194528147589806
55652.427543753845	0.9999844206112286	0.0003219287293379484
55652.447977904776	0.9991985503400449	0.00032187406264599987
55652.46841195589	1.0003756118854048	0.00032200683716812536
55652.48884590723	0.9998671562304117	0.00032187137679520734
55652.5092800588	1.000485288167898	0.00032202448954777755
55652.5297141105	0.9999495340503715	0.00032192118814724515
55652.55014806248	0.9999493460855636	0.00032192776694093064
55652.570582214634	1.0003641783975143	0.00032195895283441115
55652.61145041953	0.9997593460710084	0.0003219508983126677
55652.63188437227	0.9996415574561179	0.0003219016700723889
55652.652318425244	0.9999782384043858	0.0003218039460082446
55652.67275257839	1.0001019192754546	0.00032197932097971504
55652.69318653171	1.0002909682678816	0.0003219361545269256
55652.734054639055	0.9999457361999518	0.0003218643552590687
55652.75448869301	1.0000012614552392	0.00032184183893223955
55652.77492274721	1.000167461041675	0.00032188032818036193
55652.79535680158	1.0004378938181588	0.00032180963445820727
55652.81579085612	1.0001071043595868	0.00032189560217422075
55652.8362250109	0.9998319577218374	0.00032187027008423246
55652.85665896591	1.0000404899388262	0.0003219089009415513
55652.87709302103	0.9998393911277109	0.0003219577957182226