55059.49014570251	0.9993149143702071	0.0002831187963637854
55059.51057906421	0.9997106174167109	0.00031350737281271373
55059.53101252568	1.0000580404883586	0.00028959658012808195
55059.551446086676	0.9998310432598844	0.00032051711649558703
55059.571879447445	1.000404340026154	0.0003084202427090481
55059.59231290774	0.9994245778214893	0.0002507517469496643
55059.65361328656	1.0000306198389128	0.00023736309378493775
55059.67404674546	0.999505061079307	0.00024627965369342374
55059.69448030413	1.000089347446817	0.000291409639877921
55059.714913662334	1.0005093347903946	0.00026288863343669163
55059.73534712031	0.9999036029852933	0.00027081401702003
55059.75578067782	1.0001680624287912	0.00026160069496923463
55059.7966474919	1.0004382645691976	0.0002548733399595518
55059.81708084848	1.0004730618612494	0.0003282743789051081
55059.857947860466	0.9999718384108329	0.0003460550194171301
55059.87838131588	0.9993102715210109	0.00031430960711591914
55059.89881477083	1.000227105540282	0.0003081493973783257
55059.91924822577	1.0006750987779083	0.0003288020997179552
55059.93968168002	1.0002395950770788	0.0003046473821505357
55059.96011503427	1.000919621941657	0.0004205087053523316
55059.98054858782	0.9998144997496408	0.00026695359011458367
55060.00098204137	0.9997441539565073	0.00025163497604830114
55060.02141539422	1.000175793822893	0.0002384232483262813
55060.08271575138	1.000185817157146	0.0002399874982671519
55060.10314920283	0.9994621356828562	0.0002925561599219529
55060.123582754284	1.0000346275060723	0.00028302983176091987
55060.14401610504	0.9996670830174457	0.00024806057564945197
55060.16444955579	0.9999246214202524	0.00026437417248019354
55060.18488300585	0.9998365522720143	0.0002488059309364229
55060.205316455904	1.000669967111532	0.00024379855479275003
55060.26661680352	0.999990033576458	0.00023665685926322383
55060.28705025194	1.000184357652794	0.00023974737361461256
55060.30748360014	0.9998618929874962	0.00023481059491872066
55060.327917147864	0.9996187444867979	0.00023786114309759887
55060.34835059536	0.9996723782703021	0.00044252506410541605
55060.368783942395	1.0001372352253992	0.00036824842329625775
55060.389217389195	1.000023051098305	0.00023794211576819217
55060.40965093552	0.9998969024941933	0.00025535130050454574
55060.43008438162	0.9998474366782594	0.0002610257988531356
55060.45051772749	1.0001432819080907	0.0003792342164512618
55060.470951272655	0.9999689491996067	0.0002809452729832164
55060.491384717825	1.0001412836851094	0.000243072844881027
55060.51181806253	0.9995954891309995	0.00024672516800499674
55060.53225160676	0.9996049989247634	0.0002464273666411756
55060.55268505077	1.0001549514716732	0.00023815437184721895
55060.593551837606	1.0000370019030225	0.0005822936029545677
55060.61398538068	1.0000562954896073	0.00034530029268912564
55060.63441872329	1.0002486018169432	0.00024583670976361256
55060.654852165426	0.9999922745914515	0.00023870546179176382
55060.67528570734	0.9999928500885854	0.00023684266771221662
55060.69571904878	1.0000007745454094	0.0002623599014729926
55060.716152489986	0.9997419778159954	0.00023807078211587814
55060.736585930965	0.9997427828486112	0.0002464837142007797
55060.75701947148	1.0001330656211191	0.00023968688179493332
55060.77745281152	1.0003108120969668	0.0002549694111028241
55060.797886251334	0.9998501351626146	0.0002482334618190572
55187.133764065344	0.999656443922095	0.0001919766468755362
55187.154196972326	1.0003931033812001	0.00021109701805908454
55187.17462967954	1.000035618378098	0.00018309826658455454
55187.195062487095	0.9999472582096497	0.00018946774765223412
55187.21549539489	0.9999615953042704	0.00019100201595420387
55187.25636091129	1.000107020099446	0.00018338092013338092
55187.2767937199	1.0004536781337547	0.00018257767390066263
55187.29722662875	1.000031509383036	0.0001834565392686592
55187.317659337816	1.0001148317619808	0.00018548020946480425
55187.33809214724	1.0001333746800245	0.0001850834778735203
55187.35852505702	0.9997389171092328	0.0001906297022746454
55187.3789577669	0.9999236931207116	0.00018280827460780136
55187.39939057714	0.9997610704637518	0.00019015166905598068
55187.41982348762	1.0002523977622177	0.00019799203953220216
55187.44025619843	1.0002346702858025	0.00019920541625888442
55187.48112192078	0.9991555862058715	0.00019925059053938903
55187.50155463229	0.9997474542905327	0.00018573070820162955
55187.52198744416	0.9993078429631991	0.0001979659945293393
55187.542420256264	0.9999890942995845	0.0001962341500843776
55187.56285316871	1.0001578379574423	0.00018523425090054122
55187.58328588128	1.0002529488578487	0.00018721980782559068
55187.603718694314	1.0001971679754507	0.00018338508827353436
55187.62415160746	1.0000773842758846	0.00018496793135021767
55187.64458432096	0.9998831875466321	0.00018703728086976986
55187.66501713469	0.9999926282266907	0.0001855385808037138
55187.68545004865	1.000280629809329	0.0001843554332979347
55187.705882762966	1.0000983016215952	0.00018274402911924777
55187.726315577514	0.9994974299584533	0.00018286802469102064
55187.746748492405	0.9989558517923487	0.00018264204415019948
55187.767181207535	0.9992675938883759	0.00018285493073765265
55187.7876140229	0.9993647582899591	0.00018331866743978486
55187.80804683849	0.9996788092537355	0.0001840496110694119
55187.84891247061	0.9994638227278433	0.00018416908100187475
55187.86934528713	1.0000395394467825	0.00018344299475440393
55187.88977820389	0.9995895253124796	0.00018276958077635723
55187.91021092088	0.9999238266090584	0.00018551605163575165
55187.93064373822	1.000281287481566	0.00018940342070517224
55187.95107655579	1.00001432835476	0.00018284099063890086
55187.9715093736	0.9999408690623813	0.0001868026145494028
55188.012375010025	0.9997821812645252	0.00019101798850337914
55188.032807828764	1.0001994503154126	0.00018470388420655927
55188.05324054761	1.0002626253869449	0.00019068190583628798
55188.07367336682	1.0002524012646181	0.00019018413275189867
55188.09410628637	1.0003460263271255	0.00018952689160906604
55188.114539106034	0.9999013335911037	0.00018390836067340072
55188.13497182617	0.9998964774898146	0.00018772578066405057
55188.15540474642	1.0001115276415402	0.00018673269272742626
55188.17583756702	1.0001247281752679	0.00018381022878221536
55188.19627028785	0.9999897480867622	0.00018473417678367278
55188.21670320892	1.000150569659489	0.0001839558944134917
55188.23713603033	0.999651701274044	0.0001831545208492481
55188.25756875198	1.00002765754236	0.00018289416920260536
55188.27800157398	0.9994699447597003	0.00018291910798121737
55188.2984344962	0.9998930199943142	0.00018347716509860528
55188.318867218666	0.9998319377099874	0.00018455893612998178
55188.33930004148	0.9997380009135655	0.00018631129422332838
55188.35973296452	1.0002102271136855	0.0001888044429338674
55188.3801656878	1.0000655318883982	0.0001853791578138119
55188.42103143528	1.0003997059018335	0.00018460389520247192
55314.78395225065	1.000175201199978	0.00019464009710626952
55314.80438686403	1.0002968888551034	0.00021514794623529547
55314.82482147745	0.9998910399848852	0.00019625540119184458
55314.84525609095	1.0001409290585217	0.00019779850242110703
55314.865690804494	1.0004791577725625	0.00020789299477782313
55314.88612531809	0.9995253944143101	0.0001940202164345878
55314.90656003175	0.9999902696391196	0.00019871330238784222
55314.926994645466	0.9997152594057175	0.00020723887466477547
55314.94742915922	1.000088602036801	0.00019403556141551424
55314.967863873055	1.0000855005875307	0.00019346689953581464
55314.98829848693	0.9999572734229221	0.00019498543967050528
55315.00873300085	0.9998919311591272	0.0001990618182787646
55315.029167714856	0.999687201568814	0.00019946322006102353
55315.07003684295	0.9998372773950155	0.00019371880737166096
55315.09047155714	0.9998352184097967	0.00020300922140441312
55315.11090617132	1.0000563110127463	0.00019947884455769635
55315.131340685584	1.0003323870585101	0.00019680255274642612
55315.151775399885	0.9999706673949693	0.00019971001946324967
55315.17221001427	0.9999422973488492	0.0001938716854273433
55315.19264462868	1.0001558356175653	0.00019457402484981146
55315.213079243156	0.9997451115949074	0.00019402357110636265
55315.23351385769	1.000229835970213	0.00019700836247146206
55315.27438308689	0.9998934830075092	0.00020210535090630033
55315.29481770157	0.9996686165356721	0.0002155777080274227
55315.335687031125	0.999770554890708	0.00021638305829820194
55315.35612154595	1.0001024567352392	0.00019569227799320904
55315.37655616082	0.9998245569216032	0.0001933641248403415
55315.39699087579	0.9994741478610847	0.00019355642546885554
55315.43786010584	0.99933449757082	0.00020133221408658345
55315.45829472096	0.9996520875988274	0.00019378561068187332
55315.47872923613	0.9996953131230863	0.00019493951747262566
55315.499163951325	1.0001861604833868	0.00019472095243893797
55315.519598466584	1.0004017321810155	0.00019421274146766602
55315.5400330819	1.0001746209771762	0.00019499827883125376
55315.56046779727	1.0005356194139892	0.00019452087727218505
55315.58090231268	1.0000714586727413	0.0002074752286829434
55315.60133692814	0.9999565678300709	0.00020587248139949376
55315.62177164369	1.000244380995579	0.0001934309274381756
55315.64220615924	1.000302779051176	0.00019568104807795604
55315.66264077485	0.999952203689976	0.00019487369702696577
55315.68307549054	0.9997792316986409	0.0001934415523564204
55315.703510106265	0.9999096921969113	0.00019524396303654282
55315.72394462202	0.9998038830905269	0.00019429346922572878
55315.744379337855	0.9998858937635302	0.0001934600826544808
55315.764813953756	0.9996580079651332	0.00019614835914625665
55315.785248469656	0.9997960717931123	0.00019346362981097952
55315.80568318564	1.000076924444159	0.00020166380064548563
55315.826117801684	0.9999053601761807	0.00019349600815761483
55315.84655231773	0.9997086869177971	0.00019500156997190194
55315.88742165005	0.9999988381574225	0.00019866859305837765
55315.90785636626	1.000164606079771	0.0001937270098638743
55315.92829088254	0.9998964136887267	0.00019350548420237447
55315.94872549888	1.0003385235245044	0.00020194337264978072
55315.96916021524	0.9998819994750281	0.00019636511630746382
55315.98959473166	0.9996295909860798	0.00019359701165291252
55316.010029348145	1.000146031875282	0.00019418678478830671
55316.03046406468	1.0001854464101636	0.0001968376766261236
55316.05089858122	0.9997479346856134	0.00019909111413630632
55316.07133319785	1.0004134730094936	0.00023312219714090803
55570.50854075851	1.0000855117351717	0.00018860805413220127
55570.52897383824	0.9998861038862759	0.00018504808959332253
55570.54940681833	0.9998728085258597	0.00019583010246818888
55570.56983989877	1.000244128612969	0.0001887530182062235
55570.590272779446	1.0001980177729877	0.00019765946288436459
55570.63113884183	0.9999068617457152	0.00018679601968819447
55570.651571723545	0.9997826000548891	0.0001857952428003327
55570.672004705615	1.0001044475451057	0.00018532350090168524
55570.69243778792	0.9995743116801622	0.00019341790257021608
55570.733303653564	0.9995318529445301	0.00019765974342726757
55570.7537367368	0.9992645211067916	0.00019471884460374044
55570.77416962049	0.9993316423831362	0.00019127404659975234
55570.79460270442	0.999497774216045	0.00019068320853669624
55570.815035688705	0.9993660653010017	0.0001884170151723273
55570.83546857321	1.0000028570739188	0.00018780994918141258
55570.85590165819	0.9998912524879011	0.00018899383904480934
55570.876334643406	0.9996308885120573	0.00018708994570813435
55570.89676752896	0.9999959761641104	0.00018643905996645804
55570.91720061487	1.000268829997737	0.00018506910470179904
55570.93763360102	1.0000250667583577	0.0001863709185134296
55570.95806668762	1.0000522942524013	0.00018495555765770768
55570.97849957446	1.0002673375543898	0.00018624126802840006
55570.998932561655	1.0003205728707512	0.00018510884794098472
55571.019365649074	1.000015797886478	0.00018638575015479336
55571.039798536964	1.0000838970257138	0.00018921083652287418
55571.06023152509	0.9998666091648685	0.0001915562363370511
55571.08066461355	0.9998963194705877	0.00020189243221350033
55571.101097502375	0.999901429491675	0.0001983225028736507
55571.12153049143	1.0005134210138995	0.00018484722420444668
55571.14196358094	0.9997424501287338	0.000200686876255237
55571.162396470696	1.0000618349719281	0.00020192689002808837
55571.1828295608	0.9998236739511349	0.00019177871288525135
55571.22369554193	1.000328647900866	0.00018630917083143378
55571.24412853307	1.0000546359959972	0.0001864687468876471
55571.264561524455	0.9997449120005428	0.0001847742550534243
55571.28499451619	1.0002888800400402	0.0001910493641719435
55571.30542750815	1.0001196214947674	0.00020302489808684111
55571.325860500576	1.0001052809521864	0.00018524084305687757
55571.34629349324	0.9997794142056293	0.00018826571243434423
55571.366726586246	0.9999322484600992	0.0001935670139979234
55571.38715947961	0.9997793888373492	0.00018625500262421858
55571.40759257332	1.0000585366786958	0.00020472931090834986
55571.42802546726	0.9997017704597417	0.0001877818342445985
55697.83277424326	1.0000798110663496	0.0002537997074184585
55697.85320896964	0.9996239542839906	0.00021767730155343342
55697.87364349596	0.9994712096393712	0.00021797085345866992
55697.89407812233	0.9998283927611833	0.0001963518127613815
55697.91451284871	1.0003199921786874	0.0002160220431932135
55697.93494737502	1.0001719917104475	0.00020936802841387358
55697.95538200134	1.0004223298982624	0.00020543067971033068
55697.97581672766	1.0000822997924423	0.00021814180669097372
55697.99625125398	1.000399585489719	0.00019916611923331015
55698.01668588023	0.9995621644900012	0.0002132096688626095
55698.037120606554	0.9997496282805183	0.00019933462698685185
55698.05755513281	1.0000959157772022	0.00019952668034519037
55698.07798985913	0.9999493624609341	0.00019894196066207463
55698.09842448539	0.9999364720177768	0.00020310917236921093
55698.11885901165	0.9999517505310753	0.00019671923002443208
55698.139293737906	0.9999281121961252	0.00020445147730732344
55698.15972836411	1.0002986610953672	0.00021944256031331013
55698.18016289036	1.000010841512164	0.00020326452302554733
55698.20059761657	0.9999245000709494	0.0002103434928581183
55698.22103224283	0.9999453869404817	0.00021306032986901914
55698.241466969026	0.9996902538060923	0.00021784472030817522
55698.26190149517	1.0000844524022399	0.0002243311302375873
55698.282336121374	1.0004082574483713	0.0002250181462148754
55698.30277084757	0.9996736687594565	0.00022701685173593476
55698.323205373716	0.9997955759521389	0.0002282228209233424
55698.36407472606	1.000190485024401	0.00021726104463628125
55698.40494387829	1.0003008180560689	0.0002163186948902954
55698.42537860443	0.999963642804995	0.00020360606378289913
55698.445813130515	1.0000289303857275	0.00020443412780557762
55698.4662478566	1.0001263688821094	0.00019776095132723764
55698.48668248268	1.0000437296326439	0.00020024619706887249
55698.50711710877	1.0001334462260183	0.00020398813132076245
55698.5275517348	1.0000254856647857	0.00019692608111569393
55698.54798636088	1.0001870137171156	0.00021048659719392231
55698.56842098691	0.9995475796045235	0.0001956792270478122
55698.588855612936	0.9998644100325824	0.00019658396807746472
55698.60929023896	0.9998102367722449	0.0001981182647132257
55698.62972486493	1.000237164644982	0.00019559592326947114
55698.65015949096	1.00020480227897	0.00020015889857581462
55698.67059411692	0.9996700374225248	0.00019743176718564945
55698.69102874289	1.000345280920761	0.00020670472666234682
55698.71146336886	1.0007681072942445	0.00019742119408617699
55698.73189799477	1.000330972387275	0.00019993319963942179
55698.75233272074	1.0001609878456268	0.0002021454415161302
55698.77276724665	1.0004570374827615	0.00019699689062940146
55698.793201872555	1.0002260959791458	0.00019893484719203016
55698.81363659841	1.0004115758428118	0.00021507188156525732
55698.85450575017	0.9997843403052883	0.00019695331982939098
55698.874940476024	1.0000791528653181	0.00021503152707298245
55698.89537500188	1.0003549756995809	0.00020163069877569123
55698.93624435352	1.000144909475531	0.0001999452597222744
55698.956678879316	0.999763333503717	0.00019662022092065647
55698.977113605106	0.9997141701390038	0.00020691577543066484
55699.01798285669	0.9998364108310103	0.00019987330815516237
55699.03841748243	0.9999749381717713	0.00021455548840103872
55699.058852108166	0.9999396426920579	0.000204451446286483
55699.079286733846	0.9995789607146797	0.0002118304900387545
55699.09972135958	0.9999933857550134	0.0002083221003887328
55699.120155985256	0.9993443345137041	0.00020458906883286706
55953.20912918997	0.9999701943752688	0.0002059830174664014
55953.22956244585	0.9994334438269366	0.00021037359699613569
55953.24999560196	0.9997338841019485	0.0001960304996646425
55953.27042875853	1.0000624077560625	0.00019141157158840156
55953.290861915455	1.0004653399095602	0.00019284473080142262
55953.31129507272	1.0003794092641725	0.0001924336795697932
55953.33172823035	0.9995279893736272	0.00019473546786346165
55953.35216138832	1.000008217902386	0.00021942676659192015
55953.37259454664	1.0001348965235324	0.00019599334104468253
55953.393027705424	0.9999067347947062	0.00020044084368935007
55953.413460864445	1.000719011410907	0.00019601949956713852
55953.43389412381	1.0000413165701942	0.00019154534448014344
55953.454327183645	1.0001722312445194	0.00019481124104150907
55953.47476034371	1.0000793877979057	0.00019141785778795881
55953.49519360424	0.9999764543362436	0.00019193902173839558
55953.515626665125	0.9998458695447114	0.00019170142767909788
55953.53605982624	0.9999229417296702	0.00020756824558066666
55953.55649308782	1.0002948527561613	0.00020889815099058929
55953.57692614975	0.9995676190980225	0.00019531477996445064
55953.59735931203	1.000068969238293	0.00019295560303236894
55953.61779257465	0.9999375730432306	0.00019291837619186673
55953.63822563763	0.9996686780662323	0.00019034009874696273
55953.65865890096	0.9999923703612941	0.0001948697531715869
55953.67909206463	1.0003034776643251	0.0001925854892213455
55953.699525228774	1.0001585219735194	0.00019730242724116348
55953.71995839315	1.0002818280040922	0.00020569075652163642
55953.74039155787	1.0000329728842332	0.00019683472960590996
55953.76082472306	0.9994848985348804	0.00019799518473722583
55953.781257888484	0.9998833202330036	0.00021160767306877587
55953.80169105448	0.9998615768793078	0.0002047559270140046
55953.82212432049	0.9998130661239809	0.0002048525713053862
55953.842557487194	1.0001170319734398	0.00019372975881001714
55953.862990554124	0.9995681042875459	0.0001917745620373016
55953.883423821295	0.9993982774761199	0.0001942733685908682
55953.90385698893	0.9994074752306277	0.00020974560343834018
55953.924290057024	0.9996482206022733	0.00019432527671027199
55953.94472332536	0.9998645925342777	0.0002136030043538753
55953.96515649416	1.0002693500497246	0.00020757202439865763
55953.985589563184	0.999847272755978	0.00019113770224030754
55954.00602283245	1.000117256446698	0.0002074184346373892
55954.026455902414	1.0000434360779684	0.00021059246251094212
55954.046889172605	0.9996147637593601	0.0002200257253881354
55954.067322343035	0.9996313101099004	0.0002215697177015233
55954.08775541393	0.9995288604291815	0.00025430851133499753
55954.10818868505	0.9998257011329499	0.00023507022979499028
55954.128621856646	1.0000338103959168	0.0001946379177638685
55954.149054928705	1.0001225265188283	0.00020229344419073206
55954.16948820099	1.0000879642848375	0.00019128373262523084
55954.189921373516	1.000160795678707	0.00019473690729810485
55954.21035464651	1.0003644683926494	0.00020101519840858898
55954.23078771996	1.0001506205900288	0.00020176934176213232
55954.251220893646	0.9998357597443002	0.00020511211825582638
55954.271654167795	1.000388104679168	0.0002094711579629472
56080.82024746247	1.000015086013466	0.00019758876417525856
56080.84068206935	0.9999938394820624	0.0002041339333165854
56080.861116775995	1.0001836662139132	0.0001965953182409556
56080.88155128275	1.0000656038581668	0.00019956574176683068
56080.90198588928	1.000153638379702	0.00020081681863828545
56080.92242059592	1.0005444618379302	0.00020240139743628514
56080.94285510233	0.9997146774089418	0.0001995966181845214
56080.963289808744	0.9997471559195459	0.00019869492194272056
56080.98372441516	0.9993980134732933	0.00019652018573887588
56081.024593627626	0.9996582686689321	0.0001971274826188391
56081.0450282338	0.9997155263642656	0.00019750509525143356
56081.06546283986	1.0000551016166404	0.00019716918322418043
56081.085897445926	1.000206323568029	0.00019844483918915484
56081.10633205176	1.0001141954850001	0.00019816788464203054
56081.1267666577	1.000404200414294	0.00019944709099681455
56081.14720126353	1.0003629893138415	0.0001990779504981726
56081.167635869235	1.000355561122789	0.00019853523001633615
56081.18807047495	1.0000456014513066	0.00019818127572406583
56081.20850508055	0.9998693005674938	0.00020184398340581452
56081.22893968603	0.999526509212045	0.00019739753166362717
56081.2493742915	0.9997555672443712	0.00020625392779158818
56081.269808896985	1.000217509771356	0.00019674489248331308
56081.29024350234	1.0001936252831838	0.00019672091488417843
56081.31067820759	0.9997444295000135	0.00019659914593802213
56081.33111271272	0.9998199463660543	0.00019886693278227185
56081.351547317856	0.9998854338107066	0.00019755048111669163
56081.37198202298	1.0002761920857692	0.0001985993809117772
56081.392416528	1.0000314317899588	0.00019676115431207716
56081.41285123289	0.9997049301307741	0.00019736792540414277
56081.43328583779	0.9995732953362029	0.00019956366055016327
56081.453720342455	0.9994301089636314	0.0001973243421689457
56081.47415504723	0.9996366740587668	0.00020233444147727385
56081.4945896519	0.9998458250552505	0.00019719557082422735
56081.51502415645	0.9996965089495344	0.00019993600235443084
56081.53545886099	0.999862991477404	0.00019664606344783848
56081.555893465425	1.0003537306193866	0.00020288796100526412
56081.576328169744	1.0002193021650416	0.00019901894545222717
56081.59676267405	1.0000287894383164	0.00019794956693133112
56081.61719727837	1.0001299953061422	0.000197797791468732
56081.637631982456	1.0002252273977308	0.0001996511859169949
56081.65806648653	1.0002437716691381	0.00019743446532855932
56081.67850109062	1.0000572405645602	0.00020152942835457868
56081.698935794586	0.999762999066173	0.00019753206153198848
56081.71937029843	0.9997453953993525	0.00019707482380172664
56081.73980490228	0.9995270106949201	0.00019696558227641202
56081.76023960602	0.9996145679997162	0.00019642314314586835
56081.78067410963	0.9998794967939642	0.0001970631845329824
56081.80110881325	0.9999337690938264	0.00019670150088378993
56081.82154341675	0.9998294963412391	0.00019744985036163493
56081.841977920245	0.9999749238208622	0.00019731310613352643
56081.86241262363	0.9992962281964737	0.00019738758945687343
56081.8828472269	0.9997960435893034	0.00019844989269207397
56081.90328173016	1.0002624513911318	0.0001968596670117104
56081.92371643332	1.000070306597856	0.00019899350218205002
56081.94415103647	0.9997279813108448	0.0001970488826179256
56081.9645855395	1.000222816334614	0.00020392545555304438
56081.98502024242	1.0001040264187089	0.00019697767380468016
56082.00545484534	1.000043412374902	0.00019857643036970404
56082.02588954814	1.0002890466320142	0.0001993660332773691
56082.046324050825	1.0002340111359356	0.00020593358240844547
56082.06675865351	1.0001970639964788	0.00019701023645476415
56082.08719335608	1.0002251728408529	0.00020417118520592737
56082.10762785865	0.9998727218908048	0.00019855637613343336
56208.51160983831	1.0000910033514172	0.00023870442550685714
56208.53204266612	0.9999829485903353	0.0002499948485065345
56208.552475693476	1.000044539491099	0.0002134071600176568
56208.5729086206	0.9999925411597796	0.00021247985042237454
56208.593341447246	1.000235329140767	0.00023661809775731317
56208.6137744739	0.9999566792286338	0.00021621971941046723
56208.63420740009	1.0000754784196082	0.00024318495791382047
56208.654640426044	0.9998641621309459	0.00020493641021910753
56208.675073251536	0.9999109269607434	0.00021551169787580366
56208.71593910205	0.9998567517225678	0.0002206433958323257
56208.73637202684	0.9999172999894101	0.00021013318715388052
56208.7568048514	0.9998526268019631	0.00020700743127321358
56208.77723787572	1.000181076655144	0.00021474571165308292
56208.797670799584	1.0002027916608853	0.0002331054892486655
56208.81810372321	0.9999198110280891	0.00021092767859289712
56208.8385366466	0.9999711736580552	0.00021114925569638962
56208.85896956977	1.000085126351578	0.00021962238572656768
56208.899835415155	0.999847215599082	0.0002272234068218237
56208.92026833739	1.000485341415959	0.00021223056714090254
56208.94070135939	1.0001082426321166	0.00020797792702786753
56208.96113418115	1.0000144827460238	0.0002064534353776895
56208.98156710268	0.9997799785060307	0.00022269314459668832
56209.00200012374	1.0000924317076985	0.00020543972397234664
56209.02243304458	0.9997091242574709	0.00020848994282165597
56209.04286586518	0.9997115498501798	0.00022480057715293936
56209.06329888555	0.9997119506743475	0.00021568186001300052
56209.08373180545	0.9993417832810968	0.0002194505043157316
56209.10416462535	1.0000201897468934	0.00021075034220583244
56209.12459764478	0.9993274036164201	0.0002087347042876801
56209.145030563755	0.9993126508084753	0.00021364284737447386
56209.16546358273	0.999408859392156	0.00020906086751683027
56209.18589640147	0.9994807331064859	0.0002151503103227361
56209.206329319735	0.9996724669377102	0.00020675794898205403
56209.22676233778	0.9996635470781249	0.00020354269730106422
56209.24719515558	0.9997383180649477	0.00020520267119738538
56209.26762807292	1.000234419902758	0.00020617843142728404
56209.288061090265	0.9997394897306655	0.00020542388144816792
56209.30849390714	1.0003580027506032	0.00022247301366541225
56209.32892682378	1.0003116306644422	0.00022099321132550546
56209.34935974019	1.0001290290571436	0.00020810735764153834
56209.36979265613	1.00022426950539	0.00025186613267794237
56209.390225672076	1.0001980138710282	0.00022182341007987355
56209.410658487555	1.000374850289118	0.00021101895349033206
56209.4310914028	1.0005563628333296	0.0002517623123336913
56209.45152441781	1.000425987902712	0.0002102883061410107
56209.47195733236	1.0000050750508833	0.00024834470244044815
56209.4923901469	1.0001694810580075	0.00023824802471693194
56209.512823160985	0.9995422515982618	0.00021561880408320388
56209.55368888845	0.9994755618607609	0.00022445993909390815
56209.5741219016	0.9992237708107214	0.0002138884732374744
56209.61498762743	0.9999477292855654	0.00022109367492570336
56209.63542063988	1.00050046928718	0.00021914925746497723
56209.6558535521	1.0001403738287227	0.00020554401348944212
56209.67628656385	1.0002434352111214	0.0002091211217595634
56209.696719375606	1.0002890524290833	0.00021766377119856743
56209.717152286896	0.9995671354327961	0.00022459417697954175
56209.737585297946	0.9999539783078686	0.00021564879671800942
56209.75801810877	0.9997342531011006	0.00025482382855367196
56209.77845101913	0.9999139469895679	0.0003017806229835431
56209.798884029246	1.0002270466875844	0.00023186907170309867
56209.81931683937	0.9998079006634222	0.0003871052650382633
56336.195878901875	0.9997335407147607	0.00022504241005380643
56336.21631224925	1.000122912859105	0.00019889622099398096
56336.2367456971	0.9998379072309624	0.00018786525212726316
56336.257178945176	0.9999738004552616	0.00018238854803114262
56336.277612293714	1.000018614714545	0.00018569084536089082
56336.298045742726	0.9998426670713445	0.00018649503437276915
56336.31847899197	0.9997536893636121	0.00018027352915111805
56336.33891244167	0.999862756980664	0.00017984774947632428
56336.35934579185	1.0000888011853428	0.00017988816617030731
56336.40021249312	1.0000662607372148	0.00018535803306774073
56336.42064584423	1.0001973297024598	0.00018517023487447758
56336.4410790958	0.9999919626656113	0.0001861712890208986
56336.46151254783	1.0001054838549286	0.0001881338347739286
56336.4819459001	1.0001044048729224	0.0001883551751908463
56336.50237935283	0.9999873590525217	0.00018683556199690422
56336.5228126058	1.0002378258312263	0.000187518217076831
56336.543245959234	1.000019542776026	0.00018394852225740146
56336.56367941313	1.0003025118298368	0.00018135766850546568
56336.58411266726	1.0000142527412925	0.00018545499020665153
56336.60454602186	0.9999069654671406	0.00019429323259997946
56336.62497947692	0.9996258636066939	0.00018520914179709515
56336.645412732214	1.0001209810271283	0.00018247295050526462
56336.66584608798	1.0005228770814263	0.00018005735778002115
56336.68627954397	1.0000571019004658	0.00018091564776734372
56336.70671290066	1.0000101157091226	0.00018406906871537538
56336.727146257355	0.9999225411393019	0.00018743458414504507
56336.74757961474	0.9999604889675395	0.00018575563393564073
56336.768012972134	0.9995532230382158	0.00018325375718167614
56336.788446430226	0.9995431091471545	0.00018079701147896408
56336.80887968854	0.9992680962100704	0.00018043601993783374
56336.82931304733	0.9991944717933501	0.0001805053447798527
56336.849746406355	0.9995898001383787	0.00018146970412150215
56336.87017976607	0.999808868918229	0.00017983040130655943
56336.89061322579	0.9994511653800054	0.00017989672370268388
56336.91104648621	0.9995982029268093	0.0001798819792492797
56336.93147984662	0.9998275538523894	0.000181078463412975
56336.95191330774	1.0000623601696992	0.00018083605358566103
56336.97234656909	0.9999309480418636	0.00018049982356519817
56337.01321339295	0.9997783231147335	0.00018397503666166677
56337.0336466557	1.0001056754264384	0.0001830668975047165
56337.05408011844	1.0002189723380943	0.00018905964156535192
56337.07451348165	1.0001273417688719	0.00018492116412960184
56337.09494674533	1.0001996105495987	0.00018009067138047185
56337.11538020947	0.9998595399324599	0.00018833689187460089
56337.13581357385	1.0001000913348732	0.0001806870411819875
56337.15624693869	0.9999036156957033	0.00018762905549404618
56337.17668030376	0.999913741162274	0.0001807438161535722
56337.1971136693	0.9997386467390593	0.00018174556239790418
56337.21754703531	0.9997789567408137	0.00018080895271979872
56337.23798040154	0.9999151109375092	0.000181274875038045
56337.25841376825	0.9998542640797403	0.0001845721120636413
56337.278847235415	0.9997707237327481	0.000180499854527706
56337.29928060282	0.999865418617895	0.00018120829617527458
56337.31971387069	1.0003174403303838	0.00018039032622662243
56337.34014733879	1.0000611149682763	0.00018086311919420902
56337.360580707355	1.0002004495940964	0.00017990357672210746
56337.38101397639	1.0001052915305082	0.0001812022296363119
56337.40144744565	1.0001544300295953	0.00018282694980488218
56337.42188081538	0.9995889960741231	0.00018053835040550336
56337.46274755601	1.000276094682778	0.00018496376575867244