55986.29166238967	1.0000400684225859	0.00015899757436793586
55986.332529716674	1.0000280184266215	0.00015898662926884174
55986.35296338059	1.0000532343954993	0.0001589697239479969
55986.37339714473	0.9999711388040519	0.000158966407682781
55986.393830709225	0.9998272838380816	0.00015896926925046832
55986.414264373954	0.9999494068768731	0.0001589715486264395
55986.43469813891	1.0000984941217035	0.00015895968816089258
55986.45513180422	1.0001508729556199	0.00015898472474434262
55986.475565469766	1.0000209703606417	0.00015897796459036885
55986.495999135535	0.9997659574181945	0.0001589446865932218
55986.51643280166	1.0000909041855512	0.0001589709098570501
55986.53686646814	1.0002950466008342	0.00015896025242082194
55986.55730013472	0.9997745366659249	0.00015896682427666471
55986.57773380166	1.0000551468118972	0.0001589599415283035
55986.598167468954	1.0000275204578328	0.00015896426851709535
55986.61860113635	1.0000326890722244	0.00015897448775269038
55986.63903490423	0.9998859828015463	0.00015895416481634804
55986.659468472215	1.000078809694149	0.00015896499326115206
55986.679902140546	1.0000932955437878	0.0001589542397929398
55986.72076947804	0.9998665949542725	0.0001589558396269089
55986.74120314718	0.9999418419003386	0.0001589492923317483
55986.76163691657	1.0000822784807095	0.0001589608956427234
55986.782070486304	0.9999365896046551	0.00015894310171537079
55986.802504156265	0.9998311125040676	0.0001589408291263857
55986.82293792658	1.0003502033924867	0.00015897778334169463
55986.84337149713	0.9995425737370546	0.00015893309542415292
55986.86380526791	0.9997795601710049	0.00015895079551150028
55986.88423893904	0.9999192131397482	0.0001589416960652075
55986.904672510405	1.000274406160042	0.00015895770621568314
55986.925106282	1.0000106677506153	0.00015894491141697092
55986.945539953944	0.9998178001797455	0.00015894420820800458
55986.965973626124	1.0001574137074467	0.00015894543640932186
55986.986407298646	1.0002508137259034	0.00015895768933231894