55778.28193982786	0.9996976292713768	0.00016019082735762517
55778.30237357396	0.9997967447584082	0.00016018896224913437
55778.32280751983	0.9997829243075768	0.0001601749082319283
55778.363675310866	1.0000742302431915	0.00016020843252504799
55778.38410905604	0.9998259820290926	0.00016015876443756225
55778.42497684568	0.9999809796420988	0.00016016404680777849
55778.44541059015	0.9999867294599881	0.00016013751429346445
55778.4862783784	1.0001997887895504	0.00016018881265633233
55778.527145965716	1.000017142350189	0.00016020043928392593
55778.54757990902	1.0001539009492681	0.00016017238674267164
55778.5680137521	0.9997164436011904	0.00016017680333095495
55778.58844749494	0.9999345156384256	0.00016016438841035685
55778.60888143755	1.0000152236844477	0.00016018182810320538
55778.629315279926	1.0000073564067746	0.00016014494098017383
55778.64974912207	1.0001212857197088	0.00016017419596018275
55778.67018296398	1.0000057760986172	0.00016016471090049054
55778.69061680566	1.0001472210935012	0.0001601430580878574
55778.71105074711	1.0002632518582897	0.00016015180807598574
55778.73148448808	1.0003408504507891	0.00016015425562032005
55778.751918329064	1.0000085313440636	0.0001601395072324217
55778.77235216981	1.000050069101276	0.00016015402074504804
55778.79278601032	0.9999791843241017	0.00016010246308072388
55778.81321985061	0.9999789827245719	0.0001601218439030325
55778.854087530235	1.0001871716257307	0.00016015598400354863
55778.89495520917	1.0002827418689542	0.00016012621815845177
55778.915389048285	0.9999969473102241	0.0001601232370497487
55779.09929358916	0.9995960104652086	0.00016011741768927974
55779.119727525955	0.9998056599297787	0.0001601104430073044
55779.14016136228	0.9998549092860608	0.00016010126739357804
55779.18102903446	0.9999234090099093	0.00016012947514949615
55779.20146287032	1.0000627256877055	0.00016013992162223706
55779.2423305411	0.9997119365265222	0.00016009470095975823
55779.26276437626	0.9998844328470142	0.00016012070350229554
55779.28319831095	1.0000889999984766	0.00016014427993726104
55779.303632045645	1.0001262515511413	0.00016009213748611277
55779.324065879875	1.0001310830704269	0.00016011363725252639
55779.3444998141	1.0000938574248244	0.0001601556784869134
55779.36493354786	1.0000791610569477	0.00016011108308439966
55779.38536738163	1.0001167478345836	0.00016012566999247649
55779.426235047984	0.9998425961092968	0.00016010311534178027
55779.44666888105	0.9998635878609929	0.00016012497084994613
55779.46710281364	1.0000383780932973	0.00016013105121240236
55779.48753654601	1.0000528397644575	0.00016013081692257467
55779.50797037838	0.9997705391635534	0.00016012328970752652
55779.52840421027	0.9999301583970699	0.00016011542459051545
55779.548838042174	0.9999130118241063	0.00016012615592741244
55779.56927197361	0.9999008484654212	0.00016013346929707016
55779.61013953578	0.9997761481396072	0.00016010193078724305
55779.651007297245	0.9997411054563007	0.00016010058259035607
55779.691874957556	1.0001849014883297	0.00016013204751620094
55779.712308787355	0.9998814513590958	0.0001601483772944137
55779.73274251716	1.0002603542548172	0.00016018043291692163
55779.753176446495	1.0000203271039612	0.0001601536096775324
55779.7736102756	0.9999980314414902	0.00016013313334611593
55779.79404400448	0.9999445233204622	0.0001601644092612583
55779.81447793312	0.9996816781173528	0.00016012506731750918
55779.83491176152	1.0000171782628138	0.0001601497770154693
55779.8553456897	1.0004127451003613	0.00016017133606778045