56402.42256621223	0.9999256173889247	0.0001630726086075139
56402.4430003783	1.000113141324221	0.00016309783230992233
56402.463434644545	1.0000401974900017	0.00016305743508869303
56402.48386881096	0.9998799643601484	0.00016301782265824022
56402.504302877554	1.0000473314505158	0.00016307668467798242
56402.524737144326	0.999639430178391	0.00016300561142178503
56402.54517131121	0.9997982367737124	0.0001630174737939804
56402.565605378324	1.000079153280421	0.00016308238262954775
56402.58603964562	0.9998550534259597	0.0001630341434137626
56402.60647381302	0.9999461263687591	0.00016300694847794188
56402.647342148426	1.0001151682486902	0.0001630417305989573
56402.68821058452	1.0005236076622523	0.00016309365287241813
56402.70864465286	1.0002587903943483	0.0001630640403993794
56402.729078821314	1.0000949826257948	0.00016309122538620308
56402.769947158755	0.9999520752300419	0.00016311393158422566
56402.79038132774	0.99998687008911	0.00016302202300464883
56402.83124966628	0.9997949735512466	0.00016303941335141386
56402.85168393572	0.9999301218109032	0.00016296724824942557
56402.89255217525	1.000191982053169	0.00016304707622046482
56402.91298644528	1.0003866145585902	0.00016300951405950613
56402.93342051542	1.0000347819718332	0.00016304002001388845
56402.9538546858	0.9997244664098516	0.00016304195437775282
56402.97428895629	0.9998820671556109	0.00016300570457591305
56402.99472312702	1.0001133461837792	0.00016304023383948143
56403.015157297865	0.9998518081432346	0.0001629982941284029
56403.035591468935	1.0001222534517848	0.0001630287083308895
56403.05602564013	0.9995868389310771	0.00016301343148093022
56403.0764598115	0.9998694460370905	0.00016296560474239383
56403.096893983035	1.0002282122600352	0.00016304622614232017
56403.11732815475	1.0002263812024506	0.00016298969978452887
56403.137762426646	0.9999947932042025	0.0001630206439072856
56403.158196498705	1.0003078284448803	0.00016304197186202586
56403.17863077089	0.9999849761835229	0.00016304641653578145
56403.19906494331	0.9999437675148943	0.00016297840299490577
56403.21949901589	1.000120134439652	0.0001629264518822184
56403.2399332886	0.9997568926983194	0.00016295950772230383
56403.26036746148	1.0003444515212079	0.00016293782713691472
56403.28080153459	1.0001003580048884	0.00016300166991977923
56403.30123580782	0.9997726787699815	0.00016294182936560072
56403.321669981226	1.0001664268737271	0.0001629618993295495
56403.3421040548	0.9999318167485848	0.00016297409162658384
56403.362538328554	1.000272501634236	0.0001629903412779358
56403.382972502484	0.999872351399425	0.00016293104284987865
56403.40340667658	0.9997544556115552	0.00016288914072878186
56403.4238408508	1.0002340584321774	0.00016287638827051814
56403.44427502526	1.000098674661893	0.00016292287853821665
56403.46470919982	1.0001501586234873	0.0001629365467064787
56403.485143374564	0.9998329152231363	0.00016288972847190182
56403.50557754954	0.9996202706346828	0.0001628938692970471
56403.52601172463	1.0001825624196032	0.00016288620085249826
56403.5464458999	0.9995624994752643	0.00016293092135256517
56403.566880175335	1.0003789965777496	0.0001629079972321584
56403.58731425095	1.0001161102572367	0.00016285383015774568
56403.607748426686	0.9999957749078148	0.00016290455814672752
56403.628182702654	0.9998077356160426	0.00016290371583697248
56403.64861687873	0.9998329153268167	0.0001628616554287098
56403.669050955046	0.9999593815259593	0.00016295967729210522
56403.68948523147	0.999862972733482	0.0001628578240594618
56403.70991940808	1.0000202225458452	0.00016291008011920638
56403.73035348486	0.9999041779527125	0.0001628848386760507
56403.75078776182	1.000167062406066	0.00016293891816672725
56403.771221938885	0.9999539858251582	0.00016288949533289936
56403.79165621619	0.9999671290419535	0.00016294778415396817
56403.812090293664	1.0000905554004302	0.00016289977656296038
56403.83252447126	1.0003104500484756	0.00016288607006945474
56403.852958749034	0.9999823860628525	0.00016291400342708276
56403.87339282698	1.0001196813230433	0.00016288441317700562
56403.89382700509	0.9999728201395427	0.00016287581314873909
56403.91426128339	0.9998453450214666	0.00016284872526084966
56403.93469536185	1.0000504217193662	0.00016285666379809273
56403.95512964044	0.9999933111086874	0.00016288921241318865
56403.97556381926	1.000019782357862	0.00016289590394002283