55362.19156582296	1.0000013655174083	0.00015687066451382028
55362.212000072446	1.000211182377254	0.00015694008009514801
55362.23243422181	0.9998862647879825	0.0001568707352163902
55362.25286857106	0.9999829559505391	0.0001568751043179153
55362.27330282019	0.9999807681878807	0.00015684193134797716
55362.2937371692	1.0001519036789124	0.00015683910106877917
55362.3141713181	1.0001315634930834	0.00015687819858596408
55362.33460556689	1.000089293355207	0.00015685885550775224
55362.355039915434	1.0000027039930892	0.00015679310725680287
55362.375474063985	1.0001591315637903	0.00015682412947001431
55362.416342560624	0.9999065580753428	0.00015684794798061788
55362.4367768087	1.0002930283819977	0.00015687621241842535
55362.45721105667	0.9996686680299635	0.00015684772017315982
55362.477645304636	0.9997922378252659	0.00015686061332903254
55362.49807955237	0.9996879861723117	0.00015685391800839856
55362.518513799994	0.9999086410972317	0.00015684158341932865
55362.53894814749	1.0000058371548914	0.00015684283277574496
55362.55938229488	0.9998357730907973	0.00015682833350854532
55362.57981654215	1.000053029377786	0.0001568335908928659
55362.60025088918	0.9998235362931477	0.00015684515375329644
55362.62068503622	1.00008367844582	0.0001568409400188264
55362.641119283144	0.999889952187294	0.00015684354235101925
55362.66155362983	1.000214116392158	0.00015682740957441893
55362.6819877764	1.0000118138033207	0.00015682899082374276
55362.70242212297	0.9997844444414853	0.00015681917639688393
55362.722856369306	1.0001526405422834	0.00015685985348910927
55362.76372486164	1.000140912105212	0.00015686619129345048
55362.78415910762	0.9999551047280273	0.0001568480574713921
55362.804593253495	0.9999850052503088	0.00015681645300475813
55362.825027599254	0.9998218427213548	0.00015682292016731895
55362.84546184489	0.9999816002273242	0.0001568433251130693
55362.865896090414	0.999956029944037	0.00015680778988661173
55362.88633033571	1.0000547761509087	0.00015682945320534173
55362.92719882605	0.9999987089516903	0.00015682133270252102
55362.96806731593	0.9998035996408797	0.00015682373692425873
55362.98850156064	1.0000532822189194	0.000156857854075236
55363.008935905236	0.9997768906939918	0.00015680778767583666
55363.029370049706	1.0001661231814416	0.00015682789327249553
55363.04980429395	0.9999700641727052	0.00015680615118908672
55363.070238538196	1.0001279504152492	0.0001568371817549762
55363.09067278232	1.000035962289348	0.0001568287388082107
55363.11110712633	1.0000941686963556	0.00015682996510014963
55363.13154127011	1.000109491500169	0.00015682137165445883
55363.15197551376	1.0000143394167722	0.0001568339925918991
55363.17240985743	1.0002911709426983	0.00015683378176236374
55363.192844000856	1.0001007071600585	0.0001568180591697364
55363.21327824416	1.0000699054992142	0.00015681446120742871
55363.23371258736	0.999857237267599	0.0001568086732124492
55363.25414673044	1.0000682868319324	0.00015679947512353695
55363.29501531613	1.0000016819043502	0.00015678980866254877
55363.31544945886	0.9997756425397791	0.00015679886095749636
55363.33588370135	0.9999098597736491	0.00015680015368435188
55363.35631804385	0.9999410588622029	0.000156799506532823
55363.376752286116	0.9998745502024703	0.0001568006205753534
55363.39718642826	0.9999042688089645	0.0001567881173856361
55363.41762077029	0.9999866946388651	0.00015681389296173933
55363.4380550122	1.0000630450699317	0.00015679643303471468
55363.458489154	1.0000852074245874	0.0001568255111765599
55363.478923495684	1.0000353921538485	0.00015681506786305197
55363.49935773725	1.000035297669339	0.00015679818498515785
55363.51979207858	1.000353585684131	0.00015681042477462792
55363.54022621991	1.0000735472224171	0.00015680105109725846
55363.56066046101	1.0001604110783924	0.00015679968676215482
55363.58109480211	0.9997505893243677	0.00015679384308287517
55363.62196318373	0.9998287843682063	0.00015679323803638353
55363.64239752436	1.0002024759145718	0.00015678726428848333
55363.66283166476	0.9997917674893855	0.00015676564757807678
55363.68326590516	0.9999332492524142	0.00015674831632912046
55363.7241343855	0.999770252231435	0.00015674903884490372
55363.74456862555	1.0002270121707377	0.00015678208170068282
55363.76500296537	0.9999229192553659	0.0001567657485937399