55067.02974182821	1.000053466731073	0.0001954101885053988
55067.05017525953	0.9999817068397705	0.00021386380056437804
55067.070608590606	1.0001264704777557	0.00018851660189558102
55067.091041821455	1.0002301740649062	0.00019268366258132376
55067.11147525184	1.0001750356916292	0.00019072606407179347
55067.131908581985	0.9996378925889868	0.0001888606976854342
55067.17277514136	1.0001035709448833	0.00019174331635339544
55067.19320857057	0.9997664361945691	0.00018892296556709116
55067.213641899325	0.9998898018872373	0.00019433247289395544
55067.23407512808	0.9998836657219893	0.00018936696345915212
55067.25450855636	0.9999641857478829	0.00018856300085713564
55067.274941884185	0.999862405191303	0.00019118436271731848
55067.29537511201	0.9998142718163587	0.00019214174411124696
55067.31580843936	1.0001050952743873	0.00019037064955086837
55067.33624176648	0.9998583454070937	0.0001899523208871542
55067.35667509314	0.9999012494407022	0.0001916244035189797
55067.377108419794	0.9999969127144902	0.0001900562073682269
55067.417975071716	0.9999403401889594	0.00019228165455153614
55067.43840829721	1.0000964507463368	0.00018887405964069105
55067.458841722466	0.9999818954461088	0.00018926994910051025
55067.479275047495	1.0001085038873399	0.00019313083141371775
55067.49970837205	0.999995279446371	0.0002126544223209839
55067.52014159638	0.9996579974075324	0.0002023983039920379
55067.54057502048	1.0002550198964935	0.0001922221004669793
55067.561008344106	0.9998610976719997	0.00019596952628321446
55067.60187489067	0.9997521440733087	0.0001916017967740435
55067.6223083136	1.000298018595732	0.00019071161685406204
55067.64274153607	0.9999909810260085	0.00018873575528424556
55067.6836082803	0.9997875846171302	0.00019155894092410888
55067.704041501835	1.0000955289940476	0.00018889695772538882
55067.72447482314	0.9998816459979317	0.00019251894564560121
55067.74490824397	0.9999459643328865	0.0001922694847799291
55067.76534146481	0.9999811584238005	0.00018852935860843713
55067.78577478518	1.0002773668171905	0.00018961681507900435
55067.80620810532	0.9996356671352945	0.00020549830720742514
55067.82664152499	1.0001118901880273	0.0001895203892495023
55067.84707474443	1.0000148173296213	0.00019962840790291824
55067.86750806363	0.9997761581472345	0.00020110093080669592
55067.887941482375	1.0001478368529124	0.0002225205822521608
55067.90837470112	1.0001862164017956	0.00019677876430608215
55067.92880801916	0.9999461415065856	0.0002053232079646116
55067.9492413372	1.000241290695636	0.000191430710592221
55067.96967465478	1.0002339729181777	0.00019956296481284425
55067.99010797212	1.000126352995889	0.00019110641832664673
55068.01054128923	0.9999067029637123	0.0001895458175189923
55068.03097460588	1.0001713365283889	0.0001896148792374194
55068.05140792229	0.999642781568066	0.0001975412553424722
55068.07184123847	1.0001174493240141	0.0001905455644830859
55068.09227445418	1.0003648525004665	0.00019505693694090546
55068.11270786989	1.0000823433742732	0.0002046212093597026
55068.13314118491	1.000075303002605	0.00023676767154531472
55068.15357439993	1.0000252078521588	0.00021382773492704707
55068.17400781447	0.9999927416701675	0.00018956627412440485
55068.19444112879	1.0002676788719649	0.00019141025866768182
55068.21487434288	1.0000828794810026	0.00019028922871152222
55068.23530765649	1.0000860380992684	0.0002116475183320672
55068.25574106988	0.9999943538211171	0.00018879501522298158
55068.276174383034	1.0001898428586455	0.00019085188217883402
55068.29660759572	0.9999788175987623	0.0001907084930260712
55068.31704100817	0.9999808854197689	0.00018925190446835664
55068.3374743204	0.9998195564882244	0.00018969906634434954
55068.35790753215	1.0002886288505661	0.00019056301736444073
55068.37834084367	1.0000048654241216	0.00019852760398246738
55068.398774254965	0.9997332984131406	0.00021312574678372074
55068.419207466024	0.9998583010397019	0.00020781611352409704
55068.43964077661	0.9997540696958613	0.00019048932863461527
55068.46007418697	1.0001243167961582	0.0002006882165873484
55068.48050739709	1.0003135540393844	0.00019083274791044402
55068.500940706756	0.9999186080778482	0.00018984654802114585
55068.521374016185	1.0000427789830852	0.00019675245159296904
55068.54180732538	1.0000957211633428	0.0002022748756006086
55068.562240634106	0.9997543382411351	0.00021454727648803862
55068.582673942605	1.0001807245910446	0.00021646802556162976
55068.603107350864	1.0001144949943517	0.00019827253401701313
55068.623540558896	1.000213647862476	0.00019025084052151832
55068.64397386646	1.0003475466023772	0.00018977242272890808
55068.6644070738	0.9995549620101056	0.00020638493324491675
55068.68484048066	1.0001136097112928	0.00018898921227504406
55068.70527378753	0.9998338017461079	0.00019009991250016129
55068.72570709392	0.9998932397929264	0.0001898673979339435
55068.74614039986	1.000044267458208	0.00018946053878181904
55068.78700701127	0.9994218149019687	0.00019216674503976525
55068.8074402165	0.9997189425082591	0.00019301952540115767
55068.827873621274	1.0000549079249785	0.0001929576895620986
55068.848306825814	1.000729828960223	0.0001913710114831182
55068.868740130114	1.000112254177973	0.00018989406302902134
55068.88917353419	0.9997085882640631	0.00020135720780773536
55068.9096067378	0.9995558686556343	0.00018982669376198786
55068.93004004117	0.9998890225563172	0.00019891102599530944
55068.95047344431	0.9995842311444281	0.00020150607962490216
55068.97090664699	0.999865571410274	0.00019731367465047257
55068.991339949425	0.9997105852051571	0.0001993468339360305
55069.01177325164	0.999781923500342	0.00021289678038151596
55069.05263985489	0.9994272872986942	0.00019202864152018218
55069.07307315617	0.9998834206289495	0.00018856380767712255
55069.09350645722	0.9996263761240667	0.00020476075590079536
55069.11393975779	0.9996838579479685	0.0002184500971810369
55069.13437305814	0.9998172178352446	0.00021257923845995516
55069.15480625826	0.9994590238879195	0.00024441601645085214
55069.1752396579	0.9996129460966157	0.00023468973276913856
55069.19567295732	0.9996554348346905	0.00020014961416979472
55069.216106156506	0.9999391978426317	0.0001888046313890719
55069.23653955522	0.9998993172948099	0.00019361887266965505
55069.256972853706	1.000115300456451	0.000190577928129512
55069.27740605196	1.0000896763760307	0.0002551724659443566
55069.29783934997	1.0001577133114283	0.00020068725456182253
55069.31827274753	1.0001855374321158	0.00019036079078032432
55069.33870604485	0.9999281602974519	0.00021237005901447682
55069.35913924193	1.000182517015984	0.00018937855712129116
55069.37957263856	1.0003425118501905	0.00019057384838952674
55069.40000593495	0.9996673882709843	0.00020726240829218215
55069.4204391311	0.9997524813958679	0.0001988168041390446
55069.44087242679	0.999913789229653	0.0001890065157973744
55069.46130582225	0.9996429929311191	0.0002242174027256892
55069.48173901747	0.9994388742264084	0.00025303176806279525
55069.50217231247	0.9996213224415613	0.000212395885693417
55069.522605706996	1.0001955102044042	0.0001960058332468286
55069.56347219535	0.9998989230631736	0.0001908004881067553
55069.583905488944	1.0000882212770188	0.0001891574125739569
55069.6043388823	0.9999999120611627	0.0001938003061202155
55069.62477207543	1.0001128492024656	0.00018874140122695756
55069.6452053681	0.9998750892246677	0.00018879427620561212
55069.66563876076	1.0000587670623065	0.00019355411604013358
55069.68607195296	1.0001810674339002	0.00018916951135680254
55069.70650524469	1.0002435226433048	0.00018869484496813582
55069.726938436186	1.000097813305922	0.00018873009822041237
55069.747371827456	1.0000970204508521	0.00019017859732492205
55069.76780511849	1.0000797327703816	0.00019143905207912853
55069.788238409055	0.9999025030630571	0.0001889673813231475
55069.80867169939	0.999695167671812	0.0001902736691062352
55069.8291049895	1.0000249506471048	0.00019442860684099628
55069.84953827936	1.0000816080861448	0.00020745609357534098
55069.86997146877	1.0003517346090485	0.0002158120718038941
55069.89040485794	1.0000485602702502	0.00019059888376558157
55069.91083814664	1.0000415812830799	0.00018865158199351539
55069.93127133535	1.0001636137090604	0.0001897788848873539
55069.95170472359	1.0002123814962491	0.00018924394840003214
55069.972138011595	1.0000908556918848	0.00018924187121834097
55069.99257119914	0.9997241075141844	0.00019015243661201295
55070.01300448645	0.9998691350027192	0.00018906090970311862
55070.03343787352	0.9999075421921504	0.00018938165150839259
55070.05387106013	1.0002460829880537	0.00018960591958397263
55070.074304346745	0.9998129793827288	0.00018850188340499398
55070.094737732885	1.0000627364094363	0.00018885531862421673
55070.115171018566	0.9999091734545684	0.00018868237433393927
55070.135604204246	0.9995924901935784	0.0001912635643292691
55070.156037589455	0.9997581531004188	0.00019591060265331244
55070.176470874205	0.9998335340314517	0.00018855478727297433
55070.196904058954	1.00012024987408	0.00019046648641531195
55070.21733734323	0.9996705009574767	0.00018930159866401816
55070.23777072728	1.0001023583271142	0.00018851965496447618
55070.25820391087	1.0001071131088644	0.00019101575591596275
55070.278637194446	0.9998381271462041	0.00018905001911892982
55070.299070477566	0.9999843478801269	0.00019381452443697415
55070.31950376022	1.000041028352943	0.00020000945195875277
55070.33993704287	0.9998544407868493	0.00018935274037622701
55070.360370225055	1.0000283974987298	0.00020166950247229676
55070.38080360701	0.999873188160388	0.00021545988051358816
55070.401236888494	1.0002388200131036	0.0001893231542098871
55070.42167006998	1.000090869117882	0.00019144340208050527
55070.442103450776	0.9999888592764146	0.00018865597469943518
55070.46253673156	0.9999238602102076	0.00021519624866290647
55070.482969911885	0.999900412846218	0.0002238906702834372
55070.50340319221	0.9998973019445744	0.00018868855779270152
55070.52383657183	1.0000371122389198	0.00020478571183887867
55070.54426975146	1.0000557963993728	0.00019796865397971828
55070.56470303062	1.000173352433182	0.0002053416646206527
55070.58513640954	1.0000259613552855	0.00019113250294982924
55070.605569588006	1.0000779183541866	0.0001891533568162767
55070.64643614447	1.0001530881035436	0.00018858565500364077
55070.66686952199	1.000136587399717	0.0001897950758310031
55070.68730269952	1.0000695933652128	0.00018951539889524978
55070.70773597658	0.9998488342568459	0.00019337889507268688
55070.72816935342	1.000382421941168	0.00018900488901490243
55070.748602529784	1.0001721111315645	0.00018869578975840015
55070.76903580615	0.9998057983716053	0.00018967979255072473
55070.789469081814	1.000064795953684	0.00019583229443751252
55070.80990235748	0.9998548681999617	0.00021424084718065395
55070.83033563291	1.0000883260815403	0.00020385014130458877
55070.85076890788	0.999765277782458	0.00018965496313855205
55070.87120218239	0.9998507114860608	0.00018980339581935033
55070.891635456894	1.0000289393868718	0.00018947332944272663
55070.912068730926	0.9998116109331248	0.00018918384019667877
55070.93250190473	0.9997494762561467	0.00019076557246745302
55070.9529352783	1.000193782056291	0.0001968375825809695
55070.97336855141	1.0002557893586463	0.00018916085999126086
55070.99380172428	1.0001341440877423	0.0002389079586059014
55071.014235096925	1.0000484135584684	0.00021037467164926058
55071.034668369095	0.9999411843344708	0.00018930858573553642
55071.05510154104	0.9998439847307716	0.0001898691573852156
55257.833646247265	1.0002775343909116	0.00020812268056930893
55257.854080166246	0.9999825973848688	0.00021050224620959034
55257.87451428569	0.999974464290583	0.00021208569317200066
55257.89494830525	0.9998984932221855	0.00021614809108904876
55257.91538222528	0.9998977882431692	0.00021164867317336182
55257.93581634554	0.999982107170669	0.00021162881956493984
55257.95625036603	1.0002372305433949	0.0002123120026228669
55257.97668428687	1.0001139336740346	0.00021209326037585388
55257.997118408064	1.0000728451918974	0.00021041093698987847
55258.01755242948	0.9999608546832723	0.00021170583341558318
55258.03798635114	1.0003048451579355	0.00020969756247664185
55258.05842037315	0.9997990016976849	0.00021088916438961097
55258.0788544955	1.0006946645222006	0.00020933763944752518
55258.09928851809	1.0003319983617243	0.0002087450105896576
55258.11972244103	1.0000933070980325	0.0002085995050924071
55258.14015656419	1.000147632238503	0.00021045246682193592
55258.160590587715	0.9997285620458841	0.00020849844393544995
55258.181024511585	1.000100062203956	0.00020644888958192706
55258.20145863568	0.9998881311346669	0.00020744230878672894
55258.22189266002	0.9997047662965316	0.00020848263901067246
55258.2423265847	1.0002278821230488	0.00020623136645369058
55258.26276070973	1.0007358444943202	0.00020799828358703185
55258.28319473488	1.0002116184274117	0.00020759815598353279
55258.3036286605	0.9997861489786775	0.0002067182806549282
55258.32406278634	0.9999058614524041	0.00020721164172432567
55258.34449681254	1.000381648938585	0.0002065678945165276
55258.36493073897	0.9997184401510013	0.00020610317171413089
55258.385364865746	0.9997889775530001	0.0002060690755620992
55258.40579889276	1.0003170541844963	0.0002062534175987346
55258.426232920116	0.9995813280545758	0.00020584620592022757
55258.44666684771	1.0000359021981111	0.00020598789456143332
55258.46710097566	0.9996592106753861	0.0002058254760840428
55258.487534903834	1.000028873707163	0.00020587601809231906
55258.52840306123	1.0002232587338977	0.0002057370200292237
55258.54883699034	0.9997557121147213	0.0002060855186259999
55258.569271019674	0.9998147728459266	0.00020728593413856517
55258.58970514937	1.0002381403013798	0.00020563011476722678
55258.61013907941	0.9996607756241682	0.00020589139931082191
55258.63057310967	1.0000616862196159	0.00020742896610712535
55258.67144117115	0.9997025408727067	0.00020573138815144413
55258.71230933379	1.0004569495802942	0.0002059949426037814
55258.73274326546	0.9996495285452082	0.000206382948674902
55258.77361142984	1.0000824032014224	0.00020620943004026387
55258.79404546255	1.0001274253829555	0.0002058515681906089
55258.81447939538	0.9997126288410092	0.0002068779176425109
55258.834913428684	1.0001139985943888	0.00020653538913924685
55258.85534756222	1.0000405023495464	0.00020651237843621816
55258.875781495975	1.0002393864586856	0.0002065432037525877
55258.89621553009	1.0000666553805369	0.0002067055654033526
55258.91664966443	1.0001564235304587	0.0002062955610167017
55258.93708359913	1.0000052546009588	0.0002065193443821121
55258.957517634175	1.0001324086384349	0.00020911049595801747
55258.99838570496	0.9998631775138854	0.0002057030747594457
55259.01881974082	0.9996660417203705	0.0002068448632245968
55259.03925387691	1.0000403787361	0.00021222839418522617
55259.05968781335	0.9997887709399187	0.0002070555032417296
55259.080121850144	0.9999644890088961	0.00020692168248708819
55259.12099002454	0.9997892585194816	0.00020820363439068144
55259.141423962144	0.9996782944793441	0.0002071745047632682
55259.16185809998	1.0000996183112933	0.0002157761835467556
55259.18229213817	0.9996959268626463	0.0002073181695369272
55259.202726076706	0.9999808233934424	0.00020744776867280288
55259.22316011548	0.9995401182533876	0.00020894543056542483
55259.24359415459	0.9998059903543473	0.0002105034683977549
55259.264028193946	0.9998876380008035	0.00020893370860640097
55259.28446223353	0.9999364717558772	0.000211507353158873
55259.30489627358	0.9996774940368001	0.0002078121509133806
55259.325330313746	0.9999168742440294	0.00020790762416332602
55259.366198395124	1.000018213057971	0.00020804721194256462
55259.386632436224	1.0002875453024003	0.00020960144706195
55259.42750051935	1.0002656956250966	0.00020966277079970545
55259.44793456138	0.999655375580562	0.000205828311702232
55259.468368603644	1.0002401062709814	0.0002081318218178034
55259.48880264625	0.9998633915806173	0.0002087417728172888
55259.5092366891	0.9998691529883552	0.0002084574506432117
55259.529670732176	0.9998475760715033	0.00020933697057867276
55259.550104875714	1.000199207305367	0.00020909199891123247
55259.570538819375	1.0000436635674421	0.00020700605039430258
55259.5909728635	1.0002017512639227	0.0002086862883747709
55259.61140680774	1.0000740949963087	0.0002067862087208453
55259.63184095245	0.9997211251511465	0.00020880605491254382
55259.65227499727	0.9996056464622551	0.00020877146867401782
55259.67270904244	1.0000210593078291	0.00020883133668976662
55259.69314308796	0.9999009103689924	0.00021113991174570576
55259.71357713372	0.9999597801044431	0.00020887133144942472
55259.73401117982	0.9994670087317477	0.00020886614708568214
55259.75444522616	0.9998624593370254	0.00020970558862746643
55259.774879272845	0.999773224015299	0.0002089085251635484
55259.79531331976	0.9998544806747577	0.00020893817438116718
55259.81574746703	0.9997329230656934	0.00020938812728823694
55259.83618141453	1.0000230637070677	0.00020896533132010262
55259.85661546226	0.9999014841863654	0.0002102624114122162
55259.91791760744	0.9997701872956148	0.00021002181998785245
55259.93835175646	0.9995860467682447	0.00021053168246964055
55259.958785705705	0.9998850115443378	0.00020885957169761418
55259.979219755296	0.9997762593654048	0.00020932287456542226
55259.99965380513	1.0000464879860922	0.00021140170614224822
55260.020087855184	1.000014934681444	0.0002088095015812089
55260.0405219056	1.0004298221332446	0.00020962352533000918
55260.12225801015	0.9997822002369874	0.00020882139494958897
55260.14269216207	0.9995629759961936	0.0002085272325482121
55260.16312621423	0.9997812744003427	0.0002106615636487804
55260.183560166624	0.9998682767098693	0.0002072513299074799
55260.20399431937	0.9998511465503381	0.00020771560194020262
55260.22442837245	0.9998188427881634	0.0002074395379680846
55260.24486232577	1.0000507605528723	0.00020598606697543604
55260.26529647932	0.9998641347678742	0.0002094821716513575
55260.28573053323	1.0004298885989327	0.00020731163207059742
55260.30616448737	0.9999841119640656	0.00020559622091222715
55260.326598641856	1.0000193522572907	0.0002059274732505946
55260.34703269657	1.000051646393329	0.000205824178766922
55260.36746675164	1.0001269818923968	0.00020682548141771523
55260.38790070694	0.9998585998150722	0.00020663819407797714
55260.408334862586	0.9998733083745546	0.0002076930221957249
55260.42876891847	1.0001967170235444	0.00020802018874742663
55260.449202874704	0.9999153680503434	0.00020725522348675386
55260.469637031165	1.0002355907762706	0.0002074209376948022
55260.49007108798	0.9994994248810976	0.00020623174948314964
55260.51050504503	1.000106769930023	0.0002083822541083431
55260.53093920242	1.0000384519313819	0.00020683111850408885
55260.55137326005	0.9999290141920547	0.00020641455670805274
55260.571807217915	1.0003282058138583	0.00020584543384822166
55260.59224137612	1.0000403315837618	0.00020775199067403906
55260.612675434684	0.9997781732053812	0.00020953053618389452
55260.63310939348	0.999890034524309	0.0002092503050909595
55260.67397761188	1.0001556384931138	0.0002080037289549415
55260.69441167149	1.0003320794053367	0.00020654133608658898
55260.71484573144	1.0001603777712786	0.0002085803591670251
55260.73527979163	1.0001604389790146	0.00020669012456759828
55260.755713852166	1.0000724922676474	0.00020661668476943564
55260.77614781294	1.0005576730905568	0.0002063359523554135
55260.796581974064	1.0000520833863429	0.0002061435424503234
55260.81701603542	1.000031173590889	0.00020627253188327518
55260.83744999712	1.0002535323941828	0.00020617628511346463
55260.85788415906	0.9998741531219759	0.00020602025371390338
55260.87831812123	1.0002408739552897	0.00021186749452362344
55260.89875218374	0.9998904054286836	0.0002718884908931364
55260.91918634661	1.0002410973122275	0.00020841953047566228
55260.93962030971	0.9997796989376644	0.00021211421227027992
55260.96005437304	0.9998399108053382	0.0002057013120644434
55260.98048853673	1.0002666869008285	0.00020742967228728175
55261.00092250064	0.9998975258964715	0.00020579632700997396
55261.0213565649	0.9997333792313269	0.00020565290984571205
55261.0417907294	0.9999074455258544	0.00020992119518818138
55261.06222479425	1.0001863723124078	0.0002061929795237847
55261.10309292476	1.0002241343472513	0.000209498014616802
55261.123526990414	0.9996660050144681	0.00020598062363359762
55261.143960956426	1.0000292709445158	0.0002059850545868988
55261.16439502267	1.0002945826884129	0.00020802268811603787
55261.18482918915	0.9998326005900791	0.0002067294644665459
55261.20526315597	1.000057922015866	0.00020586318276597545
55261.22569722303	1.0001922505709864	0.00020939029524568651
55261.246131390435	0.9999434602127943	0.00020666152842924816
55261.26656535808	0.9997150343776735	0.00020594635427708717
55261.28699942607	0.9999586832339178	0.00020773499361984268
55261.307433594295	0.9998554839029055	0.00020765513232493804
55261.32786756286	1.0001051265071892	0.00020587642110877138
55261.34830163167	1.0000363443679132	0.00020587145360121157
55261.3687358007	1.0000317252105138	0.00020659888819497287
55261.38916987009	1.000037354994327	0.00020584795980236925
55261.40960383983	1.0002371340744123	0.00021053381489280953
55261.4300380098	0.9999715960571283	0.00020621031822520304
55261.450472079996	1.0000055812209907	0.00020758373246066502
55261.49134022133	1.0001518063701906	0.00020572398841739136
55261.51177429246	0.999835028559223	0.00020891457069043684
55261.53220826383	0.9998479256704589	0.00020805806634664279
55261.55264233543	0.9998080571691579	0.00020623581499081554
55261.573076507375	0.9996293386279316	0.00020881007759094878
55261.59351047967	1.000126429283728	0.00020642704997013021
55261.6139445522	1.0001105690657972	0.00020723591193826883
55261.634378724964	1.0002378183439182	0.0002111708788053695
55261.65481269808	0.9998715159914418	0.00020926065111419347
55261.675246771425	0.9998369034674908	0.00020679341651648456
55261.695680945	1.0000510136342797	0.00021043264688323684
55261.71611491893	1.0001956955553752	0.000208459197386947
55261.7365489932	1.0000378317914886	0.0002092308998923067
55261.75698316771	0.9999538692457662	0.0002107811502387942
55261.77741714245	1.000072136074194	0.00020888407334870892
55261.79785121755	1.0003161648721393	0.0002103679186554069
55261.81828539287	0.9999850373450181	0.00021250678178923667
55261.83871936854	1.0000331644194578	0.00021660975307073068
55261.85915344444	0.999877297178575	0.00021454107186385038
55448.66788268049	1.0000827343344132	0.00019533809015723113
55448.68831585767	1.0001614081662347	0.0001951999564648936
55448.708748934616	0.9999116580252216	0.0001925802458143926
55448.72918221133	0.9997999691581858	0.00019432921561838323
55448.74961538758	1.000536060491445	0.00019476593863895086
55448.77004846359	1.0001659749219403	0.00019216308295447147
55448.79048173938	1.0000927412244924	0.00019237398289076536
55448.810914914924	1.0002101546608142	0.00019429638732336172
55448.83134799001	1.000168914130454	0.0001932961545406884
55448.851781264864	1.0000023551829627	0.0001927170383976554
55448.872214439485	1.0000791092587347	0.00019382916220952038
55448.892647613866	1.000003452523389	0.00019269660822575339
55448.91308078802	0.9998428607578589	0.00019200567640692215
55448.9335139617	0.9999080910789813	0.00019290761010255485
55448.95394723516	1.0000544758413445	0.0001935201932352167
55448.974380408385	1.0000321583703866	0.0001940139574456421
55448.994813481375	0.9999252101655186	0.00019200219294254983
55449.015246753894	0.9999043861291872	0.00019287094016070568
55449.035679926186	1.0004211811253398	0.00019232089761144435
55449.05611299824	0.999715710560574	0.00019192326285030333
55449.076546270066	0.999987653253045	0.00019236780199546487
55449.09697944143	0.9996285445328742	0.00019408130778992313
55449.117412512554	0.9999577418690837	0.0001924761266075426
55449.158278954106	0.9994391171023603	0.000192364667442309
55449.17871202453	0.9999745153624895	0.0001924127835538649
55449.19914529449	1.0001427842448511	0.00019202568293660805
55449.219578464224	0.9997852969356229	0.00019231542257154924
55449.24001153372	0.9999553824097487	0.0001927967671918731
55449.26044480298	0.9999669903457512	0.00019291123462928075
55449.28087787178	0.999957436552203	0.0001927747649696738
55449.30131104034	0.9997632905271473	0.00019204142100308916
55449.321744308676	1.0000180333603435	0.00019199979671561329
55449.34217737678	0.9997438499742783	0.00019290975916458634
55449.36261064464	1.0000336731687645	0.00019193666888181577
55449.38304381204	0.9999915024631496	0.00019203167573173284
55449.40347697921	0.9997310422042308	0.00019205260884446064
55449.42391014614	1.0000867059964746	0.0001920144186477508
55449.444343312614	0.9998739062701854	0.00019265894077094605
55449.464776479086	0.9998370748335388	0.00019252880012498238
55449.50564281086	0.9997984318337294	0.00019216029053693127
55449.526075976166	1.0002495552406379	0.00019202818821676854
55449.56694230631	0.999857127873842	0.00019250289077146258
55449.58737547092	0.9997073836510217	0.00019207685762855
55449.60780873529	1.0003235520584934	0.00019234759714505692
55449.62824179943	0.999698347853929	0.00019669844475359783
55449.64867496311	1.0000733388327256	0.00019254725094289006
55449.669108226546	1.0001130634438522	0.00019262996483142769
55449.68954128976	1.0001661015182484	0.00019260697936803145
55449.70997445274	1.0002139849626108	0.0001927504768447069
55449.730407715244	1.0001213340731656	0.00019211739479671377
55449.750840777524	0.9998797421072305	0.00019221887898394744
55449.77127403957	1.0000196418479894	0.00019208905346099003
55449.79170720138	1.000050100333928	0.000191960755555223
55449.83257352408	1.0002409038396207	0.00019330917858133336
55449.853006684956	1.0000204476702876	0.000192376935966028
55449.87343984561	1.0001404776771956	0.00019220301990576421
55449.893873006025	1.0001738339709036	0.00019204701484730667
55449.91430616597	1.0001477363311089	0.00019299026346832738
55449.93473922569	0.9998136413144532	0.00019233348996090498
55449.95517248518	1.0002600843271203	0.00019264642119284548
55449.975605644424	0.9997171511160944	0.00019390658175831409
55449.996038703444	0.999648233316159	0.0001919851496727571
55450.016471962	1.0001368105810302	0.00019214959472454207
55450.036905120316	0.9999743265916632	0.00019427094136980383
55450.057338178405	0.9999726370137594	0.00019277385213082777
55450.07777143626	1.0001702158952734	0.00019429254893668795
55450.09820459365	0.9997922011193474	0.00019257551454750292
55450.11863785081	0.9999275009994116	0.00019307234239920434
55450.13907090773	0.9999388196213184	0.00019197645204993102
55450.15950406442	0.9999422828293556	0.00019198985242084202
55450.17993732088	0.9999913919405727	0.00019272071897630298
55450.20037037687	0.9999935301912118	0.00019198947032489982
55450.220803532626	1.0002745468811605	0.00019224774469424867
55450.241236788155	1.000073298229884	0.00019209421281224663
55450.26166984345	1.000186500844122	0.00019328020470935013
55450.28210299827	0.9999357793257413	0.00019381109302002428
55450.302536253104	1.0002513678352034	0.00019277822768147383
55450.32296930747	0.9999400181899836	0.0001926077928730045
55450.34340246136	1.0002694361651212	0.00019316846114887166
55450.36383571526	0.9996960179013796	0.0001925532186261695
55450.384268868685	0.9999916431237985	0.00019194726443888375
55450.40470192212	0.9999752833307297	0.00019290711156742473
55450.425135175086	1.0001834298589989	0.0001919693859293925
55450.44556832759	1.0000558774842563	0.00019279204464333716
55450.46600138008	0.9999516581858083	0.00019400878649601384
55450.48643463212	0.9998925741209386	0.00019318409502524204
55450.506867783915	0.9999033211141766	0.00019196812099986563
55450.527300935486	0.9996946643058684	0.0001930526742188475
55450.547734086824	0.999558808475092	0.0001921564605072742
55450.568167137695	1.0000768009469705	0.0001919510569016266
55450.58860038833	0.9997693968869543	0.00019199217192614188
55450.609033538734	0.9994641089716566	0.00019314871450477569
55450.6294665889	0.9997260071945671	0.000192155967890175
55450.64989983884	0.9997919594867914	0.00019248072060353921
55450.67033298832	0.9997216801273288	0.00019277205401080328
55450.69076603756	0.9999376475592986	0.00019196106565108105
55450.71119928656	0.9996031215890944	0.0001922665054576961
55450.73163243534	0.9997884668391073	0.00019196018288939934
55450.77249873195	0.9998974953033428	0.00019207670110024436
55450.7929318798	0.9997778703833461	0.00019229682413271398
55450.8133650274	1.000031367577686	0.00019487109454423165
55450.83379817455	0.9999143072866746	0.00019229271913402243
55450.8542313217	1.000083401903212	0.0001920163653636745
55450.87466446837	0.9999572840601891	0.0001940587131774803
55450.89509771482	1.0000382373023782	0.0001926745756975271
55450.915530761034	1.000593365058981	0.00019223421178945062
55450.93596400678	0.9996974970808239	0.00019202536156827236
55450.95639715253	1.0000426508583689	0.00019419947714915728
55450.97683019781	0.9995894309492186	0.0001919265137109663
55450.997263442856	0.9997863512520282	0.00019198322981274808
55451.01769658744	0.9999779505963036	0.0001926152869744868
55451.03812963203	1.0002386763575526	0.00019230168509829686
55451.05856287614	0.9999917194335121	0.0001919391507858034
55451.07899602003	1.0000410718895636	0.0001922626880746823
55451.09942906368	1.0000511299769683	0.00019317398223850027
55451.14029545005	0.999878172653738	0.0001919587896931288
55451.160728492774	1.000034489610624	0.00019349581058112413
55451.18116173526	0.9998946811188463	0.00019205315727840406
55451.201594877515	0.9998872070568458	0.00019202052383462219
55451.22202801954	0.9998434977158694	0.00019203613734368723
55451.24246116109	0.9998919047361963	0.00019197737536663778
55451.26289430242	0.9998174553733776	0.00019194436137342838
55451.28332744351	1.000035612778679	0.00019226039268435718
55451.303760584364	1.0001695955530083	0.00019315151340956128
55451.32419372499	1.0000408458453984	0.0001919988367638545
55451.34462686515	0.9999655968142065	0.00019227937526675567
55451.38549314477	0.999851445689655	0.00019206037477494383
55451.405926384235	0.9999325316820254	0.0001921492279093756
55451.426359423225	0.9999777747414067	0.00019203468393677305
55451.44679256222	1.000017368635612	0.0001920534396622882
55451.46722580075	1.0000240343519928	0.00019272660667042415
55451.48765883905	0.9998491510637505	0.0001921553350487579
55451.50809197688	1.000037649623378	0.0001927671392500348
55451.528525214715	1.0004096649678829	0.00019205757716372323
55451.56939138921	1.0002497252671714	0.00019283555093646817
55451.61025766254	1.0000561010025861	0.000192373302147453
55451.63069079898	0.9999437969457792	0.0001924625382261059
55451.65112403495	1.0000778489573539	0.00019209837951393263
55451.691990206185	1.0004010917735027	0.00019244480897736015
55451.73285657626	1.0000211170174003	0.00019228761012676007
55451.75328971083	0.999801290698626	0.00019255170174293295
55451.77372284517	0.9999426989916187	0.00019215904553221658
55451.794155979274	1.000032902758619	0.00019203349552986647
55451.81458911292	1.0001915652707019	0.00019234674637527786
55451.83502224655	1.0005275603907338	0.0001924012390502531
55451.85545537973	1.0001507559307494	0.0001929367899630628
55451.875888612674	1.000082383900498	0.0001921686414653203
55451.896321645385	0.9997908558475339	0.00019224357358787426
55451.91675477762	0.9999899496908985	0.00019237227217544113
55451.93718790987	0.9999867039461807	0.00019291917695562566
55451.95762104164	1.0000969681616767	0.0001927624787241531
55451.97805407319	0.9999877117624209	0.0001921812318788882
55451.99848730427	1.0003655923836379	0.00019220451864302845
55452.01892043535	0.9998732769588428	0.0001922982228761755
55452.03935346596	0.9999024363574722	0.00019273565715791145
55452.05978669634	0.9999505308602822	0.00019304117425845058
55452.08021982649	0.9999282758425774	0.00019293526206619498
55452.100652956404	1.0002506237223612	0.00019395323693244195
55452.14151921531	0.9999572396080088	0.00019312063307065985
55452.16195244429	0.9996881032822127	0.00019525990758707977
55452.18238547304	1.0000683307453397	0.00019337121578090336
55452.20281860155	1.0000880330323003	0.00019258546322995548
55452.22325182961	1.0000460999112786	0.00019209722711321703
55452.24368495743	0.9998159389831858	0.0001920284774872148
55452.26411798525	1.000205848913168	0.0001929938550797655
55452.28455121237	0.9998104255201615	0.0001920305552260728
55452.30498433949	1.0001827535251677	0.00019218185520358865
55452.32541736637	0.9995372738342119	0.00019206560521376325
55452.3458505928	0.999916610089115	0.00019209219076393085
55452.36628371899	1.000328010248947	0.00019207943855015163
55452.38671674495	1.000034662321291	0.00019220383596353356
55452.40714997067	1.000078552998767	0.0001952654834530124
55452.42758309593	0.9999928982263617	0.0001920513631946461
55452.44801612095	0.9999251003117142	0.00019247947429858937
55452.46844934598	0.9998590039231441	0.00019208439551669448
55452.48888247031	0.9998483409566079	0.00019202714126474819
55452.50931549464	1.0000844329323313	0.0001920480978648546
55452.52974871873	0.9998801938707571	0.0001921877608639359
55452.55018184236	1.000108367749768	0.00019212690500183336
55452.57061506575	1.0001570216836009	0.0001926463472286976
55452.591048088914	0.999610735311319	0.00019328273322038322
55452.61148121185	0.9998664464575945	0.0001921093333536812
55452.631914334306	0.9998392253164111	0.00019324788284984847
55452.65234745677	0.9997493949476981	0.0001940198518082011
55452.672780578774	0.9999615179641888	0.00019211859875268997
55452.693213700535	1.0001637980115765	0.00019205451850130286
55830.22427875483	0.9999194820914503	0.00019757176488644515
55830.24471180326	1.0001903935934067	0.00019866271035691983
55830.26514485145	1.0001576596240436	0.0001971589368193373
55830.285577999406	0.9998999701159232	0.000196972914865616
55830.3060109469	1.0000870331974827	0.00020035550742450575
55830.326443994396	1.00021281501905	0.00019781561162322245
55830.34687714142	1.0001460584445632	0.0001960663674446205
55830.367310088215	0.9997891721795287	0.00020087497304621581
55830.38774313478	0.9999948178877681	0.00020039718990928247
55830.408176281104	1.0000649110121484	0.0001958421127868938
55830.4286092272	0.999645694688654	0.0001957806716428191
55830.449042272834	0.9999639094350192	0.00019681900102847945
55830.46947541846	0.999769219015487	0.00019741799382499124
55830.48990836363	1.0003912309438627	0.0001967330418312995
55830.51034140856	1.0000853630867539	0.00019653941411479432
55830.530774553255	0.999703111696373	0.0001960914938468394
55830.55120749772	1.0001557641956458	0.00019658557265203643
55830.57164064195	1.000348790935838	0.0001958706395028592
55830.59207368572	1.0003785308010666	0.00019610954857066193
55830.61250672949	0.9999306627317316	0.00019582586571759579
55830.6329397728	0.9999993694805054	0.00019882521636176904
55830.653372816094	0.999704790757589	0.00019732848515419083
55830.67380585893	0.9999854990026346	0.00019625833108576025
55830.69423890153	0.9999947879503377	0.00019762321388008857
55830.714671943904	1.0000325593683161	0.00019604415689161885
55830.73510498581	1.000162208989136	0.00019650553140545098
55830.75553802772	0.9998213240863202	0.00019584779830650027
55830.77597106915	0.9999492054366501	0.00019912489978386578
55830.796404010594	0.9999869350572264	0.0001959148967711287
55830.816837151564	0.9998810398626174	0.00019616369177833976
55830.83727019231	1.0001554846821166	0.00019705444096789366
55830.85770333282	0.999816733264381	0.00019588319836939152
55830.878136273095	0.9996340426675578	0.00019639248649129455
55830.8985693129	1.0003042730214375	0.00019619009567613862
55830.91900245271	0.9997932378383902	0.00019717440275018023
55830.93943539205	1.0000303269118793	0.00019578668497289992
55830.9598684314	1.000011229174219	0.0001960303674573599
55830.98030157028	1.0002221241707838	0.00019637907802342528
55831.000734508925	1.0000934572904892	0.00019730541886031435
55831.02116754733	1.000083626374276	0.00019591992149783742
55831.041600685516	0.999828983114359	0.00019589440459617165
55831.062033623224	0.9997923885258038	0.00020260857167207414
55831.08246666094	1.000041587847916	0.0001961702010726799
55831.10289979819	1.0001485193659079	0.0001959410263136807
55831.1233328352	0.9997891538518001	0.0002005282585983166
55831.16419890877	1.0000834438632904	0.00019590113721846603
55831.184631945085	1.000066130596595	0.00019614253412409983
55831.20506498094	1.000041808469929	0.0001966324054353545
55831.22549801679	1.0001798262899237	0.00019615803438202215
55831.24593105217	0.9999834802989895	0.00019739003845763088
55831.286797122484	0.9999413286070931	0.00019648752587413234
55831.30723015717	1.0001198585595654	0.00019578594487275664
55831.327663291624	0.9997423968580212	0.00019594979983129292
55831.34809622585	0.9996544072806013	0.00019726815921147187
55831.36852925983	1.0001091035746867	0.00019614529354637061
55831.38896239359	0.9998434638885794	0.00019663156505231392
55831.40939532688	1.0001417437120597	0.0001970422385441372
55831.42982836017	0.9999104320511119	0.0001960696052984955
55831.450261392994	1.0000789589528267	0.00019644650826325085
55831.47069442559	0.9999499029430193	0.00019595440772409348
55831.49112745794	0.9999855743469956	0.00019779601288423667
55831.51156049007	0.9998965527691667	0.00019645767691378314
55831.53199352197	0.9996837248089335	0.0001960062576970057
55831.55242665362	0.9997827789529194	0.00019952513112770124
55831.57285958482	0.9997744247768809	0.00019608901798865967
55831.59329261602	1.0002747752636945	0.0001964904296202103
55831.61372574674	1.00019514157957	0.00019591185303640836
55831.63415877724	0.9999853863705821	0.00019585076065928566
55831.654591707505	1.0001305371007498	0.00019710531248043816
55831.67502483753	1.0001043079665604	0.00019938903725231813
55831.69545786733	1.0000322421672259	0.0001964416793539227
55831.7158907969	0.9999105126427703	0.0001965489593147625
55831.736323925994	1.000119132722897	0.00019675478295955192
55831.77718988373	0.9998605992208955	0.00019588013108285716
55831.79762301213	1.0000411929131543	0.0001985514773640313
55831.81805604053	0.9999806237395388	0.00019901929027915332
55831.85892209593	1.0000532233176904	0.00019656071435369404
55831.879355123405	1.0000848228331838	0.00019581474012682167
55831.89978825064	1.0000999165670241	0.00019761962542736922
55831.92022117741	1.0001684783245324	0.00019609854073459845
55831.94065420418	0.9998286216719757	0.00019575694985573394
55831.98152025656	0.9999180622334968	0.000199969627073248
55832.0019532824	1.00015886164288	0.00019658935005654362
55832.022386408	0.9998716998914189	0.00019702438981881329
55832.04281933338	0.9998784957684523	0.00019635660681746882
55832.06325235852	0.9998066472623934	0.00019578169487583907
55832.0836853832	0.9997321447332318	0.00019600160911683256
55832.12455143208	0.9994712116586857	0.00019604109903941015
55832.14498455629	0.9996579028183362	0.00019747867276998795
55832.165417480035	0.9999169921636467	0.0002000084364138252
55832.18585060355	0.9993730956367017	0.00019623442076063035
55832.20628362683	0.9995821109106295	0.0001957857526933876
55832.22671654987	0.9995501010398149	0.00019630650699715066
55832.247149672454	0.9993834952961207	0.0001960398866584566
55832.26758269503	0.9997065540355077	0.00019912667320445035
55832.288015617145	0.9997388273675843	0.00019574715336434322
55832.30844873926	0.9996371757036406	0.00019573512445431068
55832.328881760914	0.9994261858396751	0.0001976974003077797
55832.349314682324	0.9995602495012641	0.00020159994427287314
55832.36974780351	0.99946371083032	0.00019620796133331889
55832.390180824455	0.9999511581267257	0.00019815049060923468
55832.410613745174	1.0000109350535813	0.00019643610913974387
55832.43104686566	0.9998313149731446	0.00019818281869371537
55832.45147988568	0.9999421949198053	0.0001974804548860499
55832.4719129057	1.0000290727014134	0.00020510997921317878
55832.49234592525	0.9999141589393387	0.00019728133469095464
55832.51277894457	1.0002480279942247	0.0002010618978320846
55832.53321206366	0.9996572487187941	0.0001959552112361277
55832.553644982516	0.9999691025257282	0.00020093849990638127
55832.57407800113	0.9995960102265538	0.00019793408389308468
55832.594511119525	1.0001374197610624	0.00019682774283241313
55832.614944137684	0.999880148846638	0.00020285355272482567
55832.63537705537	1.0001708514681789	0.00019786021474880672
55832.65581017306	0.9999693550360317	0.0001958589476407999
55832.67624319029	1.0002859541274334	0.00019767859069455912
55832.69667610751	0.9997231992374669	0.0001958504611135422
55832.71710922427	1.0000679327411495	0.00019625193456905657
55832.7375422408	1.0000439974666118	0.0001984708436792318
55832.75797515709	0.9998122839079238	0.00019638908062562463
55832.77840827315	1.0003388369520692	0.00019802059904078026
55832.79884128875	1.0001170670134378	0.00019956825912415772
55832.81927420434	1.0000561060315571	0.00019573387819372593
55832.839707319705	1.0003460798285781	0.00019575644219970307
55832.8601402346	1.0000703687643	0.00019669121634023176
55832.88057334926	0.9997998044231553	0.00019752721954642015
55832.90100636393	0.9999362763861356	0.00019938290082933009
55832.92143927813	1.0002566223437772	0.0001972764275703625
55832.94187239209	1.0001426032075	0.0001957461875933966
55832.962305405825	0.9997222436384612	0.00019755381914895323
55832.982738419094	1.0000471108342506	0.00019929999313501417
55833.003171432356	1.0002737606983523	0.0001995207023161294
55833.02360444539	1.0000211469045155	0.00020102619343645794
55833.04403745796	1.0003502192488376	0.0002001473342633233
55833.06447047053	0.9999473220141722	0.00019569658117583446
55833.08490348263	1.000064299040774	0.00019755420091589586
55833.105336494504	0.9996955767627901	0.00019677934258642592
55833.12576960614	0.999888123122948	0.00019690328814047143
55833.14620251754	0.9998205570012346	0.0001990742141310683
55833.16663562872	1.0000602235354117	0.0001982326100734225
55833.18706863965	0.9999716975050973	0.00019691393772896385
55833.207501550125	1.0000166741200025	0.00019722258247862094
55833.227934660594	1.0002974675039342	0.00020340914461294384
55833.2483676706	0.9997890814927848	0.00019731735265717941
55833.26880058061	0.9997496320130845	0.00019787336549176963
56021.04950709078	1.0000205465616687	0.00022281489792793011
56021.069941256785	1.0001903444519602	0.00022560842053523356
56021.09037562315	1.0001156474539052	0.00022509923595209888
56021.11080988963	0.9997596052473993	0.00022458692945516868
56021.131244056334	1.0004849579763258	0.0002241779593430544
56021.15167842328	1.0003065961943713	0.00022268320617275855
56021.17211269046	1.0001981426263487	0.00021945858044015624
56021.192547057864	0.9999338163297121	0.00021898884923799084
56021.21298122551	0.9998680998634518	0.00021876363936705872
56021.233415393384	1.0001024873960012	0.00021862191087247953
56021.25384976149	0.9997180688564863	0.00021866713375542346
56021.274284029714	0.9999384134298979	0.00021846008624836998
56021.29471819829	0.9999215965368466	0.00022349777701882544
56021.35602120517	1.000064961333124	0.00022037974558156595
56021.39688964418	1.000342145932802	0.00022884710085929513
56021.41732401403	1.0001353203677734	0.00022405753601950767
56021.43775818412	1.00006568016753	0.0002234460759448368
56021.45819245444	1.0000128971654716	0.00022966548827840481
56021.47862682499	0.9999246372973096	0.00022286486871269813
56021.49906099566	1.0001399751216054	0.00022269152546231587
56021.51949526668	0.9996267577954951	0.00023406580448799398
56021.53992963781	0.999907363842846	0.00022559150759437314
56021.56036390918	1.0000944402668552	0.00022467799742082042
56021.5807981809	1.0001141071218917	0.00022588097798749364
56021.601232452726	0.9999697554995954	0.00021938646736973231
56021.642100997095	1.0007205905567986	0.00021928656731666474
56021.662535269505	0.9996467214451744	0.00021905141075863097
56021.68296954227	1.0003738007738667	0.00022153029859978474
56021.70340391527	1.000305793097993	0.00021816378007879643
56021.72383808838	0.9997373082994817	0.00021916316027609923
56021.744272461845	0.9998832229734035	0.00022814432698462842
56021.76470673543	1.0002950666634451	0.00021834560448702722
56021.78514090923	0.9995288500694061	0.0002219729048666307
56021.80557528328	1.0002703957118713	0.00022447472489412246
56021.82600955756	0.9998439212957991	0.00021804766236554788
56021.846443732065	0.999831668627267	0.0002228397412447637
56021.86687810681	1.0000137945179386	0.00022189782768434438
56021.88731228167	0.9996532377663538	0.00021805662754934523
56021.90774665688	1.0000287043239093	0.00022548081475394589
56021.928180932206	1.0001946746579304	0.00021820141467056696
56021.948615107765	0.9999013743669238	0.00021826516655067924
56021.96904948367	0.9999970064327559	0.00021833902747639175
56021.989483759695	0.9999070242102682	0.00021823720079196937
56022.00991793595	0.9996925832202608	0.0002193535134563125
56022.03035231232	0.9999400453402543	0.0002183232197612625
56022.05078658905	0.9998033254168409	0.0002188667598946035
56022.071220866004	1.000016374692699	0.0002184115564048325
56022.09165514307	1.000002510031785	0.00021842329061993066
56022.11208942038	0.9998435776993446	0.00021932730420477976
56022.132523798035	1.0000241262998215	0.00021857889039625578
56022.1529579758	0.9999967331571356	0.0002186612650205249
56022.173392253804	1.000052493411424	0.00021877667465686963
56022.19382663192	0.9999333503210902	0.00021872620017796012
56022.21426091039	1.0000207262125655	0.00021914298716518225
56022.23469508909	0.999924292948265	0.00021923259307418108
56022.255129467914	0.9999284947622856	0.00021803783493044176
56022.27556374708	1.000009201928501	0.00021824686357645718
56022.29599802636	1.0000562246260927	0.00021863202578054444
56022.31643230587	1.0000301807306153	0.00021911775732473456
56022.336866585625	0.9998831673440192	0.00021964908893283886
56022.35730096561	0.9997651791798442	0.00021922494672593708
56022.37773514571	1.000193370966935	0.00021881573810474358
56022.39816942615	0.9998625683112662	0.0002200927836915009
56022.41860380672	1.0000914633612008	0.00021867117828836317
56022.43903798763	0.9999094822438597	0.00021878238860124192
56022.45947236866	0.9999945209357153	0.0002229281937176551
56022.479906649925	1.0001003629213505	0.00021958084848809907
56022.50034083142	0.9997886354143326	0.0002203762031080332
56022.52077521303	1.0002910294479024	0.00023422893888594675
56022.54120939499	0.9999292169384827	0.0002237402142388755
56022.56164367718	0.9998777287253682	0.00022395445012555638
56022.582078059495	0.9999445449859289	0.00022413408555111444
56022.60251224204	1.0000089468573357	0.00021989235370831702
56022.62294652482	1.0002457594546608	0.00022454704037716983
56022.663815091066	1.000099545640663	0.00022004556727207592
56022.684249474536	1.0000126576326804	0.00022504481037166925
56022.70468375813	1.0003804238250817	0.00022212327214073176
56022.72511804207	0.9999782939925204	0.00022011803604284646
56022.74555232612	1.0000338877093835	0.00022687910867750271
56022.765986610415	0.9997048906432268	0.00022560485275707341
56022.78642089494	1.0000564313524154	0.00022522712586457274
56022.80685517969	0.9999763473569075	0.00022940939891510068
56022.82728946456	0.9999301788217279	0.0002259907073229804
56022.84772384979	0.9997134347698433	0.0002282957635966333
56022.86815803512	1.0002163663836037	0.00022621728060637618
56022.88859232069	0.9996434885291208	0.0002202443657960791
56022.9090267065	0.9998244411000157	0.0002263598687952385
56022.92946099253	0.9998613324719056	0.0002263949405399984
56022.9703295653	0.9997509064380139	0.0002265206990397166
56022.990763851914	0.9998337170924153	0.00022654701168324637
56023.01119823877	0.9998203999347068	0.00022116944341005426
56023.03163242585	0.9999402853539304	0.00022662685742245902
56023.052066713164	0.9998046385681338	0.0002240762657579288
56023.072501100716	0.9995511839592139	0.00022663081438606552
56023.0929352885	0.9995106008858132	0.00022654448457317034
56023.11336957639	0.9997072294078557	0.00022326979990613442
56023.13380396464	0.9996935796049302	0.00022295270994392974
56023.15423815301	0.9996007926235401	0.00022649658195897913
56023.1746724416	1.0000211005810669	0.00022576543103736764
56023.21554101938	1.0000762304679638	0.00022856447410501133
56023.23597540867	1.0000355145545745	0.00022324642179697454
56023.256409598085	0.999902759772581	0.00023261750133576645
56023.29727827772	0.9997935774625213	0.00021991593438375288
56023.31771246772	0.9998766404792622	0.0002259348832246234
56023.33814675806	1.0000185393520509	0.00022586694570040307
56023.358581148634	0.999953716115774	0.00021981380523822976
56023.37901543933	0.9999289937902687	0.00022557861538440748
56023.39944973025	0.9997919156763393	0.0002207151969771204
56023.41988402141	0.9998367213917896	0.0002197943422799904
56023.4403183128	1.0000894469951602	0.0002229674223550206
56023.46075260443	1.0000473790648607	0.0002196257095974852
56023.48118689616	1.0001440360646041	0.00021952614885306022
56023.501621188254	0.9998060295267613	0.00022258899455696724
56023.522055580455	0.9999974071306212	0.00022028021476102957
56023.542489772895	1.0000079310427825	0.00022431396758076553
56023.58335845835	0.9999355758316278	0.00022038307776615175
56023.62422704475	0.9998506846454006	0.00022348627758921443
56023.64466133823	1.0000007263396191	0.00021910392148874586
56023.66509553195	1.0002145880939692	0.00022127382312742063
56023.685529925904	0.999986998390915	0.00021899158081636243
56023.705964220084	1.0001083115208573	0.0002189055306385066
56023.74683280892	1.0000666525758968	0.00021891534888959606
56023.767267103685	0.999952781989986	0.00022194662011389946
56023.78770139869	0.9997903977186856	0.00022484000991452262
56023.80813569392	1.0000206814532437	0.00021959493925743565
56023.828569989266	1.0000714732016116	0.00022415344202009042
56023.849004284966	1.0002287700524704	0.00022108033877826655
56023.86943858078	0.9997831437563885	0.00021847595333578123
56023.889872876825	0.9998238562756114	0.00021837689925328856
56023.91030717299	1.0000014866484517	0.00021838908101018344
56023.93074146951	0.9998785834129189	0.00021832394791353307
56023.95117586613	1.0000067980479888	0.00022070199680839392
56023.971610062996	1.0000106113914011	0.00021822040444327608
56023.99204436009	1.0001825668318092	0.00021947943827871325
56024.03291295498	0.9997056023172698	0.0002201555187356101
56024.05334725266	1.0000135309306952	0.00022303861294858238
56024.073781650564	0.9998345192578959	0.00022941358029661873
56024.09421594871	1.0000902096064037	0.00021818800758680894
56024.11465024708	1.0000297408936074	0.00022016014643237854
56024.15551884442	1.0000022080373292	0.00021836369385872802
56024.17595314338	0.9999221204663934	0.00021824373458439824
56024.196387442564	0.9999139606462005	0.0002179252355158962
56024.23725614164	1.0001313585574183	0.0002185971243322378
56024.257690341416	1.0002058771106404	0.00021798886525259753
56024.27812464142	0.9996188433914569	0.00021983082638654935
56024.298559041774	1.000123720090766	0.0002179413350929378
56024.31899324213	0.9998945032912658	0.00021792387048437511
56024.33942764284	0.9998358307582602	0.0002179371222054628
56024.35986194365	1.0001011026310127	0.00021798449159306915
56024.380296144824	0.9998878688773712	0.00022288464138500721
56024.40073054611	0.9997450669248702	0.0002184588177158077
56024.42116484751	1.0002964776346204	0.0002180795835445153
56024.44159904926	1.0000015744581188	0.0002250808138880588
56024.462033451135	1.0000375699553488	0.00022019313615499668
56024.48246775323	1.000467572347926	0.00021885460367833813
56024.50290205557	0.9999079188280072	0.00022279901880885414
56024.523336358136	0.9999046100265236	0.00021929901379391027
56024.54377066093	1.0000648364997553	0.00022347174401275352
56024.56420496385	0.9997598951224134	0.0002249440666037585
56024.584639267	1.0002190611372501	0.00021991190025601857
56024.605073570376	1.0000397472565954	0.00022749544998492433
56024.625507873876	0.9997229341234349	0.0002220218652952975
56024.645942177725	0.9998887474252782	0.000221560796169078
56024.666376581685	1.0001190375974105	0.00023572177502853808
56024.68681078588	1.0000698071447924	0.00022260028495732273
56024.707245090314	1.0001509932111232	0.0002210233041273252
56024.727679494856	1.0003705766763362	0.00022119756104213331
56024.74811379975	0.9998588088811585	0.00021937942074987826
56024.768548004766	0.9996457611987964	0.0002195483135662778
56024.788982410006	0.9996640744188947	0.00022183984247349704
56024.80941671543	1.0000790447273207	0.00021987687302231534
56024.82985092108	0.9999198202420243	0.00022271742179060758
56024.8502853269	1.0005831287683216	0.00022640175760396976
56024.87071963296	0.9999039790471983	0.0002204166663475221
56024.89115403926	1.0002291535672654	0.0002259777706983552
56024.91158824572	0.9999693661667307	0.0002238966578888112
56024.93202255242	1.0005356651404087	0.00022103671392863382
56024.95245695929	0.9999162610924867	0.00023341057484537123
56024.9728911664	1.0002168507206026	0.00022146449297887123
56024.99332547368	0.9999727751669109	0.00022169381892407855
56025.0137598812	1.0000254131746278	0.00022628222924819623
56025.03419408888	1.000026581252202	0.00022236563900272267
56025.05462849681	1.0000082395422907	0.00022344702689247467
56211.821418510895	1.0003133752917952	0.00019016384591584594
56211.841851544996	0.9999588328736398	0.00018662237686041725
56211.8622844791	1.0002380904170525	0.0001866824065599791
56211.882717512744	1.0000125675465834	0.00018631622842858972
56211.90315034638	0.9999968622580844	0.00019150239392133714
56211.92358327955	1.0001006223591704	0.0001890490909352804
56211.94401631273	1.000007516815399	0.0001889991797729232
56211.96444914543	0.999936259015606	0.000187113308100995
56211.98488207814	1.0000254043372332	0.00019253165878687316
56212.005315110386	0.9999788066544318	0.00018819162196111097
56212.02574794262	1.0000792331841042	0.0001886275786569439
56212.0461808744	1.0003391502952232	0.00018785652168388302
56212.06661380618	0.9997786053949624	0.00018632985854339713
56212.087046737484	0.9997731619191499	0.00018775539592612615
56212.1074797688	1.000248282479163	0.00018687654099608757
56212.127912599644	1.000146360086326	0.0001862944572529251
56212.14834553025	0.9996516748748578	0.00018623224907677823
56212.16877856087	1.0000927477670214	0.00018630260324380507
56212.189211491015	1.000334146844317	0.0001863171453107936
56212.209644321156	1.0001486504019772	0.00018629892913768197
56212.23007735084	1.0003747728891679	0.00018695974432786627
56212.25051028029	0.9999414336447376	0.0001872261875808961
56212.27094310973	0.9996035770611071	0.00018767920341624644
56212.29137613872	0.9998157832065894	0.000187480589308323
56212.31180906747	1.0000505261829427	0.00018852952593774794
56212.332242096214	0.9998808801184419	0.00018792996225314965
56212.3526749245	1.0001921423588946	0.00018703185551051564
56212.37310785255	0.9996617181987311	0.00018972584577005487
56212.3935408806	1.0000875628576738	0.00018635555397739147
56212.413973708186	0.9999871757507709	0.0001934534507970992
56212.43440663554	0.99980332925639	0.00018626710263448828
56212.45483966289	1.000287854900423	0.00018844742788659937
56212.47527248978	0.9994505915863049	0.0001928346490004686
56212.49570541643	0.9999982410917645	0.0001862451334074307
56212.51613844285	0.9999611022645358	0.00018891549307089507
56212.53657126927	0.999803944351846	0.0001867213541315985
56212.55700419523	1.0002381894218875	0.0001913302500693219
56212.618303071926	0.9997577035289645	0.00018623703359486968
56212.659168921746	1.0000920058569287	0.00018700411183647083
56212.6796018463	1.0001080442298311	0.00018775934998091194
56212.70003477086	0.9997670195574381	0.00018812703772288909
56212.720467694955	0.9996613170973043	0.0001867723398776132
56212.74090061881	1.0001103058734788	0.0001862375640042682
56212.76133354267	0.9999788250788549	0.0001867753350718489
56212.78176636607	0.9998238362173594	0.00018735052545984577
56212.802199389225	1.00008197641593	0.00018623769951725422
56212.822632312156	0.9998979590253125	0.00018623251316533083
56212.863498157545	1.000084662365476	0.00018633233475525283
56212.88393107978	1.0000967969141874	0.00018645034434085393
56212.90436410178	1.0001585570041354	0.00018658090093789318
56212.92479692377	0.999829593456912	0.00018731605675853543
56212.9452298453	0.9998466997236538	0.0001880159778344359
56212.986095687666	0.9998362003740078	0.00018660632703133926
56213.006528608734	0.999601521311797	0.0001864349812062839
56213.02696162934	1.0000771373933026	0.00018654317282757154
56213.0473944497	1.0002766003140018	0.00019117401101715427
56213.06782746984	1.0000867474181652	0.0001870080214639605
56213.08826038997	1.0003227613509318	0.0001878395408845504
56213.10869320964	1.0000134479796685	0.00019381768255293747
56213.129126229076	0.9999925426304295	0.00018633634854227477
56213.149559148515	0.999827982440444	0.00018822464090752775
56213.16999206748	0.9999451119986311	0.00018669920566910346
56213.19042498622	1.0001647981781274	0.0001871981438740886
56213.21085790496	0.9999654319028668	0.0001941784257484245
56213.23129082323	0.9997620752037284	0.00018963849696420457
56213.25172374127	1.0002298473552156	0.00018859107043870809
56213.27215665931	0.9999977224541295	0.00018727799846369266
56213.29258957688	0.9997518277045685	0.00019435605041447318
56213.333455411565	1.00003286670784	0.00019147919887041394
56213.353888428435	1.0000703964124522	0.00018719098568903812
56213.37432134508	1.0000092107825769	0.00019110245186794808
56213.39475416172	0.9997982801374828	0.00018657539659382494
56213.415187177896	0.9998852216120306	0.0002063246381172236
56213.435619994074	0.9998447910224679	0.00019186806907085387
56213.45605290979	1.0000010656287714	0.00018706683930789088
56213.47648592526	0.9998613105180679	0.00018743815401653453
56213.49691874074	1.0000778161766872	0.00019412824742386347
56213.517351655755	0.9995337672742197	0.00018802214497890668
56213.53778467076	1.0000314456861525	0.00018895002554218624
56213.55821748531	1.0002848340040054	0.00018838411324481545
56213.578650499854	0.9998414951408086	0.0001871324034027446
56213.59908341394	1.0004563728819993	0.00018896904463326476
56213.61951622802	1.000337896446236	0.00018795205073875295
56213.63994924164	1.0001609011302637	0.0001863183410740151
56213.66038215525	1.000188847058596	0.00018663987734648808
56213.701247981546	0.9997149886591203	0.0001884856605479633
56213.72168089423	0.9996043298474382	0.0001887290463096554
56213.74211380692	1.0001679593862938	0.0001912573903349328
56213.76254671937	1.00019430075626	0.00019458398308740357
56213.78297963135	0.9999287329576255	0.0001927320378036705
56213.80341254334	0.999455422173924	0.00019674335618863456
56213.84427836638	0.9998129828365059	0.0002012865653233762
56213.86471137767	0.9998344011180077	0.00018905467790074592
56213.885144288484	0.9998258119844485	0.0002075029295598575
56213.90557709931	0.9998948793846383	0.00020711997412396315
56213.9260101099	0.9997218314491011	0.0001970055861556951
56213.94644302025	0.9997733061228918	0.0002148173940213099
56213.96687583014	1.0001297812879393	0.0001930198671092879
56213.987308840035	0.9994399243762241	0.0002006124428021978
56214.00774174969	1.000077651101919	0.00021063039550892708
56214.02817455911	1.0000563834701042	0.00020352424423186575
56214.04860756831	1.0001525459237186	0.00019412791494643792
56214.08947338576	1.000024647098262	0.00020329227133050393
56214.10990629425	0.9999720947413607	0.00020509834615702318
56214.13033920251	0.9998931489338199	0.00020852775577290156
56214.15077211054	0.9998517270847325	0.00018838067655746826
56214.171205018334	1.000283087730318	0.00020552562990719552
56214.19163782589	0.9998871774455601	0.00019482887024040475
56214.21207083322	1.0001140232435857	0.00019011379019877808
56214.23250374032	1.000173049797097	0.00020832943174964937
56214.25293664718	1.0001589564267264	0.00018636781625262772
56214.27336955381	0.9999574730601717	0.00020294375085978022
56214.29380246021	1.0000606825149412	0.000207007349643956
56214.31423536637	1.0003583622769394	0.0001896637322897451
56214.33466827254	0.9998171937295331	0.000201911874755888
56214.35510117824	0.9998114305774549	0.00018649080377991306
56214.3755341837	1.0003480803378644	0.0001920831294494558
56214.39596708894	0.9997856797805725	0.00020262580169374576
56214.457265803474	1.000169407976432	0.00018670682744235226
56214.47769860778	1.0000633495973474	0.00018782133662999093
56214.498131612076	0.9999803198582079	0.00018824848873294305
56214.518564515914	0.9998470062330351	0.00018689330767192178
56214.53899731952	0.9996496902967899	0.0002199576797099191
56214.55943032312	1.0000601296530334	0.00019250179157595602
56214.57986322626	1.0002259440139933	0.00019556770541565968
56214.62072903207	1.0005011273459994	0.00019497405663566403
56214.64116193474	0.9997826451357932	0.00019278701565217434
56214.661594936944	0.9998545634217909	0.00018716120120869988
56214.68202773915	1.0000048821434735	0.00018627111385600886
56214.702460640896	0.9999572843609945	0.0001898272127944212
56214.72289364264	0.9993445193271064	0.0001875441030867411
56214.74332644414	1.0002016299837024	0.00018725116819598382
56214.76375934519	1.0003439704041042	0.00018667859564746307
56214.784192346226	0.9998290272175209	0.0001862679705126826
56214.80462514704	0.9998496584076275	0.0001865321321320533
56214.82505814762	1.0000804929953468	0.0001889015364580323
56214.84549094773	1.0002572343542941	0.00018742073842482217
56214.865923847836	1.0000696293144231	0.00018676178656137348
56214.88635684772	0.9998291204763823	0.0001877554151469294
56214.90678974736	0.9999250870848675	0.00018626384652699029
56214.947655545955	0.9999402832153385	0.00018626049285572362
56214.968088444904	1.0000987188513142	0.0001880445421442623
56214.98852124361	0.9999480973398671	0.00018912563085266037
56215.02938714034	1.0000980074025225	0.00019180066173732582
56215.04981993859	1.0001366402949614	0.00018628457128412146
56215.07025293638	1.0002674178158617	0.00018777181981613822
56215.09068583392	1.0000017713436593	0.0001920180907236227
56215.13155162856	1.000189769937537	0.00019218343611109666
56215.15198452541	1.0000206585042997	0.0001873085595826718
56215.17241752203	1.0001141057829581	0.00018645528531123848
56215.19285031865	0.9998100371185117	0.00018649501795242908
56215.2132832148	1.0002330822345504	0.0001887579402333995
56215.233716210954	1.0000432622763107	0.00018640707895561628
56215.25414900664	0.9998785400815573	0.00018636473284674288
56215.274581902326	1.000411348562328	0.00018645303643332546
56215.29501489755	0.9997813315824535	0.0001896599903828121
56215.315447692774	0.9995786694521331	0.00018677103634949312
56215.33588068776	1.0003678161003837	0.0001899464050202306
56215.356313582284	0.9995961654791052	0.0001866728656501805
56215.37674647681	0.9998352375333689	0.0001862540569093286
56215.397179371095	0.9996822678193297	0.00018898306143315868
56215.417612265155	1.0003050454872413	0.00018691888208645835
56215.43804515898	1.0002906184072076	0.00019580403035982414
56215.45847805234	1.0000876848361846	0.00018660012276404555
56215.4789109457	0.9997569452489286	0.00018664996591720068
56215.49934383883	0.9998218520388525	0.00019253518853043798
56215.519776731715	1.0000418385745797	0.00018628303577661106
56215.54020962438	1.0001583414917594	0.00018970534867963844
56215.56064241704	0.9999182878288141	0.0001864698336430986
56215.58107540923	0.9997161823870206	0.00018775454791976568
56215.601508301195	0.99994186984863	0.00018705831935569844
56215.62194129292	1.0000152415413435	0.00018628372460580416
56215.64237408465	0.9999329572240032	0.00018627221822600933
56215.66280697592	1.0001927464976603	0.00018645322381355772
56215.68323996695	1.0001244292104872	0.00018676059846806366
56215.703672757976	0.9999673489510273	0.00018717784898160793
56215.72410564854	1.000110430814129	0.00018655244396318464
56215.744538639105	0.9999637248179629	0.00018693805816178785
56215.764971429206	0.9999632181210464	0.00018964679429200141
56215.78540431931	0.9997879648669767	0.00018772075970676112
56215.80583730918	1.0002592145221347	0.00019541188619413833
56215.82627009857	0.9998194486308001	0.00018745258034004418
56215.84670308798	1.0000208791558878	0.0001867633946041351
56402.56554218017	0.9998156735610356	0.00020928900347745008
56402.585976636874	0.9999859235802993	0.0002096031286302353
56402.60641099374	1.0001942929303504	0.0002085019017782982
56402.62684545085	0.9998661673312025	0.00020924459604958572
56402.64727970814	0.9998621699604504	0.0002079097643672392
56402.688148523164	1.000306573508618	0.00020756704341520424
56402.70858278097	0.9998335885327319	0.00020698521473326337
56402.72901713895	1.0003522301174481	0.00020807755271428125
56402.74945159716	1.0000881894413562	0.00020664052870180089
56402.769885855494	0.9997988121751828	0.00020685968154173276
56402.790320214	0.9999236361362185	0.00020684438007789724
56402.81075467273	0.9999311892294536	0.0002067693290062119
56402.83118893165	1.0002945959875666	0.00020791766302805372
56402.85162339067	0.9999955257624946	0.00020727069725242635
56402.87205764993	0.9998374359838336	0.000207527901719554
56402.89249200937	1.0000625580463	0.0002068563094160729
56402.91292646898	0.9999469068057143	0.0002073877886683144
56402.93336072882	0.9999946182378787	0.0002076006021114303
56402.95379508878	0.999959735253241	0.00020853420106392993
56402.97422954891	0.999966788177256	0.00020785822976207983
56402.99466390928	0.9999364891151944	0.00020691527155738683
56403.01509826977	0.999873307752321	0.00020721705265363874
56403.03553263048	0.9999946414096292	0.00021142212196815501
56403.05596699137	0.9999574438493888	0.00020659959867244315
56403.07640135238	0.9999869518647585	0.00020695043076693903
56403.096835713615	1.0000043936898682	0.00020660944222067955
56403.11727007503	0.9998409555217531	0.00020655108482071457
56403.13770453668	0.9999986873913009	0.00020684737478751352
56403.15813879838	0.9998589759546566	0.0002067853058808261
56403.17857326038	0.9999899569477646	0.00020702865292708707
56403.1990076225	0.9997433927186294	0.00020735653252940367
56403.21944188478	0.9996502480988727	0.00020691838330552892
56403.26031070994	1.0000014817297098	0.00020680584656343712
56403.280744972806	0.9995970594929643	0.00020700946160008576
56403.30117943585	1.000185224059389	0.00020939112266475435
56403.32161379902	1.000129886888232	0.000206886608651616
56403.342048062405	1.0001562433760793	0.00020703924264633999
56403.362482525976	1.0004581760981721	0.00020787238783765317
56403.38291688972	0.9998511361361149	0.0002070285320631866
56403.40335125363	0.9997721094693593	0.0002067477002947737
56403.42378561773	0.9999146777958925	0.00021013756236121312
56403.444219982	1.0000468884976423	0.000206684425481325
56403.46465434643	1.0005390952741549	0.00020762611741810595
56403.48508871111	1.0000098021311499	0.0002085745838991347
56403.5055230759	1.0002075545723543	0.00020663401016397058
56403.52595744086	1.0002040812475252	0.00020799485065948174
56403.54639180606	1.0001949948596185	0.00020732849021496896
56403.56682627137	1.0001478380861402	0.00020664881778140615
56403.58726053692	0.9999629990296656	0.0002077859538061724
56403.60769490259	0.9994402142851515	0.0002066979831448435
56403.648563734496	0.9998786130092465	0.00020725857492742952
56403.66899800074	1.0002328525991862	0.00020875450618826512
56403.6894324671	0.9997819690231069	0.00020727124298592587
56403.7098668337	1.0001749585202289	0.00020682368815359427
56403.73030110047	1.000225094700715	0.00020749522230039216
56403.75073556742	1.0001409033896311	0.0002066075777511301
56403.77116993453	0.9997624026242982	0.0002074814384598012
56403.79160440183	1.000052914259801	0.00020796518896449437
56403.81203866923	0.999798528207982	0.000206808626392893
56403.83247303688	1.0000385218042243	0.00020719595092948053
56403.8529075047	1.000160875388661	0.0002076706812117192
56403.89377614085	1.0002572569371198	0.00020663142267284907
56403.9142106092	0.9998302054849306	0.0002079968017945949
56403.93464487771	1.0003068187493778	0.00020703017942483963
56403.9550793464	1.0001786855992045	0.00021863915920424413
56403.97551371527	0.9998757410082186	0.0002068100862320286
56403.99594798431	0.9999449800640816	0.00020712108462001504
56404.01638245352	1.0002691463193616	0.00020692160150640598
56404.03681682291	0.9999080015228348	0.00020731695198826863
56404.05725109247	1.0000015846086763	0.00020793497998961718
56404.098119932125	0.9996452202030061	0.0002072227603787497
56404.11855420221	1.0001735806221492	0.00020727777861027363
56404.13898867247	0.9997504531702741	0.00020723273187654088
56404.15942304291	1.0001176346238232	0.00020798844423559077
56404.179857413576	0.9998417946736435	0.000210976370065116
56404.200291784364	0.9999094160542944	0.00020830736352373875
56404.22072615533	1.0001610422937222	0.00020722473112963743
56404.24116052646	0.9998985132733906	0.00020776884543207897
56404.26159489777	0.9998949726563142	0.00020741161916630282
56404.282029269256	0.9998535328209038	0.0002082323871527757
56404.30246364091	0.9999119552272688	0.00020790015384775922
56404.322898012746	1.000155664061062	0.00020725728346812335
56404.34333248476	1.0000264008278665	0.00020989499703531438
56404.363766856935	0.9999242423923423	0.00020821253300673854
56404.384201129295	1.0003987494044244	0.0002066655210249294
56404.40463560182	1.0001229277043677	0.0002084387132336783
56404.42506997453	0.9997957610784713	0.0002083221788893527
56404.445504247415	0.9994319598329633	0.0002085130885490523
56404.465938720416	1.000022895012881	0.00020985369522575302
56404.50680736705	0.9997339457955505	0.0002112307930255889
56404.527241840624	0.9995762049242509	0.00020934673378984322
56404.54767621438	0.9997666413473487	0.00020794831185385143
56404.568110688255	0.9998440733200584	0.00021106192391944132
56404.58854496236	0.9998398198566776	0.00020885531637270105
56404.608979336634	0.9996690057308912	0.0002079851878500473
56404.62941381103	0.9997205478393438	0.00020980916522922102
56404.64984808565	0.999819316263729	0.00020715084989863088
56404.6702824604	0.9996967333280424	0.00020790520124132046
56404.69071693538	0.9998128059957764	0.00021123378962668336
56404.711151210475	0.9995942541103384	0.00020657896128842192
56404.7315856858	0.9998938825012404	0.00021482020819689671
56404.75202006124	0.9998390829538013	0.00020910537076058506
56404.77245433685	0.9997509953139228	0.00020783184200656659
56404.79288881265	0.9996408232940606	0.0002077727989449754
56404.813323188675	0.9996407469113479	0.0002119839536499096
56404.83375746482	1.0002115948818049	0.0002073647163410763
56404.85419194113	0.9995753385689377	0.00021647345935646103
56404.87462631762	1.0003525310634491	0.00020753048880869902
56404.89506059428	1.0003525681350567	0.0002081941322339364
56404.91549507112	1.0000812358872828	0.00020987111679767397
56404.95636392527	0.9998861354484213	0.00020703589589913786
56404.97679820263	0.9999893620933605	0.00020879430332446417
56404.99723258011	1.0003068040550827	0.00020851761095294852
56405.03810133565	1.0001387283155962	0.00020724569211030038
56405.05853571372	1.0000397274045307	0.0002074089221138475
56405.07897019189	0.9999663559132994	0.00020771524873391164
56405.099404470246	1.0001994026314023	0.00020790713613330904
56405.119838948776	0.9999652680884896	0.00020773548403969647
56405.14027332747	1.0001118683250771	0.00020981739622534222
56405.16070760641	0.9996966766020671	0.00020840827722229806
56405.181142085465	1.0003270300328466	0.00020877359426925264
56405.20157646463	1.0000959829339084	0.00020876988661555772
56405.22201074403	0.9999704210189528	0.00020718294705459158
56405.24244522361	0.99997310399878	0.00021337891707458827
56405.262879603295	0.9998425359953299	0.00020799280684114397
56405.28331398322	1.0003469648904166	0.00020761317114689637
56405.303748363265	0.9996440329123732	0.0002080425687000131
56405.324182743476	1.0002076598403762	0.0002069773050876023
56405.34461712393	1.0000452841031162	0.0002072564841839749
56405.365051504494	1.0001313005721992	0.00021030750457920835
56405.40592026609	0.9998826911259131	0.0002106982578252417
56405.446789028436	1.0000303432623534	0.00020818080163613828
56405.467223409876	1.000192523896641	0.0002096998925701664
56405.48765779143	1.0000269084050974	0.0002074005170176717
56405.50809227316	1.0001490629383618	0.00020904757962636448
56405.52852665506	1.0000164497391775	0.00020742805601609523
56405.54896093714	0.9999511894997158	0.00020652387765461247
56405.56939541945	0.9996690355478578	0.00020808268667463594
56405.58982980188	0.999584051405457	0.00020652201800034657
56405.610264084426	1.0000184408765924	0.00020680495933961582
56405.6306985672	1.0004909093885481	0.00020729456769677453
56405.67156723322	0.9998729057388271	0.0002069942677879832
56405.69200171646	0.9998789952670342	0.00020984549476662733
56405.71243609988	0.9999413031222104	0.00020714506973589392
56405.732870583466	1.0004141539270903	0.00020681346939096883
56405.753304867234	0.9997578622658632	0.00020705497175883185
56405.77373925118	0.9996496834950779	0.00020934278394460157
56405.79417373523	0.999842037886691	0.00020764153265173083
56405.81460801952	1.0005533154666844	0.00020707185592391288
56405.83504240393	1.000122181006223	0.00021092895015764685
56405.85547688851	0.9999499430453664	0.0002070449153661051
56405.875911173265	1.0000154689399434	0.00020927241138860467
56405.8963456582	1.0001783141080023	0.00020938543588385877
56405.9167800433	1.0000106327518559	0.00020920203613648768
56405.93721432858	0.9998925672444958	0.000210090479742704
56405.95764881398	1.0000170425519141	0.00020926654681402627
56405.978083199545	1.0001093882024237	0.00020728846674913275
56406.01895197127	1.0000236597473213	0.00020786584609286296
56406.039386357304	1.0000394172059464	0.00020786830169510447
56406.059820643575	1.000068304220079	0.00020979877784722543
56406.08025513002	1.0000036595811357	0.000208187462856711
56406.10068951658	1.0001951300980414	0.0002095949108438746
56406.121123903315	0.9998601598259576	0.00020773160842703546
56406.14155829023	0.9998474304651861	0.0002078411372103256
56406.161992677306	0.9998671015280335	0.00021121368587747553
56406.18242716457	0.9999757773225363	0.00020721557248318788
56406.202861452	1.0000167162644007	0.00020884463449549425
56406.22329583955	0.9999718042832781	0.00020887960943814115
56406.243730327275	0.9998988819241741	0.00020725132582984803
56406.264164615175	0.9999689141067045	0.0002072200112614698
56406.284599103245	1.000080641042373	0.00020794285247107723
56406.305033491495	0.9998799925241468	0.00020817216040467252
56406.32546777986	0.9999963604499045	0.00020989278516100722
56406.345902268455	1.0002237977564543	0.00020809478087290608
56406.36633665717	1.000122525006394	0.00020672939172077697
56406.38677094606	0.9998910386808769	0.00020916375264613948
56406.40720543506	0.9999713518210077	0.0002066669246565764
56406.4276398243	0.9998004236774145	0.00020775836050014512
56406.44807411366	1.0001482449995875	0.00021111952936526328
56406.46850860324	1.0000929334241686	0.00020744197858641364
56406.488942992946	0.9999206733807957	0.00020715045933373502
56406.50937748283	0.9998894382612091	0.00020681267138600813
56406.550246163046	0.9999513485948472	0.00020722553399488575
56406.570680653385	1.0000661531253017	0.0002078193448765757
56406.591114943905	0.9996573059757903	0.0002065890543334667