55986.29166238967	1.0000163568318257	0.00015959542953848194
55986.332529716674	1.0000257558372678	0.00015920936774695574
55986.35296338059	1.0000094054855202	0.0001591446361776687
55986.37339714473	1.0000054065570871	0.00015919658476888665
55986.393830709225	0.9998272753166675	0.00015903640610545372
55986.414264373954	0.9999449294477696	0.00015916390243266143
55986.43469813891	1.0000597726206313	0.00015903989847731783
55986.45513180422	1.0001564926278155	0.00015908337816294464
55986.475565469766	1.0000314728004347	0.0001592938502144715
55986.495999135535	0.9997944979101558	0.00015904167345487768
55986.51643280166	1.0000941771288412	0.00015916505987288178
55986.53686646814	1.0003203399332723	0.00015924320362196043
55986.55730013472	0.9997432931476637	0.00015910594485258312
55986.57773380166	1.00005194089661	0.00015911207686685567
55986.598167468954	1.0000248796159028	0.00015906839892097454
55986.61860113635	1.0000655847165785	0.00015908028836184986
55986.63903490423	0.9998911182842302	0.00015914408133723746
55986.659468472215	1.000056496742916	0.0001592731935200988
55986.679902140546	1.000102086074469	0.00015930602416934581
55986.72076947804	0.9998867747576221	0.0001593608550824384
55986.74120314718	0.9999712277412427	0.00015934931743626852
55986.76163691657	1.0000823632032105	0.00015908244406925338
55986.782070486304	0.9999191014201219	0.00015904860760407096
55986.802504156265	0.9998181104882853	0.00015904071683191901
55986.82293792658	1.0003570884924262	0.00015905504831621113
55986.84337149713	0.9995692719382719	0.00015915347994404147
55986.86380526791	0.9997708123041565	0.00015901827133074084
55986.88423893904	0.9999384437557632	0.00015904600461938529
55986.904672510405	1.000292569796181	0.00015905272548344407
55986.925106282	0.9999913571407226	0.00015914391716270135
55986.945539953944	0.9997848261399778	0.00015929728503208813
55986.965973626124	1.0001253199141287	0.00015972991211473072
55986.986407298646	1.000251657075369	0.00015929456482988082