55448.66788268049	1.0000485102903944	0.00020333849356752182
55448.68831585767	1.0001448137222797	0.00020334709027549676
55448.708748934616	0.9998761861376533	0.00020332813499617037
55448.72918221133	0.9997474472124197	0.00020334997850037702
55448.74961538758	1.0005629403020404	0.00020336986651383512
55448.77004846359	1.0001530605607751	0.00020336213380075307
55448.79048173938	1.0000798795431076	0.00020338876635105736
55448.810914914924	1.0002027441804908	0.00020338849746081675
55448.83134799001	1.0001559111606781	0.00020334945458551088
55448.851781264864	0.9999995853226256	0.00020334506984896237
55448.872214439485	1.000058467744774	0.00020336696900396262
55448.892647613866	0.9999791694316902	0.00020336618390634178
55448.91308078802	0.9997992673113362	0.00020335420381492375
55448.9335139617	0.9998742278542494	0.00020336158002027047
55448.95394723516	1.0000312587108477	0.00020335861924506403
55448.974380408385	1.0000032465449746	0.00020334837443561945
55448.994813481375	0.999894181196262	0.00020336000416121727
55449.015246753894	0.9998735238663218	0.00020335776849377573
55449.035679926186	1.0004520255929752	0.00020339174635848744
55449.05611299824	0.9996692778508354	0.0002033365131285904
55449.076546270066	0.9999705418780492	0.0002033506772498589
55449.09697944143	0.9995567165935921	0.00020331832226564626
55449.117412512554	0.9999351206574916	0.00020333770842694134
55449.158278954106	0.9993597579869656	0.00020332457797141515
55449.17871202453	0.999956868055976	0.00020338441867805485
55449.19914529449	1.0001561732507327	0.0002033728249726817
55449.219578464224	0.9997439114028315	0.0002033437577353309
55449.24001153372	0.9999349586376539	0.0002033591327811754
55449.26044480298	0.9999457311318067	0.0002033703135817354
55449.28087787178	0.999965224335948	0.00020337748429060705
55449.30131104034	0.9997416216428968	0.00020334924526898253
55449.321744308676	1.000011651507679	0.0002033661386280015
55449.34217737678	0.9997275752567188	0.00020333857162628145
55449.36261064464	1.0000372264815804	0.00020335131015199108
55449.38304381204	0.9999864807270262	0.00020338980141384056
55449.40347697921	0.9996965012685385	0.00020335481723875743
55449.42391014614	1.0001025236353696	0.00020337684861664593
55449.444343312614	0.9998463463067937	0.0002033774949637268
55449.464776479086	0.9998100649937032	0.00020336413360526939
55449.50564281086	0.9997847293360549	0.0002033601752092097
55449.526075976166	1.0002872814338264	0.0002033970499991576
55449.56694230631	0.9998553810228262	0.0002033800242115552
55449.58737547092	0.9996856342580973	0.00020334826524318137
55449.60780873529	1.0003751545508166	0.0002034231479138874
55449.62824179943	0.999704935377804	0.00020338107247261765
55449.64867496311	1.0001002088617452	0.0002033952147630848
55449.669108226546	1.0001382382517512	0.00020340850628273506
55449.68954128976	1.0002057301921714	0.00020341453504895107
55449.70997445274	1.000257029969983	0.00020338807846124554
55449.730407715244	1.000142810816841	0.00020341730886573223
55449.750840777524	0.9998657774531797	0.00020340009244964406
55449.77127403957	1.0000333648905688	0.0002033988691137033
55449.79170720138	1.000074310364532	0.00020340105617574743
55449.83257352408	1.0002951666081754	0.00020342733601143377
55449.853006684956	1.0000427886230345	0.00020340219174170307
55449.87343984561	1.0001626873123184	0.00020339344467132446
55449.893873006025	1.0002081567339811	0.00020340419145161673
55449.91430616597	1.0001862442788976	0.00020339580355247143
55449.93473922569	0.9997914573607662	0.00020339840953498994
55449.95517248518	1.0002880101008398	0.00020343947366062778
55449.975605644424	0.9997103198592958	0.00020339769896097825
55449.996038703444	0.9996236884562292	0.00020339190478515753
55450.016471962	1.0001683515755284	0.00020340682184128936
55450.036905120316	0.9999946788295327	0.00020343431350369534
55450.057338178405	0.9999935631889217	0.00020340277241170576
55450.07777143626	1.0002128420148746	0.00020341756643979685
55450.09820459365	0.9997939463302391	0.00020339619063398546
55450.11863785081	0.9999473780054299	0.00020339861391551237
55450.13907090773	0.9999494226966364	0.00020338854876895864
55450.15950406442	0.9999555289408979	0.00020339782522414191
55450.17993732088	1.000013636098918	0.00020342247640941542
55450.20037037687	1.0000131110131751	0.00020340121564458677
55450.220803532626	1.0003204221288953	0.00020343985458582726
55450.241236788155	1.0001039262813238	0.0002034411714688706
55450.26166984345	1.000238271914879	0.0002034241204090914
55450.28210299827	0.999952227603345	0.0002034317822291205
55450.302536253104	1.0003071804520927	0.00020345340327599306
55450.32296930747	0.999957053767861	0.00020341916393159298
55450.34340246136	1.0003226503366494	0.00020344721450141085
55450.36383571526	0.999672065801321	0.00020342717455165896
55450.384268868685	1.000015618355243	0.000203432085140287
55450.40470192212	0.9999966034556466	0.0002034299413808088
55450.425135175086	1.0002310767047486	0.00020345637408491598
55450.44556832759	1.0000900309786274	0.00020343943321514797
55450.46600138008	0.9999795329654543	0.0002034459388461825
55450.48643463212	0.9999029326104693	0.00020344427680432835
55450.506867783915	0.9999134253489408	0.00020345261366431385
55450.527300935486	0.9996787612247569	0.00020341387281650275
55450.547734086824	0.999530842045943	0.00020342079242029868
55450.568167137695	1.0001080334051518	0.00020344166082721124
55450.58860038833	0.9997655517799361	0.0002034218756235762
55450.609033538734	0.9994310918230186	0.00020341721093895628
55450.6294665889	0.9997175014156879	0.0002034466122749501
55450.64989983884	0.9997786473667443	0.0002034449728345271
55450.67033298832	0.9997158776887649	0.0002034212473666814
55450.69076603756	0.9999512601655324	0.0002034651846744137
55450.71119928656	0.9995621585559369	0.0002034341902269244
55450.73163243534	0.999781393794187	0.00020343514303175397
55450.77249873195	0.9999030336745128	0.00020342542835141662
55450.7929318798	0.9997750669747103	0.0002034386558414908
55450.8133650274	1.0000688304895684	0.00020344884305640532
55450.83379817455	0.9999241415889976	0.00020351222827178327
55450.8542313217	1.0001043554184477	0.00020346606248430716
55450.87466446837	0.9999871583417044	0.00020345750723301626
55450.89509771482	1.000068036235498	0.00020346278153187734
55450.915530761034	1.0006833032242723	0.0002036083926880569
55450.93596400678	0.9996812211402147	0.00020343467839573488
55450.95639715253	1.0000867488462917	0.0002034657560136798
55450.97683019781	0.9995584711192808	0.00020342076469892926
55450.997263442856	0.9997614746982068	0.00020343595209845736
55451.01769658744	1.0000015427013684	0.0002034523554641241
55451.03812963203	1.0002877305898967	0.0002034692025725059
55451.05856287614	0.9999965751765962	0.0002034422334569905
55451.07899602003	1.0000641933442695	0.00020348723083388716
55451.09942906368	1.0000841655112829	0.00020346890015539054
55451.14029545005	0.999869413783957	0.00020344528055899486
55451.160728492774	1.0000677863087815	0.0002034542128782374
55451.18116173526	0.999885590679695	0.00020349868794486357
55451.201594877515	0.9998742719222634	0.00020345855657728684
55451.22202801954	0.9998387137743935	0.00020345134211069004
55451.24246116109	0.9998881809964922	0.00020345962240302378
55451.26289430242	0.9997965383553995	0.00020345170755769727
55451.28332744351	1.0000503340200841	0.0002034702919670798
55451.303760584364	1.0002062223499093	0.00020357511987885202
55451.32419372499	1.0000476904140838	0.00020347125320813232
55451.34462686515	0.9999603679015399	0.00020356302819267072
55451.38549314477	0.9998327804676677	0.00020356375747434432
55451.405926384235	0.9999196135352595	0.00020355475829986436
55451.426359423225	0.9999752124555483	0.00020355738904614685
55451.44679256222	1.0000195958742923	0.00020357066527788056
55451.46722580075	1.0000179842670134	0.00020357808432202863
55451.48765883905	0.9998297525012271	0.0002035122090037978
55451.50809197688	1.0000510552946433	0.00020356497136923656
55451.528525214715	1.0004568291246867	0.00020358840660706604
55451.56939138921	1.0002898112967755	0.0002035823105171176
55451.61025766254	1.000049649142544	0.0002035620921107632
55451.63069079898	0.9999296590124808	0.00020356117225953246
55451.65112403495	1.000087135357742	0.00020359230973376657
55451.691990206185	1.000442003219484	0.00020361761058197483
55451.73285657626	1.0000126684909283	0.0002035864387320166
55451.75328971083	0.999772305860268	0.0002035271372021367
55451.77372284517	0.9999361366363081	0.00020356441281700588
55451.794155979274	1.0000292186775714	0.00020356949817251343
55451.81458911292	1.0001980380494169	0.00020360082586421058
55451.83502224655	1.0005779855358603	0.000203619980455031
55451.85545537973	1.0001754536722427	0.0002035661643330515
55451.875888612674	1.000083772724959	0.00020358173139908012
55451.896321645385	0.9997525402550356	0.00020357126999190838
55451.91675477762	0.9999941339136086	0.0002035630583677988
55451.93718790987	0.9999671290126175	0.00020359340266724665
55451.95762104164	1.0000948858575076	0.00020360234398022822
55451.97805407319	0.999973419494969	0.00020357937653552998
55451.99848730427	1.0004070175928053	0.0002036171886321957
55452.01892043535	0.9998444167347083	0.00020358183959748034
55452.03935346596	0.9998703506804115	0.00020358469993700994
55452.05978669634	0.999952686241381	0.00020357384110021882
55452.08021982649	0.9998990459974473	0.00020357696881314797
55452.100652956404	1.0002524994900455	0.00020361372879276515
55452.14151921531	0.9999292924500158	0.00020359019119274249
55452.16195244429	0.9996182877141656	0.00020357163206750897
55452.18238547304	1.0000526897301054	0.0002035871988017691
55452.20281860155	1.00010472035917	0.00020358516879295866
55452.22325182961	1.0000366877952342	0.00020360406192506108
55452.24368495743	0.9997837866180406	0.00020358294483411302
55452.26411798525	1.0002425777112645	0.00020359915407729362
55452.28455121237	0.9997783060043245	0.00020358103802594734
55452.30498433949	1.000186274543911	0.00020360392320314648
55452.32541736637	0.9994778207884357	0.00020355372518174994
55452.3458505928	0.9999060436988106	0.0002035822405486668
55452.36628371899	1.00035845444563	0.0002036184850955696
55452.38671674495	1.0000238398010315	0.00020358340901132963
55452.40714997067	1.000105710356658	0.00020358127171138398
55452.42758309593	0.9999832303806553	0.0002035894911037304
55452.44801612095	0.9998992796827434	0.0002035936887805131
55452.46844934598	0.9998399456511923	0.00020356955860107573
55452.48888247031	0.9998242303705934	0.00020357395871859057
55452.50931549464	1.0000961207359849	0.00020360136291829083
55452.52974871873	0.9998535424336447	0.00020358724567394096
55452.55018184236	1.0001186295962454	0.0002035864531037727
55452.57061506575	1.0001627882926145	0.00020359612046337415
55452.591048088914	0.9995417240237751	0.0002035733561278926
55452.61148121185	0.9998490521816886	0.00020357920480004821
55452.631914334306	0.9998038422652777	0.00020359465930436908
55452.65234745677	0.9996990803863472	0.00020360163702829386
55452.672780578774	0.9999612887735668	0.0002035971972512325
55452.693213700535	1.0001893502081338	0.00020360869085173376