55830.22427875483	0.999890000185411	0.00020823979487119733
55830.24471180326	1.0001870808252713	0.00020823857965690304
55830.26514485145	1.0001587188876813	0.00020824054783951675
55830.285577999406	0.9998824600996427	0.00020824969140497353
55830.3060109469	1.0000645883984558	0.00020824359910864235
55830.326443994396	1.0002203824754898	0.0002082528410025515
55830.34687714142	1.0001705672771286	0.00020826912713511322
55830.367310088215	0.9997298219160945	0.00020824156699926897
55830.38774313478	0.9999655647789861	0.00020826543278139672
55830.408176281104	1.0000697833340118	0.0002082505807156571
55830.4286092272	0.9996056551107702	0.0002082068742561035
55830.449042272834	0.9999444021991617	0.00020824375035087537
55830.46947541846	0.9997227431172566	0.0002082402259021428
55830.48990836363	1.0004550410828972	0.0002082838693412538
55830.51034140856	1.000095374994505	0.00020824961109716024
55830.530774553255	0.999660058664114	0.00020824199998255755
55830.55120749772	1.0001740358455165	0.00020826411734054066
55830.57164064195	1.000390436572925	0.00020827443362093508
55830.59207368572	1.0004229374615194	0.00020825444961798098
55830.61250672949	0.9999249015923479	0.00020826027129776077
55830.6329397728	1.0000150601962567	0.00020827848405063153
55830.653372816094	0.9996891597888011	0.00020826120994005636
55830.67380585893	0.9999837965118817	0.00020825267734128936
55830.69423890153	1.000006281218639	0.00020828890845629692
55830.714671943904	1.0000363782684136	0.00020828133376965584
55830.73510498581	1.0001683499241898	0.0002082737008137948
55830.75553802772	0.9997967032827922	0.00020826176633190023
55830.77597106915	0.9999714352617156	0.00020828763142887827
55830.796404010594	0.9999767647596856	0.00020825724517804534
55830.816837151564	0.9998578562607227	0.0002082756290132312
55830.83727019231	1.000173725937277	0.0002082969084331281
55830.85770333282	0.9997991300798724	0.0002082507147711291
55830.878136273095	0.9995789668181745	0.00020824528178436222
55830.8985693129	1.0003232394264614	0.0002082789594547346
55830.91900245271	0.999787291812057	0.00020824464330089124
55830.93943539205	1.0000327192525236	0.0002082369630472735
55830.9598684314	1.0000051226079272	0.0002082720902800662
55830.98030157028	1.000259764537238	0.00020829607580441075
55831.000734508925	1.0001194399719535	0.00020826330403135603
55831.02116754733	1.0000986543199109	0.00020827181723804056
55831.041600685516	0.9998033157649001	0.00020820191275845541
55831.062033623224	0.999808718080283	0.00020824457571885343
55831.08246666094	1.0000559656030616	0.00020824732324008623
55831.10289979819	1.0001711450213653	0.00020830046850380172
55831.1233328352	0.9997982272970365	0.0002082241428880346
55831.16419890877	1.000098444150893	0.00020823745053455455
55831.184631945085	1.0000648743025213	0.00020825339751192817
55831.20506498094	1.000060660898945	0.00020827531773489908
55831.22549801679	1.0001920842421	0.00020829969279637334
55831.24593105217	0.9999658403748928	0.0002082799239926948
55831.286797122484	0.9999471789984024	0.00020825252599007536
55831.30723015717	1.000133927469715	0.0002082512597433829
55831.327663291624	0.9997183978274854	0.00020824490166933992
55831.34809622585	0.9996328538172471	0.0002082457770518754
55831.36852925983	1.0001219062400626	0.00020829136794443194
55831.38896239359	0.9998136405623577	0.00020828326159060565
55831.40939532688	1.0001755790428777	0.00020828810695901705
55831.42982836017	0.9998975804580283	0.00020825584182223298
55831.450261392994	1.0000882253304666	0.00020827651259946336
55831.47069442559	0.9999564253215711	0.00020825475527300142
55831.49112745794	1.0000111063899708	0.00020827215896601859
55831.51156049007	0.9998840778495949	0.0002082256201106143
55831.53199352197	0.9996392242272838	0.0002082209484140252
55831.55242665362	0.9998115119824088	0.00020822136487353012
55831.57285958482	0.999759658711638	0.0002082268294179859
55831.59329261602	1.0003034501140076	0.0002082596723365184
55831.61372574674	1.000222823276382	0.00020828690623801325
55831.63415877724	0.9999883503725592	0.0002082312438367924
55831.654591707505	1.0001281855048596	0.00020825507227510573
55831.67502483753	1.0000875136776242	0.0002082593639926196
55831.69545786733	1.0000594074311957	0.00020825314800097924
55831.7158907969	0.9998863787580795	0.000208240529058253
55831.736323925994	1.000118287927354	0.00020825851173017387
55831.77718988373	0.9998541072019062	0.00020826111467247782
55831.79762301213	1.0000206753620489	0.00020825571453740927
55831.81805604053	0.999963286145195	0.00020824885753877948
55831.85892209593	1.000083427742591	0.00020825417753241192
55831.879355123405	1.000097679977988	0.00020825478698309528
55831.89978825064	1.000133712329266	0.0002082388646482599
55831.92022117741	1.0002552261814062	0.00020825583833890808
55831.94065420418	0.9998096191597033	0.00020823776350304392
55831.98152025656	0.9999425079890468	0.00020824606640065986
55832.0019532824	1.0001639259204194	0.00020822701550015849
55832.022386408	0.9998492188702572	0.00020824034698961247
55832.04281933338	0.999876036541702	0.00020822522234926843
55832.06325235852	0.9997864875618308	0.0002082155427347482
55832.0836853832	0.999697885635687	0.00020820271267419957
55832.12455143208	0.9994201225488334	0.00020820407363879385
55832.14498455629	0.9995977613329416	0.00020819099593674168
55832.165417480035	0.999875667946428	0.0002082139936170235
55832.18585060355	0.9993021159154867	0.00020820428489643376
55832.20628362683	0.9995305257786491	0.00020822193953063024
55832.22671654987	0.9994781635127015	0.0002082018798793179
55832.247149672454	0.9992948667666639	0.00020819669106005012
55832.26758269503	0.9996721299394401	0.00020822760664745662
55832.288015617145	0.9997069965465927	0.00020821835320689435
55832.30844873926	0.9995946120896689	0.0002082006391238667
55832.328881760914	0.9993588691393904	0.0002081945106453518
55832.349314682324	0.9994708759127309	0.0002081823544672609
55832.36974780351	0.9993897775427665	0.00020816273560438108
55832.390180824455	0.9999454300810713	0.00020820504363029427
55832.410613745174	1.0000135124362697	0.00020825003220159251
55832.43104686566	0.9997872757925214	0.00020820086489124013
55832.45147988568	0.9999149794513339	0.00020821387570273042
55832.4719129057	1.000032485061432	0.0002082438696375361
55832.49234592525	0.999884881798432	0.0002082236061469988
55832.51277894457	1.0002412727274586	0.0002082540516599047
55832.53321206366	0.9996240207557644	0.00020822717413060377
55832.553644982516	0.9999654788167185	0.00020823297353073027
55832.57407800113	0.9995486157887626	0.0002082141523572095
55832.594511119525	1.000153542516922	0.0002082489246069059
55832.614944137684	0.9998689970209195	0.00020824293088856112
55832.63537705537	1.000190896116746	0.00020826224605406576
55832.65581017306	0.9999707065881956	0.00020825160138648416
55832.67624319029	1.0003408992897231	0.00020822604967633227
55832.69667610751	0.9996907256081136	0.00020822032185208107
55832.71710922427	1.0000651792655182	0.00020826826737748612
55832.7375422408	1.0000236342534676	0.0002082444748216818
55832.75797515709	0.9997902611058361	0.00020823300343778656
55832.77840827315	1.0003553402303083	0.0002082728234012782
55832.79884128875	1.0000819771879221	0.00020823648029774156
55832.81927420434	1.0000613377228995	0.0002082056695400171
55832.839707319705	1.0003866947643494	0.00020824877095046052
55832.8601402346	1.0000786232647716	0.00020821303250259516
55832.88057334926	0.9997625759848182	0.0002082001371197764
55832.90100636393	0.9999586029968387	0.00020819741403045827
55832.92143927813	1.0002867272987943	0.00020824493316174997
55832.94187239209	1.000160832268689	0.0002082478843729983
55832.962305405825	0.9997839633085827	0.00020819473699348182
55832.982738419094	1.0000826593310859	0.00020824272950724032
55833.003171432356	1.000335792938795	0.00020822072173091113
55833.02360444539	1.0000698977580738	0.00020823553510016738
55833.04403745796	1.0004235880036911	0.00020820411994164735
55833.06447047053	0.9999376042566052	0.00020812197840848395
55833.08490348263	1.0000511378200534	0.00020817954939412052
55833.105336494504	0.9996752537373444	0.0002082231130217632
55833.12576960614	0.999874994373732	0.00020815277546316948
55833.14620251754	0.9997714987689985	0.00020814725531975392
55833.16663562872	1.0000485595134407	0.00020820669451738398
55833.18706863965	0.9999683729233104	0.00020815292833544402
55833.207501550125	0.9999995233056034	0.00020820813177845735
55833.227934660594	1.000272904976283	0.00020815522153071238
55833.2483676706	0.9997453682337082	0.0002081603288284574
55833.26880058061	0.9997423200595857	0.000208146297280122