55067.02974182821	1.000021634540204	0.00019402575789472396
55067.05017525953	0.9999064223439655	0.00019401702103286566
55067.070608590606	1.0001322391927439	0.00019401800250483953
55067.091041821455	1.000211926387873	0.00019401880663575573
55067.11147525184	1.0001634658331124	0.00019402409400209693
55067.131908581985	0.9996350433871815	0.00019398450290478652
55067.17277514136	1.0000874601094214	0.00019401304959488222
55067.19320857057	0.9997475163237459	0.0001939745329984101
55067.213641899325	0.9998537698598767	0.00019399245434714032
55067.23407512808	0.9999112894180707	0.0001939892362700874
55067.25450855636	0.999960083804044	0.00019400173803967277
55067.274941884185	0.999837491933312	0.0001939976828992921
55067.29537511201	0.9997827520482268	0.0001939872645886079
55067.31580843936	1.000098345423363	0.000193992395923056
55067.33624176648	0.9998800572625225	0.00019400004558763368
55067.35667509314	0.9998768540350669	0.0001939991117142397
55067.377108419794	0.9999854855686573	0.00019399466637505327
55067.417975071716	0.9999147378642709	0.0001939998924891837
55067.43840829721	1.0001100219317838	0.00019400408394950128
55067.458841722466	0.9999731697999888	0.00019399419401613995
55067.479275047495	1.00008836422404	0.00019401567691359776
55067.49970837205	1.00008331686925	0.00019400876287015698
55067.52014159638	0.9996993110529115	0.00019399720936454098
55067.54057502048	1.0003049106591606	0.00019402789677617908
55067.561008344106	0.9998962169842882	0.00019400924575325434
55067.60187489067	0.9997124607508746	0.00019400549809192992
55067.6223083136	1.0002939800908874	0.0001940070471092796
55067.64274153607	0.9999835003751734	0.0001940022363480945
55067.6836082803	0.9997516102549757	0.00019398142394740892
55067.704041501835	1.000120453882121	0.00019399954107382153
55067.72447482314	0.9999154250655725	0.00019398181909072312
55067.74490824397	0.9999183227035364	0.00019397551495339743
55067.76534146481	0.9999800657123203	0.0001939868998766014
55067.78577478518	1.0002821921391065	0.00019402566802194282
55067.80620810532	0.9996752105444272	0.0001939716844731882
55067.82664152499	1.0001041801717796	0.0001940054974817914
55067.84707474443	0.999967075599288	0.00019398650549007885
55067.86750806363	0.9997099023777986	0.00019395402039632906
55067.887941482375	1.0000714442476075	0.00019399199780117046
55067.90837470112	1.0001544351840268	0.0001940093135919327
55067.92880801916	0.9998821149878582	0.00019397090474958812
55067.9492413372	1.0002747668185337	0.00019400391643488086
55067.96967465478	1.000296996738415	0.0001940051817224599
55067.99010797212	1.0001096994808605	0.00019400577306489486
55068.01054128923	0.9998817872601987	0.00019397279459342645
55068.03097460588	1.0001605792817914	0.00019399959195066994
55068.05140792229	0.9996591836419432	0.00019396898993372748
55068.07184123847	1.000139630157545	0.00019398763608044936
55068.09227445418	1.000409946267996	0.00019402647609008083
55068.11270786989	1.0001350331911176	0.00019399972261278535
55068.13314118491	1.0001718773894217	0.00019399735563822246
55068.15357439993	1.0000872319514311	0.00019399964960430962
55068.17400781447	1.0000076232156803	0.0001939992122740492
55068.19444112879	1.0003072407852507	0.0001940045709956048
55068.21487434288	1.0000969901273595	0.00019400798588748247
55068.23530765649	1.00014773945752	0.0001940047959642364
55068.25574106988	0.9999875030486433	0.0001939940931179196
55068.276174383034	1.0001709878266347	0.0001939984444663659
55068.29660759572	0.9999433544119314	0.00019399284951975755
55068.31704100817	0.9999600153242653	0.00019397903217005538
55068.3374743204	0.9998100999356847	0.00019397617561212174
55068.35790753215	1.0002763330669477	0.00019401271427003515
55068.37834084367	1.0000370990143486	0.00019398856032134596
55068.398774254965	0.9997805538098768	0.00019398035456874455
55068.419207466024	0.999900970735457	0.00019399640112315874
55068.43964077661	0.9997463007840718	0.00019397192423630408
55068.46007418697	1.0001694741510994	0.00019400540546773458
55068.48050739709	1.0002871608945496	0.00019401975301224482
55068.500940706756	0.9998862413179436	0.0001939830167795373
55068.521374016185	0.9999923639678546	0.00019397801410273675
55068.54180732538	1.0000364100319754	0.00019399149969117968
55068.562240634106	0.9996512025053833	0.0001939778487961712
55068.582673942605	1.0001076885481648	0.00019399835446248938
55068.603107350864	1.0000593641127022	0.00019400004902477493
55068.623540558896	1.0002013508230774	0.00019400757530986214
55068.64397386646	1.000340287329957	0.00019402815206648113
55068.6644070738	0.9994542713229505	0.00019395946497063448
55068.68484048066	1.0001218600314745	0.00019400900890481464
55068.70527378753	0.9998345892548901	0.00019399357004807596
55068.72570709392	0.999871789402269	0.0001939905786297425
55068.74614039986	1.000034635350508	0.00019399585952639052
55068.78700701127	0.9994105692873392	0.00019396266162802857
55068.8074402165	0.9997291074014486	0.00019397829360079085
55068.827873621274	1.0000854965676778	0.00019399295010999001
55068.848306825814	1.0007266670683166	0.000194016056419557
55068.868740130114	1.0000731659476763	0.0001939906351558832
55068.88917353419	0.9996268988512054	0.00019394444408872016
55068.9096067378	0.9994815878324358	0.00019394946956827197
55068.93004004117	0.9998193912598167	0.00019396325704339754
55068.95047344431	0.9996133492090158	0.00019394081532307872
55068.97090664699	0.9999008167169525	0.00019397283986006376
55068.991339949425	0.999740960975416	0.0001939518347697398
55069.01177325164	0.9998419792038878	0.00019394745619254276
55069.05263985489	0.9994203494038365	0.000193925438840313
55069.07307315617	0.9998789454173146	0.0001939437138900623
55069.09350645722	0.9996635714926345	0.00019393371618342412
55069.11393975779	0.9997471016671957	0.00019394146613824215
55069.13437305814	0.9998794090740581	0.00019395297283098607
55069.15480625826	0.9995425349338941	0.00019393564966472697
55069.1752396579	0.9996938921270889	0.000193945687751452
55069.19567295732	0.9996850832068875	0.00019393684288433893
55069.216106156506	0.9999430416117832	0.00019395298259568296
55069.23653955522	0.9999261803687813	0.0001939451806621216
55069.256972853706	1.0001427412454515	0.0001939649814073265
55069.27740605196	1.0002225129293285	0.00019396555500673904
55069.29783934997	1.0002179262559934	0.00019396569936672587
55069.31827274753	1.000215609954414	0.00019397663512156369
55069.33870604485	0.9999960109743433	0.00019394344390467934
55069.35913924193	1.0001832715053702	0.0001939572673027459
55069.37957263856	1.0003824876645098	0.00019397840920572202
55069.40000593495	0.999710583065971	0.00019393313153900465
55069.4204391311	0.9997837211354492	0.00019394376224139492
55069.44087242679	0.9999168831476808	0.00019395685494413077
55069.46130582225	0.9997101945339063	0.00019393152110702282
55069.48173901747	0.9995288699559353	0.0001939203488522017
55069.50217231247	0.9996692336572393	0.00019394245227343394
55069.522605706996	1.000244311240555	0.00019397089164177448
55069.56347219535	0.9998722959967712	0.00019395136031122485
55069.583905488944	1.0000902812984136	0.0001939442002680603
55069.6043388823	0.9999676320110471	0.00019395341212470355
55069.62477207543	1.0001212301003577	0.0001939776656229657
55069.6452053681	0.9998704072516461	0.00019393792128167262
55069.66563876076	1.0000307105817705	0.0001939546078854501
55069.68607195296	1.0001981095401102	0.000193954659994292
55069.70650524469	1.0002585142262426	0.00019394585026669527
55069.726938436186	1.000105532223628	0.00019395426400536413
55069.747371827456	1.0000851584620698	0.00019393697552363834
55069.76780511849	1.0001095197403416	0.00019394179911517675
55069.788238409055	0.9999047064069293	0.000193943089316595
55069.80867169939	0.9996587402474644	0.00019392355155412028
55069.8291049895	0.9999941551521359	0.00019393462248336183
55069.84953827936	1.0000273854724653	0.0001939543354322079
55069.86997146877	1.0002987320310686	0.00019396938687161512
55069.89040485794	1.0000313372957057	0.00019393784032144942
55069.91083814664	1.0000410825254937	0.00019396733063624158
55069.93127133535	1.0001736469084397	0.00019397271131437374
55069.95170472359	1.000213724731518	0.00019396170191206095
55069.972138011595	1.0000965000312123	0.0001939696723817439
55069.99257119914	0.9996901767853325	0.00019385573490758508
55070.01300448645	0.9998615528355926	0.00019385121747949094
55070.03343787352	0.9999142955761449	0.0001938461572460967
55070.05387106013	1.000245778816491	0.00019388004330319182
55070.074304346745	0.9998019543180121	0.00019385384250527896
55070.094737732885	1.0000629815186208	0.00019393885430416932
55070.115171018566	0.999898074381102	0.00019386428436811242
55070.135604204246	0.9995891659176005	0.00019384593091254244
55070.156037589455	0.9997876481234439	0.0001938344351001967
55070.176470874205	0.9998235397369516	0.00019384204008115016
55070.196904058954	1.0001071324508204	0.00019387548304435385
55070.21733734323	0.9996376883117906	0.0001938305358279959
55070.23777072728	1.000108459329977	0.0001938816323345758
55070.25820391087	1.0000952866328832	0.0001938683342403264
55070.278637194446	0.9998403005696495	0.00019383928418061202
55070.299070477566	0.9999519722586663	0.00019387137926628507
55070.31950376022	0.9999935409186788	0.0001938825427755719
55070.33993704287	0.9998321430652726	0.00019384825967237336
55070.360370225055	0.9999787606350792	0.00019391094720030714
55070.38080360701	0.9997921731657279	0.00019394278361831722
55070.401236888494	1.000276148077562	0.00019387875953721253
55070.42167006998	1.0001279118683688	0.00019387783589220275
55070.442103450776	0.9999875867446603	0.0001938637393556629
55070.46253673156	0.9999974387567168	0.00019385311959873843
55070.482969911885	0.9999844075656852	0.00019386219002486758
55070.50340319221	0.9998904866677049	0.0001938549051569557
55070.52383657183	1.0000978799909903	0.00019385825656681067
55070.54426975146	1.0001031200876829	0.0001938734824841052
55070.56470303062	1.0002450927896875	0.00019386966380941339
55070.58513640954	1.0000500235059457	0.00019385491430549818
55070.605569588006	1.0000952829706575	0.00019386735170277405
55070.64643614447	1.0001644798755835	0.0001938709999393877
55070.66686952199	1.000143679014725	0.00019386073481091556
55070.68730269952	1.000072676089352	0.00019386072291410647
55070.70773597658	0.9998707927986946	0.0001938430569223771
55070.72816935342	1.000411687710272	0.0001938792544043542
55070.748602529784	1.000181173077375	0.0001938775892340166
55070.76903580615	0.999793096999668	0.00019384389392719054
55070.789469081814	1.0000300836845033	0.0001938681494458817
55070.80990235748	0.9997740226427547	0.00019385408796901256
55070.83033563291	1.0000446084983	0.00019387238313786298
55070.85076890788	0.9997441271055931	0.00019384382140349765
55070.87120218239	0.9998509784656271	0.0001938478647240573
55070.891635456894	1.000019705533404	0.00019387899627080148
55070.912068730926	0.9998084879670099	0.00019385204161212875
55070.93250190473	0.9997562161286325	0.00019384873014430755
55070.9529352783	1.0001685438012229	0.0001938649322095622
55070.97336855141	1.0002694716517786	0.0001938660662995779
55070.99380172428	1.0000484253742925	0.00019388012904029836
55071.014235096925	1.0000004820791808	0.00019387530972737814
55071.034668369095	0.9999489906853045	0.00019383678497745304
55071.05510154104	0.9998511984434149	0.00019384787810903376