56021.04950709078	0.9999380936652762	0.00021806608037193656
56021.069941256785	1.0001587724427967	0.0002180757093303729
56021.09037562315	1.0000768600339471	0.00021807626220812353
56021.11080988963	0.9996536477778314	0.00021805354810691417
56021.131244056334	1.0005066399688998	0.00021810012166975358
56021.15167842328	1.0002852971582699	0.0002180819401097931
56021.17211269046	1.0001355767487095	0.0002180885800059203
56021.192547057864	0.9998581882598173	0.00021805491897295987
56021.21298122551	0.9997862750248256	0.00021808056488899062
56021.233415393384	1.0000541816622446	0.0002180821038985194
56021.25384976149	0.9996343452017411	0.0002180473891815262
56021.274284029714	0.9998836357123975	0.00021806717753413725
56021.29471819829	0.9998566068288075	0.00021805143873194303
56021.35602120517	1.0000332388562936	0.00021807327125657316
56021.39688964418	1.000344432392866	0.0002180980005914716
56021.41732401403	1.0001124449398096	0.00021807684892238062
56021.43775818412	1.0000357858761961	0.00021808539577028007
56021.45819245444	0.9999781892416972	0.00021806758691023803
56021.47862682499	0.9998803887200471	0.00021806438150943244
56021.49906099566	1.0001263745832045	0.0002180669800535603
56021.51949526668	0.9995472681374207	0.00021805090021067406
56021.53992963781	0.999867113993129	0.0002180481023145255
56021.56036390918	1.0000810139661287	0.00021807484539315483
56021.5807981809	1.0001053001542959	0.00021808887067721676
56021.601232452726	0.999943811746671	0.00021806958130757796
56021.642100997095	1.0007980097369207	0.00021812038302510459
56021.662535269505	0.9995837753825438	0.00021804531714863777
56021.68296954227	1.0004090591855217	0.0002180889580129786
56021.70340391527	1.0003340379637347	0.00021808688431293596
56021.72383808838	0.9996919105459283	0.00021802472669792274
56021.744272461845	0.9998589521447692	0.0002180375446190387
56021.76470673543	1.0003271302040424	0.0002180863922671756
56021.78514090923	0.9994611329644582	0.00021802237496236588
56021.80557528328	1.0003026442817275	0.0002180904450309572
56021.82600955756	0.999821347546811	0.00021805917539730705
56021.846443732065	0.9998091290150393	0.0002180514341127159
56021.86687810681	1.0000156223306211	0.00021806705943121853
56021.88731228167	0.9996072907886226	0.00021804380349411213
56021.90774665688	1.0000325077280965	0.00021805543674976993
56021.928180932206	1.0002204696012802	0.00021808311661851697
56021.948615107765	0.9998883061913065	0.00021807257023351225
56021.96904948367	0.9999966097766205	0.0002180590317438848
56021.989483759695	0.9999044449872537	0.00021806414187229076
56022.00991793595	0.9996829423755553	0.00021805442472345085
56022.03035231232	0.9999329385023357	0.0002180636010579378
56022.05078658905	0.9998073276903003	0.00021804104630836118
56022.071220866004	1.0000373879429172	0.0002180518638108272
56022.09165514307	1.0000130546847585	0.00021806030681697283
56022.11208942038	0.9998604746305823	0.0002180590775426899
56022.132523798035	1.0000394676499726	0.00021805932218646392
56022.1529579758	1.0000183282056587	0.00021807817814768602
56022.173392253804	1.0001184149301383	0.00021804596236280868
56022.19382663192	0.9999579295166463	0.00021802107597075957
56022.21426091039	1.0000657566432911	0.0002180557975874
56022.23469508909	0.9999585375302151	0.0002180351091880674
56022.255129467914	0.999946034871168	0.0002180276360080925
56022.27556374708	1.0000386800612284	0.00021802536852356662
56022.29599802636	1.0000954865682208	0.00021804612596451652
56022.31643230587	1.0000518726714065	0.0002180387892468856
56022.336866585625	0.9998990261439364	0.00021802126410040145
56022.35730096561	0.9997594446632063	0.0002180221584956881
56022.37773514571	1.0002343984668975	0.00021806991489076066
56022.39816942615	0.9998785351628047	0.00021803614158354655
56022.41860380672	1.0001254217293956	0.00021804029803767263
56022.43903798763	0.9999189639293384	0.00021802871157526163
56022.45947236866	1.0000305692355886	0.0002180266313418942
56022.479906649925	1.0001391725546727	0.00021803011465196365
56022.50034083142	0.9997989856200908	0.0002180248441881095
56022.52077521303	1.0003687249387128	0.0002180558318656369
56022.54120939499	0.9999596823492005	0.00021803031987411114
56022.56164367718	0.9999020691961477	0.00021804584857588696
56022.582078059495	0.99997841426504	0.0002180290573625303
56022.60251224204	1.0000280328682634	0.00021804656248682698
56022.62294652482	1.0003208176461056	0.00021806409934528785
56022.663815091066	1.0001380129539774	0.00021807813846802754
56022.684249474536	1.000058506737294	0.0002180471353961966
56022.70468375813	1.000475529765244	0.0002180670359691553
56022.72511804207	1.0000035357501136	0.00021804935930654426
56022.74555232612	1.0000839933093753	0.00021803337124237142
56022.765986610415	0.9997118120799886	0.00021801663907635216
56022.78642089494	1.0001103499198964	0.00021806278607710075
56022.80685517969	1.000020021602632	0.000218036586021625
56022.82728946456	0.9999680770065472	0.00021803382965625927
56022.84772384979	0.9997229185730896	0.0002179761240614461
56022.86815803512	1.000292806270219	0.00021805380866158388
56022.88859232069	0.9996412606102016	0.00021801388831625104
56022.9090267065	0.9998494245657102	0.00021803554825484828
56022.92946099253	0.9998914131028424	0.00021799826702676185
56022.9703295653	0.9997666809497859	0.00021801341504737958
56022.990763851914	0.9998605936294362	0.00021799465502600563
56023.01119823877	0.9998456085985336	0.0002180140934713523
56023.03163242585	0.999981455888623	0.00021801566834052876
56023.052066713164	0.999827870651595	0.0002180049605820374
56023.072501100716	0.9995408337801699	0.0002180067758220108
56023.0929352885	0.9994948590013757	0.00021792215879007812
56023.11336957639	0.9997175128502539	0.00021795678899457716
56023.13380396464	0.9997019868289655	0.00021795329150774918
56023.15423815301	0.9995968059745968	0.00021794225633057327
56023.1746724416	1.0000727076066682	0.00021797728294878095
56023.21554101938	1.0001348200167348	0.0002179782900917424
56023.23597540867	1.0000885031306468	0.00021799083924953737
56023.256409598085	0.9999379195960248	0.00021801754587753185
56023.29727827772	0.999805719970576	0.00021797467057209325
56023.31771246772	0.9999074804217591	0.0002179636629396242
56023.33814675806	1.0000678482100405	0.00021800751433895382
56023.358581148634	0.9999937253812767	0.00021799010408482072
56023.37901543933	0.9999656694431517	0.00021796935128652985
56023.39944973025	0.9998099982265516	0.00021798375072976144
56023.41988402141	0.9998602930353466	0.00021797769549898138
56023.4403183128	1.0001460408163307	0.00021803012967498781
56023.46075260443	1.000089857224461	0.0002180296397779656
56023.48118689616	1.0002020186706888	0.00021797877528339905
56023.501621188254	0.999823458712592	0.00021796897548619393
56023.522055580455	1.0000396166396222	0.00021800307610658244
56023.542489772895	1.000050921022891	0.00021799514731228852
56023.58335845835	0.9999676640892241	0.00021796353420597397
56023.62422704475	0.9998701002807706	0.00021795549046379621
56023.64466133823	1.0000369868586036	0.00021798092764355423
56023.66509553195	1.0002807075973723	0.00021799247782203869
56023.685529925904	1.0000221457598295	0.00021796546697154255
56023.705964220084	1.0001553961415257	0.00021794706648879761
56023.74683280892	1.000091810918153	0.00021795187186525819
56023.767267103685	0.9999798959317774	0.00021792534933271892
56023.78770139869	0.9997950463156219	0.00021795226235817668
56023.80813569392	1.0000548812952896	0.00021795021360784933
56023.828569989266	1.0001114070060375	0.00021798477068944475
56023.849004284966	1.000288526098418	0.0002179445466704394
56023.86943858078	0.9997732251470095	0.00021793927150293908
56023.889872876825	0.9998238316710868	0.00021788844598208016
56023.91030717299	1.0000050486288357	0.00021794758532614063
56023.93074146951	0.9998621855190024	0.00021792795562135717
56023.95117586613	1.000031598039788	0.0002179391397764293
56023.971610062996	1.0000264730938193	0.00021790997430414926
56023.99204436009	1.0002282546179595	0.00021794246504090018
56024.03291295498	0.9996855643343289	0.00021791452491493887
56024.05334725266	1.0000330019654156	0.00021794334481519109
56024.073781650564	0.9998289410251853	0.00021795329181290642
56024.09421594871	1.0001171619145448	0.0002179459250063369
56024.11465024708	1.0000472987232423	0.00021791360730323293
56024.15551884442	1.0000132728607505	0.00021794282138567526
56024.17595314338	0.999921109348482	0.00021792967278032958
56024.196387442564	0.9999103735213088	0.00021791248879105357
56024.23725614164	1.0001535195440652	0.000217958992897164
56024.257690341416	1.0002331564106912	0.00021795258010260404
56024.27812464142	0.9995683390616725	0.0002178944943441384
56024.298559041774	1.0001401133530758	0.00021794050863598665
56024.31899324213	0.9998788244357503	0.00021789813332427044
56024.33942764284	0.9998115229648593	0.00021791694270534813
56024.35986194365	1.0001176864719505	0.00021792922747934347
56024.380296144824	0.9998661826422609	0.00021790249259847637
56024.40073054611	0.9997026962255864	0.00021790546391774594
56024.42116484751	1.0003290194278562	0.00021793570864207912
56024.44159904926	0.999989578300812	0.00021788638759600844
56024.462033451135	1.0000284961867674	0.0002179002128336134
56024.48246775323	1.0005135933728253	0.00021794193647154645
56024.50290205557	0.9998778931885418	0.000217888605978116
56024.523336358136	0.9998722175824001	0.00021789153020131577
56024.54377066093	1.0000517147606875	0.00021786913500316813
56024.56420496385	0.9997043924233054	0.0002178823843145964
56024.584639267	1.0002223756403958	0.0002179010352440161
56024.605073570376	1.0000172691437759	0.00021789426890169052
56024.625507873876	0.9996564224557404	0.00021787740442704708
56024.645942177725	0.999842108263262	0.00021788926659635437
56024.666376581685	1.0001007836544817	0.00021788731759824577
56024.68681078588	1.0000428841290232	0.00021788629277741186
56024.707245090314	1.0001326488741014	0.00021787233051489193
56024.727679494856	1.0003791149209962	0.000217906149223725
56024.74811379975	0.9998147584700917	0.00021783126849944502
56024.768548004766	0.9995642476088299	0.00021785537856020825
56024.788982410006	0.9995722627735102	0.00021784839676512662
56024.80941671543	1.0000795808499057	0.00021786910566928567
56024.82985092108	0.9998572312821586	0.00021787701275319482
56024.8502853269	1.000606022853907	0.00021789953219482653
56024.87071963296	0.999838801345673	0.0002178746923045113
56024.89115403926	1.000200350154433	0.00021786487152782735
56024.91158824572	0.9999037089839853	0.00021784025332887994
56024.93202255242	1.0005446127872237	0.00021788047749416944
56024.95245695929	0.9998385919915249	0.00021779419256584524
56024.9728911664	1.000178338617593	0.00021785859141531475
56024.99332547368	0.9999042968867258	0.00021784799534232954
56025.0137598812	0.9999545240651179	0.00021782234592365794
56025.03419408888	0.9999887198345304	0.00021782807326583623
56025.05462849681	0.9999693411583161	0.0002178277734139526