56402.56554218017	0.9997771652948103	0.00021906234892755212
56402.585976636874	0.9999482520930366	0.0002189677258737959
56402.60641099374	1.0002099411595562	0.0002191068554414615
56402.62684545085	0.9998071119276505	0.00021909543517720147
56402.64727970814	0.9998128073455773	0.00021889093544775164
56402.688148523164	1.0003418332219358	0.00021893549346577079
56402.70858278097	0.9998287118123997	0.0002190865579771649
56402.72901713895	1.0004277025705879	0.00021911975146769546
56402.74945159716	1.0000811440278914	0.00021908010190464024
56402.769885855494	0.999791091274813	0.00021903575670678715
56402.790320214	0.9999131315084232	0.0002189582301731085
56402.81075467273	0.9998700433031823	0.0002190848927775639
56402.83118893165	1.0003447475999574	0.00021914842850944555
56402.85162339067	0.9999619574496812	0.00021896132626976613
56402.87205764993	0.9997784240457486	0.0002190488032811957
56402.89249200937	1.0000651259170708	0.0002190655716265982
56402.91292646898	0.9999102204484889	0.00021911348387868598
56402.93336072882	0.9999789968654152	0.00021914462869131822
56402.95379508878	0.999961451501044	0.00021902370610996707
56402.97422954891	0.9999359004683213	0.00021911943699567046
56402.99466390928	0.9999133799693078	0.00021914275569425863
56403.01509826977	0.9998406419948804	0.0002190237417926229
56403.03553263048	0.9999489961904016	0.00021911641767938402
56403.05596699137	0.9999437965064869	0.00021908117634586736
56403.07640135238	0.9999638893904427	0.0002189762487981038
56403.096835713615	0.9999893256957659	0.00021908995233522864
56403.11727007503	0.9998115496587107	0.0002190246440308233
56403.13770453668	0.9999819686581491	0.0002190266914110544
56403.15813879838	0.9998340688065538	0.0002190684085873833
56403.17857326038	0.9999775891375241	0.00021901185789282375
56403.1990076225	0.9996889725234571	0.00021897692395599322
56403.21944188478	0.9995929780221375	0.00021893783207842363
56403.26031070994	0.9999849641350863	0.00021890291105229834
56403.280744972806	0.9995325201187307	0.00021903833804316048
56403.30117943585	1.0001827462625146	0.00021911821691097442
56403.32161379902	1.0001416040217264	0.00021905853235183398
56403.342048062405	1.0001731990776261	0.00021902213709888927
56403.362482525976	1.0004981513239941	0.0002190716899516669
56403.38291688972	0.9998167493324094	0.0002190876194931751
56403.40335125363	0.9997350001302835	0.00021909799520032676
56403.42378561773	0.9998660898195101	0.00021908796486039348
56403.444219982	1.000056870207262	0.0002189083238734433
56403.46465434643	1.0005775710230276	0.00021901504850170355
56403.48508871111	0.9999720236050196	0.00021907206096170861
56403.5055230759	1.0002384487424207	0.00021911880138547442
56403.52595744086	1.0001984542976448	0.000219147286047873
56403.54639180606	1.0001942178077028	0.00021902593036537428
56403.56682627137	1.000147836807161	0.00021905052803226473
56403.58726053692	0.9999248588813106	0.00021901775535047648
56403.60769490259	0.9993645473689025	0.0002190301257854516
56403.648563734496	0.9998380231825145	0.0002190215006983791
56403.66899800074	1.0002770739731144	0.0002190682131068749
56403.6894324671	0.9997391436252727	0.00021906655872751658
56403.7098668337	1.0001866368994707	0.00021918624030423255
56403.73030110047	1.0002632291400793	0.00021914136775655132
56403.75073556742	1.0001589742384185	0.0002190112698905567
56403.77116993453	0.9997367629139254	0.0002189988214669234
56403.79160440183	1.0000652830640193	0.00021904039914492806
56403.81203866923	0.9997594535141664	0.0002190658936311804
56403.83247303688	1.0000493842594131	0.00021911734781423486
56403.8529075047	1.0001890366021318	0.00021905945418547785
56403.89377614085	1.0002993080772473	0.00021903428554083265
56403.9142106092	0.9998254108484843	0.00021907775189095233
56403.93464487771	1.000347796190881	0.00021906536349606282
56403.9550793464	1.00025350103323	0.0002190862852139305
56403.97551371527	0.9998646844720175	0.00021912108277436263
56403.99594798431	0.9999500728932964	0.0002191219819238385
56404.01638245352	1.0003113033968274	0.00021907499462626222
56404.03681682291	0.9999024683058128	0.0002190483194301225
56404.05725109247	1.0000311037449983	0.00021898859891385274
56404.098119932125	0.9996004392499013	0.0002190392519237147
56404.11855420221	1.0002306093715887	0.00021904779567013058
56404.13898867247	0.9997221217902392	0.0002190252207306859
56404.15942304291	1.000181670637224	0.00021905710873932363
56404.179857413576	0.9998918948934197	0.0002191171754030139
56404.200291784364	0.999932275915556	0.00021906802851339732
56404.22072615533	1.0001988144920582	0.00021909366675515644
56404.24116052646	0.9999497416970471	0.00021914033792589359
56404.26159489777	0.9998950420089239	0.00021906612831072974
56404.282029269256	0.9998927868517089	0.00021910541015300296
56404.30246364091	0.9999256428940212	0.0002189755201224962
56404.322898012746	1.0001937601001385	0.0002190968598296246
56404.34333248476	1.0000940337097546	0.0002191062088904292
56404.363766856935	0.9999469989721217	0.00021907583652711022
56404.384201129295	1.0004656040210735	0.00021908009831093377
56404.40463560182	1.0002233458361487	0.00021917108962396016
56404.42506997453	0.9998016344965779	0.00021900724575755722
56404.445504247415	0.9994544037087665	0.00021900117214830166
56404.465938720416	1.0000792046344769	0.00021918529845197933
56404.50680736705	0.9997970500110535	0.00021910480246776945
56404.527241840624	0.9995698185123835	0.0002190488916507602
56404.54767621438	0.9997718187527898	0.00021910344671692347
56404.568110688255	0.9998866468096964	0.0002191323023961302
56404.58854496236	0.9998601775429106	0.0002191493786135796
56404.608979336634	0.9996619534836184	0.00021907788772747167
56404.62941381103	0.9997355182932114	0.00021907555432166761
56404.64984808565	0.9998041788147055	0.00021910692988483924
56404.6702824604	0.9996927777184156	0.00021916555513425506
56404.69071693538	0.9998504731580388	0.0002191009494867999
56404.711151210475	0.9995613499658832	0.00021911998291905188
56404.7315856858	0.999965487153793	0.0002190572306036709
56404.75202006124	0.9998650389818798	0.00021915375620997518
56404.77245433685	0.9997574103782454	0.00021906282099274092
56404.79288881265	0.9996257227419606	0.00021911645484255183
56404.813323188675	0.9996596231795907	0.00021922000133923222
56404.83375746482	1.0002740981923246	0.00021901096874726457
56404.85419194113	0.9996126524842227	0.00021913369112892364
56404.87462631762	1.0004216832129134	0.00021920230086851217
56404.89506059428	1.0004426414492726	0.00021917660015391565
56404.91549507112	1.0001446763842106	0.00021919102631050156
56404.95636392527	0.9998948176919548	0.00021913160883168826
56404.97679820263	1.0000359658050229	0.00021917326076659758
56404.99723258011	1.000369064267811	0.00021914663685354348
56405.03810133565	1.000180937299179	0.00021909626393812462
56405.05853571372	1.0000764824456094	0.00021915531545742116
56405.07897019189	0.9999970874137634	0.00021916937985700988
56405.099404470246	1.0002645101144234	0.00021907896429932086
56405.119838948776	0.9999836091296318	0.00021902251220708326
56405.14027332747	1.0001797768550906	0.0002191193506574811
56405.16070760641	0.9996740047788558	0.0002190962640931781
56405.181142085465	1.000417552286434	0.00021915649157295714
56405.20157646463	1.0001438494078005	0.00021910668221451898
56405.22201074403	0.9999898413849628	0.00021907231912542802
56405.24244522361	1.0000410222637115	0.00021904864972529807
56405.262879603295	0.999860895562328	0.00021915114388608667
56405.28331398322	1.0004326790803353	0.00021911529024188525
56405.303748363265	0.9996396587402476	0.0002190931950571036
56405.324182743476	1.000255001484718	0.00021905704815795352
56405.34461712393	1.0000833257981434	0.0002191714805079416
56405.365051504494	1.00019489946561	0.00021921410914905334
56405.40592026609	0.9999110041486549	0.00021911437487897938
56405.446789028436	1.0000633348640473	0.00021911042295581472
56405.467223409876	1.000255720293663	0.00021914654595546379
56405.48765779143	1.0000555196267404	0.00021904180980493254
56405.50809227316	1.0002054777623655	0.00021915027573112236
56405.52852665506	1.0000478508359443	0.00021909284869610745
56405.54896093714	0.9999509011762997	0.00021898174074284088
56405.56939541945	0.9996677423973833	0.0002191265518451951
56405.58982980188	0.9995545374074053	0.0002190495307249506
56405.610264084426	0.9999900936406395	0.00021898492936454968
56405.6306985672	1.0005825941449882	0.00021905303153785756
56405.67156723322	0.9998613519818029	0.00021909186272678946
56405.69200171646	0.9998988293179663	0.00021910066972893096
56405.71243609988	0.9999378896142309	0.00021906675388415735
56405.732870583466	1.00047799612617	0.0002192076934593977
56405.753304867234	0.9997307839725116	0.0002190409990084308
56405.77373925118	0.9995814915534313	0.00021901577776098962
56405.79417373523	0.9998367895227229	0.00021918302678261082
56405.81460801952	1.0006345160219372	0.0002191698099387267
56405.83504240393	1.000108245285985	0.00021909256119787427
56405.85547688851	0.9999489765216252	0.0002191439237186116
56405.875911173265	0.9999975172913166	0.00021908865129784624
56405.8963456582	1.000183886696084	0.00021912335460164942
56405.9167800433	0.9999987973902674	0.00021900828508688357
56405.93721432858	0.999848480810107	0.0002190586646594036
56405.95764881398	0.999995223721384	0.0002191364012327143
56405.978083199545	1.0001208685345129	0.00021912195431393535
56406.01895197127	1.0000171817468864	0.00021905188912556546
56406.039386357304	1.0000339408606889	0.00021903997776037822
56406.059820643575	1.000030664317163	0.00021904696509048572
56406.08025513002	0.9999804977093918	0.00021904399012284207
56406.10068951658	1.0001769442722317	0.00021901738287306
56406.121123903315	0.9998246098928015	0.0002191198499493182
56406.14155829023	0.9997975938617132	0.00021905065878288898
56406.161992677306	0.9997944657716499	0.00021896304701145798
56406.18242716457	0.9999478672667804	0.00021913565292401409
56406.202861452	0.9999743089294203	0.000219124296164273
56406.22329583955	0.9999182828922824	0.00021907629725746776
56406.243730327275	0.9998695318713271	0.00021908623111120096
56406.264164615175	0.9999308844329537	0.00021901543673940772
56406.284599103245	1.000040135334378	0.00021908693166569244
56406.305033491495	0.9998533347780861	0.0002189452883305254
56406.32546777986	0.9999360961662888	0.00021895248106246654
56406.345902268455	1.000207097466205	0.00021906733675152717
56406.36633665717	1.0001189321166166	0.00021906205882798226
56406.38677094606	0.9998272653230718	0.00021895045769827428
56406.40720543506	0.9999358298762036	0.00021894065940308987
56406.4276398243	0.9997323753887248	0.0002189934404697659
56406.44807411366	1.000108333854511	0.00021902826025691142
56406.46850860324	1.0000624281729702	0.00021900297474265098
56406.488942992946	0.9998678307150832	0.00021901660789951243
56406.50937748283	0.9998392470430999	0.00021906600395809713
56406.550246163046	0.999894221374542	0.00021893486432499534
56406.570680653385	1.0000559912488407	0.000219099362782671
56406.591114943905	0.9995869419720099	0.00021897547827790163