55448.66788268049	1.000101134047561	0.00020334919348397382
55448.68831585767	1.0001888343779664	0.00020335604045163436
55448.708748934616	0.9999224303369552	0.00020333753890730335
55448.72918221133	0.9997852106597267	0.0002033576596364673
55448.74961538758	1.000606625797927	0.00020337874582877796
55448.77004846359	1.0001934529833674	0.00020337034683290948
55448.79048173938	1.000121497647095	0.00020339723032978646
55448.810914914924	1.0002424911914363	0.00020339657990698257
55448.83134799001	1.000193211764194	0.00020335703846048077
55448.851781264864	1.0000344312332294	0.00020335215559602637
55448.872214439485	1.0000957933262031	0.00020337455935053378
55448.892647613866	1.0000092443093138	0.0002033723002468424
55448.91308078802	0.9998318049768472	0.0002033608218144366
55448.9335139617	0.9999044427296253	0.00020336772533797683
55448.95394723516	1.000058585108171	0.0002033641761297916
55448.974380408385	1.0000309153917804	0.00020335400083237352
55448.994813481375	0.9999230315804	0.00020336587179636175
55449.015246753894	0.9998996102728255	0.0002033630740382151
55449.035679926186	1.0004759223258022	0.00020339660456067767
55449.05611299824	0.9996902452302298	0.00020334077797288437
55449.076546270066	0.9999919817769951	0.00020335503719626555
55449.09697944143	0.9995743858695846	0.00020332191634639304
55449.117412512554	0.9999531156912242	0.00020334136773327702
55449.158278954106	0.9993723177479209	0.0002033271333155495
55449.17871202453	0.9999700277414766	0.00020338709526848697
55449.19914529449	1.000169643738901	0.0002033755640761395
55449.219578464224	0.9997600763430513	0.00020334704561700777
55449.24001153372	0.9999410056119749	0.00020336036256861627
55449.26044480298	0.9999541925456056	0.00020337203447550394
55449.28087787178	0.9999713085623759	0.00020337872172830452
55449.30131104034	0.999744621586071	0.00020334985546282376
55449.321744308676	1.0000194561269928	0.00020336772580480182
55449.34217737678	0.9997355307727395	0.00020334018973035723
55449.36261064464	1.0000374465679644	0.00020335135490517965
55449.38304381204	0.9999879781381332	0.0002033901059761057
55449.40347697921	0.9996942038660526	0.0002033543499090608
55449.42391014614	1.0001016413659374	0.00020337666920186348
55449.444343312614	0.9998480058675243	0.0002033778325328997
55449.464776479086	0.9998041238121563	0.00020336292515250404
55449.50564281086	0.9997762617839202	0.00020335845287555607
55449.526075976166	1.0002795178909758	0.00020339547137095481
55449.56694230631	0.9998494585599708	0.00020337881952669598
55449.58737547092	0.9996740826098234	0.00020334591549686445
55449.60780873529	1.0003661349552397	0.0002034213138074356
55449.62824179943	0.9996888835009408	0.00020337780686111956
55449.64867496311	1.000086972328221	0.00020339252278526603
55449.669108226546	1.000125569132347	0.00020340592963227284
55449.68954128976	1.000188978880317	0.000203411128289512
55449.70997445274	1.0002377470460564	0.00020338415755219213
55449.730407715244	1.000127904470327	0.00020341427708980977
55449.750840777524	0.9998484882030201	0.00020339657534248814
55449.77127403957	1.000020166983575	0.00020339618476390912
55449.79170720138	1.0000539365871912	0.0002033969124358409
55449.83257352408	1.0002757988653457	0.0002034233972456975
55449.853006684956	1.0000204816543263	0.00020339765464951268
55449.87343984561	1.0001440572156965	0.00020338965604815886
55449.893873006025	1.0001860211843616	0.0002033996899250671
55449.91430616597	1.0001615929941094	0.00020339079051824227
55449.93473922569	0.9997703590939474	0.00020339411728595807
55449.95517248518	1.0002642482959532	0.00020343464096341408
55449.975605644424	0.9996804017334716	0.0002033916119197334
55449.996038703444	0.9995994349766598	0.00020338696996672107
55450.016471962	1.0001414395332977	0.00020340134866972707
55450.036905120316	0.9999668197678991	0.00020342864598445922
55450.057338178405	0.9999686997560924	0.00020339771508798356
55450.07777143626	1.0001850542832313	0.0002034119151298853
55450.09820459365	0.999762973961278	0.00020338988967378787
55450.11863785081	0.9999182784815572	0.00020339269480121547
55450.13907090773	0.9999227674415979	0.00020338312712110698
55450.15950406442	0.9999262499629689	0.00020339186967885696
55450.17993732088	0.9999845526970891	0.000203416560272466
55450.20037037687	0.9999831014766167	0.00020339511174839812
55450.220803532626	1.0002920171536176	0.00020343407773281875
55450.241236788155	1.0000754539967158	0.00020343537963585928
55450.26166984345	1.0002069080818572	0.0002034177417687971
55450.28210299827	0.9999216523613415	0.00020342556195599026
55450.302536253104	1.0002737144923055	0.00020344659660345718
55450.32296930747	0.9999260778127745	0.00020341286255808706
55450.34340246136	1.000293582841737	0.00020344130270798054
55450.36383571526	0.9996407152955122	0.00020342079491474042
55450.384268868685	0.9999828040857062	0.00020342540976927108
55450.40470192212	0.9999648771053578	0.00020342348726930763
55450.425135175086	1.0001970533668396	0.00020344945341915535
55450.44556832759	1.000054573257768	0.00020343222036589315
55450.46600138008	0.9999487023519213	0.00020343966635468777
55450.48643463212	0.9998720837346445	0.00020343800016783928
55450.506867783915	0.9998839691080773	0.00020344662019623901
55450.527300935486	0.9996509912372967	0.00020340822220060847
55450.547734086824	0.9994992689611304	0.0002034143667837284
55450.568167137695	1.0000772871851868	0.0002034354064408401
55450.58860038833	0.9997341169504165	0.00020341547959205723
55450.609033538734	0.9993981292235127	0.00020341050196210765
55450.6294665889	0.9996855310559949	0.00020344010617561348
55450.64989983884	0.9997474006161012	0.00020343861443274236
55450.67033298832	0.9996824065387776	0.0002034144366885346
55450.69076603756	0.9999204901500012	0.00020345892374236442
55450.71119928656	0.9995355222619594	0.0002034287691204434
55450.73163243534	0.9997549365513319	0.00020342975952190084
55450.77249873195	0.9998765380222804	0.00020342003793932337
55450.7929318798	0.9997451154564656	0.0002034325611739867
55450.8133650274	1.0000459819208494	0.0002034441948614714
55450.83379817455	0.9998982711909987	0.00020350696293001974
55450.8542313217	1.000080250878731	0.00020346115854027614
55450.87466446837	0.9999620157260595	0.00020345239171342007
55450.89509771482	1.0000439699962846	0.0002034578852810285
55450.915530761034	1.0006573472195766	0.00020360311143635652
55450.93596400678	0.9996573674298666	0.00020342982417641915
55450.95639715253	1.0000613060045263	0.00020346057971568277
55450.97683019781	0.9995337223906138	0.00020341572806980126
55450.997263442856	0.9997399432010413	0.00020343157077277438
55451.01769658744	0.9999784459377971	0.00020344765638042125
55451.03812963203	1.000265891355784	0.0002034647602391514
55451.05856287614	0.9999816473205481	0.0002034391964902143
55451.07899602003	1.0000449062394174	0.00020348330640625209
55451.09942906368	1.0000647526956818	0.00020346495058356901
55451.14029545005	0.9998534364258874	0.00020344202961637152
55451.160728492774	1.0000486009612943	0.00020345030980304063
55451.18116173526	0.9998708172785021	0.00020349568123310851
55451.201594877515	0.9998613784348227	0.00020345593295708017
55451.22202801954	0.9998215098874043	0.0002034478413921749
55451.24246116109	0.9998737145183786	0.00020345667872969064
55451.26289430242	0.9997879163825827	0.00020344995304562925
55451.28332744351	1.0000399539569673	0.00020346818003890864
55451.303760584364	1.000197190954057	0.00020357328169043424
55451.32419372499	1.000035790996815	0.0002034688321342502
55451.34462686515	0.9999540587923794	0.00020356174384040325
55451.38549314477	0.9998269652565257	0.00020356257351013181
55451.405926384235	0.9999123641849733	0.00020355328254148802
55451.426359423225	0.9999693529909386	0.00020355619627926392
55451.44679256222	1.000015133199154	0.00020356975682593565
55451.46722580075	1.0000202783970276	0.00020357855134822299
55451.48765883905	0.9998252874344336	0.00020351130015346182
55451.50809197688	1.0000525143603332	0.0002035652683687386
55451.528525214715	1.000451257244379	0.0002035872727548092
55451.56939138921	1.0002887993862963	0.00020358210456973008
55451.61025766254	1.000052658282227	0.00020356270462712164
55451.63069079898	0.9999324340657122	0.0002035617371923593
55451.65112403495	1.000088556568856	0.0002035925990562096
55451.691990206185	1.0004435534455642	0.00020361792609584697
55451.73285657626	1.0000200069260599	0.0002035879327189643
55451.75328971083	0.9997749407577895	0.00020352767359742012
55451.77372284517	0.9999437949006282	0.00020356597186665156
55451.794155979274	1.0000345820635945	0.00020357058996241397
55451.81458911292	1.0002105525072245	0.00020360337331366355
55451.83502224655	1.0005866699020802	0.00020362174774404346
55451.85545537973	1.0001883381698065	0.00020356878672069236
55451.875888612674	1.0000904404104085	0.00020358308870432323
55451.896321645385	0.9997651096966271	0.0002035738294024473
55451.91675477762	1.0000005033754618	0.0002035643549625398
55451.93718790987	0.9999846273425956	0.0002035969653288961
55451.95762104164	1.0001080260578614	0.0002036050191019894
55451.97805407319	0.9999864299712967	0.00020358202527059394
55451.99848730427	1.0004190657728447	0.00020361964085064741
55452.01892043535	0.9998577499757841	0.0002035845544256082
55452.03935346596	0.9998873762100509	0.00020358816652379344
55452.05978669634	0.9999690443949082	0.00020357717134993232
55452.08021982649	0.9999136132700649	0.00020357993467376683
55452.100652956404	1.0002669775749748	0.00020361667598545874
55452.14151921531	0.9999464105429902	0.00020359367651500261
55452.16195244429	0.9996336325185359	0.00020357475702721393
55452.18238547304	1.000067686420848	0.00020359025177516828
55452.20281860155	1.0001230310580291	0.0002035888961893423
55452.22325182961	1.0000560614017604	0.00020360800632533254
55452.24368495743	0.9998002808457795	0.00020358630350375824
55452.26411798525	1.0002593084342515	0.00020360255961223401
55452.28455121237	0.9997958259736984	0.00020358460555039743
55452.30498433949	1.0002050264618545	0.00020360774045615032
55452.32541736637	0.9994980696478657	0.00020355784906592417
55452.3458505928	0.9999226052258571	0.0002035856124982657
55452.36628371899	1.0003754168919026	0.00020362193772557256
55452.38671674495	1.0000409126124188	0.0002035868846696143
55452.40714997067	1.000123891168728	0.00020358497259300443
55452.42758309593	1.0000026606172123	0.0002035934469620413
55452.44801612095	0.9999161611108872	0.00020359712607894657
55452.46844934598	0.9998552691005648	0.00020357267848825222
55452.48888247031	0.9998403949814961	0.0002035772499909289
55452.50931549464	1.0001051053152077	0.0002036031920150517
55452.52974871873	0.9998721064823005	0.0002035910256310787
55452.55018184236	1.0001350934379714	0.00020358980452133684
55452.57061506575	1.0001761651697043	0.00020359884350037503
55452.591048088914	0.9995617256684423	0.00020357742979669013
55452.61148121185	0.999866121321868	0.00020358268024664366
55452.631914334306	0.9998174122523158	0.00020359742262330327
55452.65234745677	0.9997129565246315	0.00020360446308317955
55452.672780578774	0.9999718171889335	0.00020359934089007555
55452.693213700535	1.000198081923743	0.00020361046836834472