55432.21917537449	0.9937223236568822	0.00009404289405487407
55432.23960855761	0.9934240570794345	0.00009402794079495481
55432.26004194026	0.9934859444523322	0.00009402854026749718
55432.28047522245	0.9931797552934432	0.0000940161899472809
55432.300908404635	0.9929847769803176	0.00009400780372250242
55432.32134178635	0.9931195300798561	0.0000940128057619014
55432.34177506761	0.9930993381376287	0.00009401564175500993
55432.362208348866	0.9932670037687178	0.00009399196360523234
55432.38264162942	0.9935054743411614	0.00009400306679608105
55432.40307490998	0.9936362065518423	0.00009401132316267212
55432.42350819007	0.9939558772006487	0.0000940266917702186
55432.44394146992	0.9944236746489755	0.00009404830195653223
55432.46437474955	0.9949363159130976	0.00009407164798832333
55432.48480802871	0.9973366060669125	0.00009417520204063967
55432.56654124232	1.0000409760232847	0.00009431952317611544
55432.58697441985	1.0001449365855724	0.00009432911422153743
55432.60740779714	0.9999037396229657	0.00009432636627524544
55432.62784107421	1.000232356445686	0.00009432810133194329
55432.64827425081	1.000002973079927	0.00009432436799544072
55432.66870762718	1.0000118213574125	0.00009433135729410315
55432.689140903305	0.9999662174452157	0.00009433572782642863
55432.709574078974	0.9998847010502572	0.00009433905485871762
55432.730007454404	0.9999165068431859	0.00009434610153130766
55432.750440729375	0.9999669584798452	0.00009435461689308434
55432.770873904345	1.000063888029442	0.00009436337510963436
55432.79130727862	0.9999955420411596	0.00009436731184560171
55432.81174055288	0.9997709721224735	0.00009436381231487986
55432.83217382669	0.9998555150629386	0.00009438148327067202
55432.852607100256	1.0000118071901298	0.00009440161279003561
55432.87304027336	0.9998473422547189	0.00009440164120586714
55432.89347364624	0.9999655545502288	0.00009441061197330973
55432.91390691888	1.0000066383550241	0.00009441792112240016
55432.93434019105	0.9999200887939065	0.00009442084469041627
55432.954773462996	1.0001636999935897	0.00009443443886042674
55432.9752067347	0.9999626201224777	0.00009443213928750973
55432.995640005945	1.0003021091576942	0.00009445105751203847
55433.03650654774	1.0000247512790732	0.00009444914004466616
55433.056939818045	0.9999391631872266	0.00009444998685463942
55433.07737318813	1.0000130527536435	0.00009445786103143927
55433.09780635797	0.9999056530058826	0.00009445712968231706
55433.11823962735	1.0000302362114677	0.00009446593035473041
55433.1386729965	0.9998841035574727	0.00009446518679801279
55433.159106165185	1.0001031999719294	0.00009447785420516462
55433.17953943363	1.0000192909477987	0.00009447759400430414
55433.19997280185	0.999946984989511	0.00009447874361713652
55433.220405969594	0.9998731924719938	0.00009447913787584297
55433.24083933735	0.9999228782116701	0.00009448549331934357
55433.2612726044	1.0000971247882389	0.00009449538680454758
55433.28170577146	1.000002701132092	0.00009451201718149485
55433.30213913804	1.0001820756197959	0.00009452131336338363
55433.32257240416	1.0000410078957194	0.0000945184881421211
55433.34300557028	0.9998983853955051	0.00009451545011115438
55433.363438935936	1.0001689918501675	0.00009452975692738345
55433.38387220113	0.9999423230227926	0.00009452376992493077
55433.40430546631	1.000084313222613	0.00009452526768932393
55433.42473873104	0.9999159474839008	0.00009452007146417805
55433.4451719953	0.9999709625073907	0.00009452552209738387
55433.46560525932	1.0001119593653922	0.00009454184725588667
55433.486038623116	0.9998904112910276	0.0000945344758182825
55433.50647178668	0.9999384865477713	0.00009453844222300551
55433.526905049766	1.0002757030011231	0.00009455433103310951
55433.54733831263	1.0000685534287785	0.00009454101834437718
55433.56777157503	0.9999390197771884	0.00009453023310499481
55433.58820493742	1.0001691251809377	0.00009456861594715188
55433.60863809912	0.9999795886152759	0.00009453565062879317
55433.62907136082	1.0001880529262943	0.0000945461478134118
55433.649504722045	0.9999556796709965	0.00009453957246411346
55433.669937883045	1.0001148658464933	0.00009454861673592206
55433.69037114358	1.0000037047243007	0.00009454598134039912
55433.71080450388	0.9999348864958996	0.00009454524168789569
55433.731237663946	1.0000459623010762	0.00009455041486950165
55433.75167092355	0.99981708901684	0.00009454414892840728
55433.772104282914	0.9998588297750093	0.00009454832341210449
55433.812970700725	0.9998153000700397	0.00009455104403457407
55433.83340405916	0.99987009351467	0.00009455343536169335
55433.853837317365	1.0000236937079279	0.0000945626568682049
55433.87427057511	1.0000013116839117	0.00009456369258296606
55433.89470383261	0.9999154682510392	0.00009456243741149374
55433.91513708988	1.000041395161382	0.00009457045077912672
55433.93557034669	0.9999866442590919	0.0000945694498059814
55433.95600360326	0.9997330427353739	0.00009456231807548044
55433.976436859375	0.9999456576237837	0.00009457224412966768
55433.996870215255	0.9999125406430287	0.00009457310942249109
55434.01730337089	1.0001326183407653	0.00009458375358650213
55434.037736626306	1.0000495482097518	0.00009458153953108448
55434.05816998125	0.9998920398080632	0.0000945781420365396
55434.07860313596	1.0000666454263123	0.00009458706040325455
55434.09903639021	0.9998998429134075	0.00009458268924036552
55434.119469744226	0.9999230981354641	0.00009458659340911268
55434.139902898	0.9999933180923753	0.00009458215457936902
55434.16033615155	1.0000982000368104	0.00009459590171328259
55434.18076950463	1.0000108247064008	0.00009459482816328156
55434.20120265748	0.9998617174297926	0.00009459044857859595
55434.22163590987	1.0001677647080416	0.0000946046319782272
55434.262502413934	1.0000985834679652	0.0000946055584506114
55434.28293576539	0.9998651920855915	0.00009458539267104611
55434.30336891661	1.000162454082282	0.00009459819973390935
55434.32380216759	0.9999411844320332	0.00009460564456054394
55434.34423551812	1.0001329445506721	0.00009460094796905149
55434.36466866841	1.000190204526804	0.00009460592495051687
55434.38510191846	1.000083776131958	0.0000946024605487525
55434.40553526805	0.9999911224307683	0.00009460052641274607
55434.425968517404	1.0001033516204985	0.00009460805187012994
55434.44640166653	0.9999933255654013	0.00009460496905203162
55434.48726826362	0.9998817829523363	0.00009460392537169067
55434.507701411574	1.0002850507203058	0.00009462053213494982
55434.52813475954	1.0001036137179822	0.00009461600155061741
55434.54856800703	1.0001407465656285	0.00009461806634012894
55434.56900115406	1.0001567173800108	0.00009462005050407342
55434.58943450086	0.9999282832538362	0.00009461260987540365
55434.609867747415	1.000159730822787	0.00009462349220049434
55434.63030109375	1.0000682043637006	0.00009462291358391211
55434.650734239614	0.9998855618912558	0.00009461672674800236
55434.67116748524	0.9999845268711041	0.00009462301562146126
55434.69160083041	0.999924786998014	0.00009462064445100439
55434.71203397558	0.999782441008752	0.0000946169568716976
55434.73246722004	0.9998136119961756	0.00009461995570960958
55434.75290056451	0.9998849897659212	0.00009462292980510729
55434.773333708516	1.0000863587722237	0.00009463132996603183
55434.79376695228	1.0000620794782185	0.000094631549324095
55434.81420029559	1.000038872715053	0.00009463203035572443
55434.83463343866	1.000159156057509	0.00009463783188826268
55434.85506668149	0.9999849164427226	0.00009463270151075141
55434.8754999241	0.9999226267618874	0.00009463067329831538
55434.89593316624	0.9999029833905909	0.00009462997999082581
55434.91636640814	1.0000460682486347	0.00009463702133620305
55434.93679974959	0.9999286919707999	0.00009463261043335443
55434.957232890796	0.9999759005057737	0.00009463625836067386
55434.97766623177	0.9997959181771446	0.00009463069565226318