55751.350889913054	1.0001407533161004	0.00009425403006836159
55751.37132410549	1.0000714725729567	0.00009425236105958003
55751.39175809769	1.0001127669360508	0.00009425662465890353
55751.41219228966	0.9999011454100315	0.00009424955241899316
55751.43262638117	1.000061282733721	0.00009425658958280265
55751.453060372674	1.0001044871223785	0.00009425869005630179
55751.47349456372	1.0000991360525797	0.00009426162214467909
55751.49392865452	1.0000936137168577	0.00009426325317322794
55751.51436264486	0.9999773683469931	0.00009425889285590483
55751.5347968352	1.0000218617085839	0.000094262395403898
55751.55523092508	1.0000672217046929	0.0000942654239666114
55751.57566491472	0.9999439684067425	0.00009426184268996734
55751.596099104136	0.9998818549763508	0.00009426101657039208
55751.61653319331	1.000077143074711	0.00009427032726340777
55751.636967382256	0.999804224133567	0.0000942626430505294
55751.65740137073	0.9997197241406548	0.00009426014152399723
55751.67783545898	1.0001400987993447	0.00009427721953952936
55751.69826964699	0.9999181146470882	0.00009426999045244092
55751.71870363477	0.9999671081993775	0.0000942642062512689
55751.73913772232	0.9999214215876915	0.00009425382207157654
55751.7595718094	1.0000852229752684	0.00009426188541938023
55751.780005896246	0.9999763511625012	0.00009427791257157525
55751.82087406925	1.0001292387355352	0.00009426929295749701
55751.841308155395	0.9998833378846955	0.00009426090287068527
55751.861742241315	1.0001120096877054	0.00009427211285710534
55751.902610411984	0.9998194201296164	0.00009426571349041355
55751.92304459697	0.9999546307238405	0.00009426896426209507
55751.94347868173	1.0000045840843488	0.0000942725308705022
55751.96391266601	0.9999928262773958	0.00009427293695544809
55751.9843468503	0.9999645039395996	0.00009427363705216636
55752.00478093413	0.9999212239681453	0.00009427394279653214
55752.02521491771	0.9997774976009561	0.00009426948260913784
55752.04564910084	0.999822867569268	0.00009426578806371737
55752.06608318396	0.9999493595220664	0.00009427943191564973
55752.086517166616	0.9997594242599941	0.00009427428666349184
55752.10695134928	1.000082385831716	0.00009428749164442522
55752.12738543147	1.0001211758477053	0.0000942744011547281
55752.147819613194	0.9999565112720189	0.00009427759628453997
55752.20912185744	1.000186350563495	0.0000943141113313968
55752.22955583824	0.9998685750931251	0.00009428901275174445
55752.2704240989	0.999978376171604	0.0000942871792473742
55752.33172633802	0.9999034913949862	0.00009428822485305175
55752.35216041719	1.0000394954631222	0.00009430476237687677
55752.39302857459	1.0000903827833627	0.00009430015408644837
55752.413462552824	1.000090912254841	0.00009429227960961329
55752.43389673083	0.9999941102537125	0.00009428967809806974
55752.45433080859	0.999811854767699	0.00009428520795448871
55752.47476478613	1.0001375248030155	0.00009429779310686682
55752.495198963195	1.0000924463461407	0.0000942979113668458
55752.515633040035	0.9999730158410851	0.00009429566730916041
55752.53606701664	1.0000873663918126	0.00009430134463877538
55752.556501193016	1.0000409844432316	0.00009430154758851872
55752.57693526915	1.0001234993077135	0.00009430773154189652
55752.597369244824	1.0002047503217166	0.00009431002557699287
55752.61780342049	0.9999548964820973	0.00009430331817234373
55752.6382374957	0.9998394025600491	0.00009430051838329406
55752.65867167068	0.999983755077869	0.00009430844928555908
55752.67910564519	1.0000585407374454	0.00009431238578400488
55752.699539719695	1.0001736813422075	0.00009431820867723626
55752.740407867546	1.0001224618004796	0.00009432005117105741
55752.760841941126	0.9999649577899058	0.00009431555259777633
55752.781276114474	0.9999682535820367	0.00009431707477327757
55752.80171018735	1.000014016549865	0.00009432137818854504
55752.822144159996	1.0001422168846716	0.00009432806058423794
55752.842578332646	0.9999513949391406	0.00009432227748337197
55752.86301240459	1.000168842076586	0.00009433159121213585
55752.88344637654	0.9999272707024688	0.00009432515185545027
55752.903880548256	1.000083596021275	0.00009433231573459638
55752.9243146195	0.9999371340819775	0.00009433048094037495
55752.94474879052	1.0000841354871048	0.00009433649253037446
55752.98561683162	0.9999347791190913	0.00009433493615745633
55753.00605090194	1.0002240603583221	0.00009434750118178571
55753.02648497179	0.9999579886930919	0.00009433955949336957
55753.04691904141	0.9998087187678243	0.00009433511795529776
55753.0673531108	0.9999254181225261	0.00009434196883928465
55753.08778717972	0.9999398876441563	0.0000943434350432243
55753.108221248636	0.9999682029231215	0.00009434712461910404
55753.128655317094	1.0000192109227637	0.00009435069810890456
55753.14908938532	0.9999464582744914	0.00009434987281665866
55753.169523553304	0.9999031612167425	0.00009435132084731355
55753.210391588356	0.9999730927219298	0.00009435643111208722
55753.23082575541	1.000072222825194	0.00009436296632854208
55753.25125972224	1.0000686045842488	0.00009436398392195956
55753.27169378883	1.0000160510353058	0.00009436413907955997
55753.292127954956	0.9999393406092238	0.00009436232737028456
55753.312562021085	0.9999989773945149	0.00009436667705000347
55753.33299598675	1.0001724312170632	0.00009437532534064855
55753.35343015217	0.9999318596417477	0.00009436842489882907
55753.37386421737	0.9999295939742898	0.00009436955862025772
55753.3942981821	1.0000599459915873	0.00009437636923309663
55753.414732346595	0.9998760754239479	0.00009437054859797215
55753.435166411095	0.9999400864683541	0.00009437617672622441
55753.45560047513	1.0000536072295096	0.00009438244330948103
55753.47603453869	0.9999230116786881	0.00009437913489831164
55753.49646860226	0.9998285626781477	0.00009437792399370147
55753.51690276536	1.000175817984173	0.00009439200301208301
55753.53733672822	0.9999415173143701	0.00009438595700848525
55753.55777079086	0.9999869477426921	0.00009438918460622758
55753.57820495326	0.9999678761319675	0.00009438964231845475
55753.598638915195	0.999843557184424	0.00009438658166452813
55753.639507138374	0.9998864248142966	0.00009439213965332352
55753.659941099606	0.9999576596008972	0.00009439665089561393
55753.68037516061	1.0000615868932747	0.00009440246226379289
55753.70080932115	1.000160031922245	0.00009440875670556673
55753.721243281456	1.0000634416465723	0.00009440672019462729
55753.74167744153	0.9999535918448176	0.00009440424494712706
55753.762111501375	0.999888238693209	0.00009440311395395552
55753.80297962012	1.0000180663380138	0.00009441215663511946
55753.82341357903	0.9996599747377433	0.00009440035097999213
55753.843847637705	0.996607713656514	0.00009428609849164713
55753.90514981187	0.9935208592394283	0.00009417554039791043
55753.92558396939	0.9930541124186831	0.00009415916239956857
55753.94601802666	0.9927187295469477	0.00009414746389442452
55753.96645208371	0.9927013554873736	0.00009414830649000598
55753.986886140294	0.9926491127600396	0.0000941489033736088
55754.00732019688	0.9926105712384368	0.00009415010612084395
55754.02775435299	0.9923080874745708	0.00009414007002321707
55754.04818830864	0.9923756244867239	0.00009414494779099888
55754.068622364284	0.9925335505132364	0.00009415245780516493
55754.08905651947	0.9923371880391447	0.00009414541290404134
55754.109490474424	0.992683019754002	0.00009416134220615573
55754.12992452914	0.9928546128642749	0.00009416831153114036
55754.150358683626	0.9929143309037011	0.00009417466713934252
55754.17079263765	0.9932068066577118	0.00009418602772705841
55754.19122669166	0.9935355923831425	0.00009419979176746174
55754.21166084522	0.9939788956047886	0.00009421808970684343
55754.23209479854	0.9948445963738228	0.00009425468164405172
55754.252528951394	0.9974744618476227	0.00009436875456913674
55754.293396956644	1.0001354207221467	0.00009447769420140065
55754.3138311088	1.00008041337568	0.00009447227858636226
55754.33426516072	0.9999091825418563	0.00009446721790606362
55754.354699212185	1.0001514088376104	0.00009447679257644295
55754.375133263406	1.0001342789132333	0.0000944781439292529
55754.395567314634	1.0001744880896204	0.000094480185713295
55754.41600126516	0.9999975346528575	0.00009447682579540381
55754.436435415686	0.9999495612471971	0.00009447518190748467
55754.45686946575	0.999969597021703	0.00009447728179020216
55754.477303515814	1.0000398560295982	0.00009448183610034066
55754.497737565405	1.0000637091297262	0.00009448424974925158
55754.51817161454	0.999916065097662	0.00009448076793146889
55754.538605763664	1.0000121728607694	0.00009448494846700163
55754.55903971233	0.9999001110563809	0.00009448204777547548
55754.579473760765	1.0000502338114112	0.00009448866545997707
55754.59990790897	0.9999170351010754	0.00009448496567686622
55754.62034185693	1.0001594029250556	0.00009449568187463519
55754.64077590466	0.9999047924768245	0.00009448698014062737
55754.66121005193	0.999862431397633	0.00009448775345040397
55754.68164399896	1.000043862510872	0.00009449599840721576
55754.70207804577	1.0000421192093474	0.00009449646191499765
55754.72251219211	0.9999008499521982	0.00009449256596633336
55754.74294613844	0.9999898766377577	0.00009449739943268051
55754.76338028431	0.9999794824666942	0.00009449801270008533
55754.783814329945	1.0000618132153825	0.00009450201074322567
55754.80424827512	0.9999854548714003	0.00009450091355350127
55754.824682420294	0.9999630595543719	0.00009450259161086773
55754.845116465	0.9998081773632526	0.00009449855288854525
55754.86555050947	1.0000495996136436	0.00009450915976029977
55754.885984553715	1.0000399701026101	0.0000945105245845249
55754.906418597486	1.00004947386472	0.0000945103225312986
55754.92685264126	0.9999466905918455	0.00009450858836698798
55754.947286684575	0.9998792724316401	0.00009450808842978488
55754.967720727655	0.9999575675235797	0.00009451138181250229
55754.98815477026	0.9999055145832529	0.0000945126144685488
55755.008588912875	0.9999356169849946	0.00009451343475145327
55755.04945699693	1.000167087620986	0.00009452572330346124
55755.06989093861	0.9999502904620184	0.0000945187734738806
55755.09032497983	0.9998142135156601	0.00009451546988313538
55755.11075912104	0.9999871715770222	0.0000945226371345143
55755.13119306179	1.0000752666718187	0.00009452696225869845
55755.1516271023	1.0001815873053337	0.0000945336097164562
55755.17206124235	1.0000762129221272	0.00009454160590997657
55755.192495182404	1.0001785396569873	0.00009454703730835935
55755.21292922199	0.9999984612412562	0.00009453129115796817
55755.23336336134	1.0000119382152457	0.00009454468371100171
55755.25379730046	1.0000554121604484	0.0000945475225310581
55755.27423143911	0.9999662300586944	0.00009454597528748285
55755.29466547753	1.0000878312992645	0.00009455167527150176
55755.31509941595	1.000226114394377	0.00009455802806426968
55755.33553355367	0.999986511883947	0.00009455028641798892
55755.35596759139	1.0001978192239203	0.00009455883258955634
55755.37640162865	0.9999563903771864	0.00009455209614356826
55755.41726970246	1.0000659821905546	0.00009456032289017914
55755.43770373902	1.000040010752272	0.00009455920026313893
55755.45813777534	0.9998013193158204	0.00009455283737615266
55755.4785718112	1.0000798757968845	0.00009456411433889897
55755.49900584683	0.9998712588498334	0.00009455913754748387
55755.51943998222	0.9997833378739781	0.00009455676212618885
55755.56030805185	1.0000557774565948	0.00009456952742646346
55755.58074208654	1.0002296521913547	0.00009457797893197774
55755.60117602054	1.0000787923769068	0.00009457298786145731
55755.621610154536	1.0000479482607965	0.00009457593258947261
55755.64204418806	1.0000225821966418	0.00009457434973536379
55755.662478121594	0.9999577519131333	0.00009457377000371504
55755.68291225466	1.00002611509566	0.00009457815555326542
55755.70334628726	0.999937053942644	0.00009457642039957856
55755.72378021986	1.0000110883959175	0.00009458162288724534
55755.744214351995	1.0000129159213453	0.00009458256115522627
55755.76464838389	0.9999993684981435	0.00009458386073559724
55755.78508231556	0.9999966995126498	0.00009458574048332715
55755.805516446766	1.0000898225841486	0.00009458988459415114
55755.82595037796	1.0001834824327511	0.0000945945619420382
55755.8463845087	0.9999739696240224	0.00009458860345315418
55755.866818538976	0.9999420258403541	0.00009458958066788099
55755.88725256924	1.0000895896187108	0.00009459612074341322
55755.90768659905	1.0000315736491003	0.00009459601508863562
55755.92812062886	0.9999781242795788	0.00009459556326265762
55755.94855465796	1.0000891091486581	0.00009459966919754159
55755.96898868707	0.99998560487472	0.00009459850047408908
55755.989422715946	0.9999844645676891	0.00009460044600884881
55756.00985674435	0.999967999817564	0.00009460144328906946
55756.05072480024	1.0000014539971505	0.00009460659166036928
55756.071158927945	1.000137698500495	0.00009461081124586174
55756.13246100898	0.999962230893312	0.0000946100300497176
55756.15289503553	1.0000755282475904	0.00009461654360385804
55756.17332896161	0.9998782464577666	0.00009460989141299121
55756.19376308745	0.9999653113055711	0.00009461594689470146
55756.21419711307	1.0000526443459785	0.00009461947829997406
55756.23463103822	0.9999257477425291	0.00009461692917400453
55756.255065163365	0.999904219534654	0.0000946165066216772
55756.27549918805	0.9998952658315698	0.00009461800251634051
55756.2959331125	1.0002512715609175	0.00009463230332272409
55756.316367236715	0.9998483030032158	0.00009461935860142008
55756.33680126047	1.0000643788722636	0.00009462927390593044
55756.357235383985	0.999801435298202	0.00009462080822368031
55756.37766930727	1.0001055492081228	0.00009463349413260234
55756.39810333033	0.999970654101505	0.00009462981768695709
55756.41853735292	0.999992187288261	0.00009463209745659669
55756.43897137527	0.999952142588335	0.00009463213475012352
55756.45940539739	1.000083077158051	0.00009463894750527556
55756.47983941928	1.0002151996589475	0.00009464524907126905
55756.500273440935	1.000024604480713	0.00009463947936071495
55756.52070746213	1.0001170665949994	0.00009464410999475482
55756.54114148308	0.999877105587287	0.00009463777644448451
55756.56157550381	0.9999651767454234	0.00009464157728690679
55756.58200952407	0.9998939211357198	0.00009464185009473449
55756.602443644326	0.99984580637552	0.00009463909090200021
55756.62287756412	0.9997476722199706	0.00009463615179012697
55756.643311683685	0.999953200159972	0.00009464551819443118
55756.663745702775	0.9999036327349128	0.00009464583373595115
55756.68417962187	0.999975606269169	0.00009465057730725952
55756.704613740505	0.9999368925051388	0.00009464935286912182
55756.725047758664	1.000130309388458	0.00009465807734053583
55756.74548167683	1.0000025314778869	0.00009465503433834741
55756.76591579453	0.9999318292321228	0.00009465259463609244