56073.096449990866	0.9999863863443187	0.00009553376253669546
56073.11688464407	1.0000449273370005	0.0000955380521348198
56073.13731909728	0.9998722081396479	0.00009553395215970165
56073.157753650376	0.9999598253239164	0.00009553734663083077
56073.198622756325	1.0000809438810867	0.000095543232955751
56073.21905740919	0.9998106848313394	0.00009553433123163434
56073.239491961926	0.9998259522070647	0.00009553705781852628
56073.25992641467	0.9998230315625947	0.00009553737316365693
56073.2803610673	1.0001065724725424	0.00009554780595194186
56073.300795619805	0.999874101195645	0.00009554054220571584
56073.32123007232	1.0002343533062525	0.00009555382756364099
56073.341664724714	1.0000075040661471	0.0000955467676668658
56073.36209927699	1.0001232954058616	0.0000955519910329013
56073.38253392927	1.0002176583143474	0.00009555797211874284
56073.40296838143	1.0001415487849261	0.00009555550567406834
56073.44383758552	1.0001000266234343	0.0000955555813541741
56073.46427203745	0.9998970745689331	0.00009555006768989673
56073.48470658937	1.000056085258361	0.00009555573606940721
56073.50514124107	0.9997764496745661	0.00009554588879148631
56073.52557579288	1.0000173999362956	0.00009555656649084304
56073.546010244456	0.9998788505454165	0.00009555203984844389
56073.56644489604	0.9999029309493205	0.00009555361967684545
56073.5868794475	0.999972374511907	0.00009555804515292821
56073.607313998844	1.0000201531861215	0.00009556069059267988
56073.62774855019	1.0000082049972725	0.00009556106030904786
56073.648183101424	1.0000603669750991	0.00009556448404936442
56073.66861775253	1.000067192105925	0.00009556466437126682
56073.68905220365	1.0000792412388118	0.00009556611217947158
56073.70948675453	1.0000546219970148	0.00009556710359792092
56073.729921405524	0.999949775231138	0.00009556454901833109
56073.75035585629	0.9999717860647562	0.00009556749882003035
56073.77079050706	0.9999333501522298	0.0000955663429472397
56073.791224957815	0.9998987703789518	0.0000955657843424903
56073.81165950835	1.0000213766554082	0.00009557195942405406
56073.85252860929	0.9999873261537255	0.00009557451334580085
56073.87296315971	1.0001130085759429	0.00009557882548853529
56073.893397809894	1.0000853376972094	0.00009557930430884548
56073.934266810254	1.0000471275718459	0.00009558319680242646
56073.9547014602	0.9999462866399008	0.00009558015265478491
56073.97513591027	0.9999774526441101	0.00009558192521613075
56073.9955705601	1.000171033620927	0.00009559002409038339
56074.01600510982	0.9999641123695678	0.00009558602921475632
56074.03643955953	1.0000158936022312	0.00009558844093408432
56074.07730875873	1.000074373474045	0.00009559434102486731
56074.118177857585	0.9998633380482562	0.00009555990045441022
56074.138612406954	0.9998205946228872	0.00009555930997936273
56074.1590470562	0.9999183948255285	0.00009556577328815784
56074.17948150522	0.9999902587887899	0.000095598273956037
56074.19991605435	1.0000036884555634	0.0000955721328892929
56074.240785252274	0.9999626432691103	0.00009557311396907523
56074.26121970106	1.0000915144315676	0.00009557787215063165
56074.281654349725	1.0001203755084236	0.00009558088460746164
56074.302088898396	1.0000837063649333	0.00009558200211001517
56074.32252334694	1.0000590389281745	0.00009558108768846816
56074.3429579955	0.9998328877666972	0.000095575739345945
56074.36339254382	1.0001114486811327	0.00009558627180412069
56074.383827192134	1.0000975410341697	0.000095588491277129
56074.404261640455	0.999992974847435	0.00009558522388405892
56074.4655652846	1.0000411937116533	0.00009559126038629132
56074.48599983257	0.9999356094416371	0.00009558813799967539
56074.5064343803	0.9999193420550168	0.00009559033190144547
56074.52686892804	0.9998095935978198	0.00009558739161191738
56074.54730357578	1.0000994835266581	0.00009559791876606553
56074.56773802328	1.0000561186887145	0.00009559901383648886
56074.58817257079	0.9999927865715615	0.00009559739889518872
56074.60860721818	0.9999980312109968	0.00009559883927662991
56074.62904166556	0.9998963301089522	0.00009559650272906337
56074.64947621272	1.0001808189126915	0.0000956088308648778
56074.690345307026	0.9999639320763485	0.00009560355799818948
56074.71077985395	0.9999060675964563	0.00009560261861542326
56074.73121450088	1.0000877784342677	0.00009561100978817323
56074.75164904768	0.9999976748856874	0.00009560904422642803
56074.77208359437	1.0000454699760046	0.00009561337265785059
56074.792518141054	0.9999266129797738	0.00009560976230876644
56074.81295268763	0.9998480915129374	0.00009560912200426467
56074.83338723409	1.0001112889192143	0.00009561908016440316
56074.85382178055	1.0001459704635511	0.00009562259954681446
56074.874256326766	0.9999726402742928	0.00009561635887220405
56074.89469097299	1.0000620171913894	0.00009562005195360683
56074.915125419095	0.9998729667024804	0.00009561511365018666
56074.935559965204	1.0001710468427745	0.00009562854883351084
56074.9559946112	1.000054120843166	0.0000956263818543244
56074.976429057075	0.9999206667038604	0.00009562137591962395
56074.99686370283	0.9999432209483808	0.00009562560111360397
56075.01729824859	1.0001478336799199	0.0000956338939447964
56075.037732694225	0.9997946043847199	0.00009562228874080446
56075.058167339754	0.999923348347394	0.00009562631606784436
56075.078601885165	1.0001171574318322	0.00009563622262383914
56075.099036330575	1.0000565254594405	0.00009563427789734373
56075.119470975864	1.000006158360491	0.0000956356866411341
56075.13990552104	0.9999399939190678	0.00009563192773916966
56075.1603400661	1.00009250886617	0.00009563829970179526
56075.18077461116	0.999854022230925	0.00009563245826957056
56075.201209056104	1.0000162246302005	0.00009563997228317743
56075.22164370093	0.9998398435418211	0.00009563395022206573
56075.24207824564	1.0000332906009664	0.0000956426522837385
56075.26251279035	0.9999868627550209	0.00009564244619553822
56075.28294733494	1.0000993733585948	0.00009564563612753014
56075.30338187942	1.000036865161088	0.00009564444309136836
56075.323816423785	0.9999838137441469	0.00009564542646110102
56075.34425096814	0.9999922491277106	0.00009564518306319592
56075.36468551239	1.000025343384291	0.00009564692015446673
56075.38512015652	1.0000617602967412	0.00009564994591841191
56075.40555470064	1.000016714880308	0.0000956490990018337
56075.44642378844	1.0000482020093602	0.00009565440694515744
56075.46685833221	1.0000580464257607	0.00009565420060915594
56075.48729277599	0.9999998673832619	0.00009565318724734095
56075.50772741954	0.9999479620206764	0.00009565290303275423
56075.528161963084	1.0000237639006924	0.00009565506559230271
56075.54859660652	0.9998850322504075	0.00009565198604854721
56075.56903104995	0.9999232664560663	0.0000956545350654409
56075.58946559314	0.9995232498587563	0.00009564196753578382
56075.60990023634	0.9962366732297773	0.00009552242425224763
56075.63033467942	0.9942497078976679	0.00009544741034929875
56075.65076922238	0.9937543320125951	0.00009543051230970604
56075.67120386535	0.9935341943935245	0.00009542349436166098
56075.6916383082	0.9930315825661351	0.00009540589352550355
56075.712072850925	0.9931890706401788	0.0000954121839832353
56075.73250749354	0.9927955211208761	0.00009539810568461495
56075.75294193604	0.9924905586897593	0.00009538764380042457
56075.77337657854	0.9924651420374019	0.00009538808022783596
56075.79381112092	0.9925136825295845	0.0000953915087388815
56075.81424556319	0.9926140744458348	0.00009539540620728274
56075.83468020545	0.9924075800434767	0.00009538800196895031
56075.855114647486	0.9925999064821304	0.00009539724613617947
56075.87554918952	0.9927808560487102	0.00009540432305440485
56075.89598383143	0.9926092854205412	0.00009539897050009686
56075.916418373236	0.9929639854327524	0.00009541213137719862
56075.93685281504	0.9932771247666972	0.00009542567714283706
56075.95728745672	0.9936494597449552	0.00009544025167820445
56075.977721998286	0.9941684169988644	0.00009545868954443486
56075.99815653973	0.9954053489780519	0.00009550466316693953
56076.01859108107	0.9978089182878428	0.00009559449026241548
56076.039025622405	1.0000227520697196	0.00009567709624985331
56076.059460163626	1.0000505226797107	0.00009568013401655483
56076.07989470472	1.0001128028101554	0.00009568267231353881
56076.10032924571	0.9999614531782663	0.00009567755703153169
56076.141198327445	1.0000727608181816	0.00009568110159520948
56076.1616329682	0.9999088371764613	0.00009567699116081043
56076.18206750883	0.9999983223108959	0.00009568184152682817
56076.20250194947	0.999874834509454	0.00009567583516215302
56076.222936589875	0.999983433442036	0.00009568302680679982
56076.24337113027	1.0000042220081415	0.00009568181170454575
56076.26380557056	1.0000729669335604	0.00009568527021332826
56076.3046747509	0.9999815812816596	0.00009568452627143354
56076.32510919084	0.9998601268902049	0.0000956797202724611
56076.34554383078	1.0001578975674303	0.00009569112885220618
56076.365978370595	0.9999664787746204	0.00009568676517049498
56076.3864130103	1.0000743045414073	0.00009569091256088185
56076.40684745001	0.9999334506586585	0.00009568489418158098
56076.427281989476	0.9999234624769157	0.00009568646796592265
56076.44771652895	1.0001829121403678	0.00009569574446468922
56076.46815106831	0.9999385260435003	0.0000956894473168829
56076.48858560766	1.0000525444949773	0.00009569403309810882
56076.50902014678	1.0000006848462657	0.00009569491227363285
56076.52945468591	1.0000576624558801	0.0000956951665194536
56076.54988922479	1.000058194214298	0.00009569770677148173
56076.5703238638	0.9999496191094459	0.00009569367592129527
56076.59075830258	1.000006677309057	0.0000956975828133256
56076.63162747989	0.9999916654740908	0.00009569791402164865
56076.65206191843	0.9999957548114569	0.00009569959284548141
56076.67249655685	0.9999341012109294	0.00009569745876311462
56076.69293109516	1.0000718575312797	0.00009570403821530026
56076.71336553335	1.0000504971419815	0.00009570413110199641
56076.73380017154	0.9998327386106427	0.00009569636617001545
56076.75423470962	0.9998012883221624	0.00009569690490972975
56076.77466934758	1.0000230864942212	0.00009570721229550565
56076.795103785415	0.9999916550863269	0.0000957067064025983
56076.81553832314	0.9999810838422066	0.0000957068357513213
56076.835972960864	1.000221609528953	0.00009571581393519874
56076.85640739836	0.9998984890692801	0.00009570498261638708
56076.87684193585	0.9998885354622625	0.00009570551463539717
56076.89727657323	1.000082430411894	0.00009571409623535294
56076.91771101049	0.9999177198525078	0.00009570933534382682
56076.93814554775	0.9999783075121713	0.00009571246409823068
56076.95858018489	1.0000023219033045	0.00009571419736215277
56076.9790146218	1.0002219936884533	0.00009572177477441312
56076.999449258714	1.000110930579848	0.0000957185824406891
56077.01988379551	1.000039961916219	0.00009571737146823117
56077.0403183323	0.9998590714991759	0.0000957114335186595
56077.06075286886	1.0000480225598931	0.00009571894134661654
56077.08118740542	0.9999916197777498	0.00009571761860762707
56077.10162194187	0.999869831379901	0.00009571217621233018
56077.1220564782	1.0001732546366757	0.0000957251257073876
56077.14249101441	1.0001409736326536	0.00009572294919328397
56077.1629255505	0.9999189040339779	0.00009571562760906197
56077.1833600866	0.9998329785788416	0.00009571137998560026
56077.203794622576	1.00023003792426	0.0000957277008795455
56077.22422915844	0.9999017786093346	0.00009571435001814625
56077.24466369419	0.9999965700543796	0.00009571934092545137
56077.265098229815	1.0000279722901044	0.00009571751386905392
56077.28553286533	0.9999178486000722	0.00009571548794429802
56077.30596730085	0.9999650318782052	0.00009571723068029268
56077.32640183624	0.9999418520029805	0.00009571428208252089
56077.346836471406	1.0000559880520894	0.00009572050989639105
56077.36727090657	1.0000108795764673	0.00009571750575051374
56077.38770544173	0.9998098878082182	0.00009570894908652175
56077.408140076666	1.0000078915125765	0.00009571624614270945
56077.4285745116	0.9997317723027896	0.00009570573449805894
56077.449009146294	1.0000201063193306	0.00009571585163778051
56077.469443680995	1.0000875535520657	0.00009571729759860463
56077.48987811558	0.9999691086820451	0.00009571260494804991
56077.51031275004	1.000030500054528	0.00009571466913988091
56077.53074728451	1.000090766108714	0.00009571499724407886
56077.551181818744	1.0001293487443819	0.00009571646285887291
56077.57161635297	1.0000948629435105	0.00009571541018754166
56077.59205088709	1.000027207018127	0.00009571226747276935
56077.612485521095	1.0000630789975404	0.00009571313275359053
56077.63291995497	1.0000095885066043	0.00009571104543415261
56077.67378912239	1.0000559213465416	0.00009571244992332307
56077.69422355604	1.0000770165201645	0.00009571383871119394
56077.71465808958	1.0000086763497005	0.00009571209687513696
56077.73509272288	0.9999379160852268	0.0000957106080010571
56077.75552725618	0.9999481695570578	0.00009571074275748714
56077.77596168937	0.9997684575288722	0.0000957047713977628
56077.79639632255	0.9998954977515505	0.00009571023932028804
56077.8168307555	1.0000450972183292	0.0000957160642038214
56077.83726538846	0.9999035613564701	0.00009571145589560978
56077.85769992118	0.9999783353609125	0.00009571456424537364
56077.878134353894	1.0000787983382249	0.0000957175477468425
56077.8985689865	1.0002318590918169	0.00009572574129451948
56077.9190035191	0.999896621874786	0.00009571396916740651