56233.99076379658	1.0001931904245138	0.00009824619308032462
56234.01119652475	1.000184258045455	0.0000982444773106976
56234.0316291528	0.999855989889707	0.00009823236152581137
56234.052061680726	1.0002234268668386	0.00009824465799554789
56234.072494408545	1.000021247499985	0.0000982494813550811
56234.09292703624	0.9999366997961199	0.00009823484699765885
56234.11335976394	0.9998947428389552	0.00009824216894369904
56234.13379229141	1.0000892454944506	0.00009823851117153353
56234.15422491888	0.9998361101800087	0.00009822906314802678
56234.17465764611	1.000079373469581	0.00009823571667305074
56234.21552280034	1.0001886223643588	0.00009823875165130002
56234.23595552734	0.9999137440398543	0.00009822961210836478
56234.25638805423	1.0001007171143084	0.00009823645062907603
56234.276820681	1.0000613602457629	0.0000982334648627752
56234.29725340765	0.999910047045701	0.00009822824473643885
56234.317686034185	1.000009571819826	0.00009823080899442757
56234.3381185606	1.000109997498043	0.0000982330572064611
56234.3585512869	0.9999736029112808	0.0000982279237696306
56234.37898391309	1.0001200709215263	0.0000982430229317062
56234.39941653927	1.0001353198124205	0.0000982311592469631
56234.41984916523	1.0000646867473106	0.00009822791951789165
56234.44028179118	1.000144445707134	0.0000982292601051118
56234.460714417015	1.0000913932758864	0.00009823801738457668
56234.48114704274	0.9999843361930596	0.00009822371026000516
56234.50157956834	0.9997051046762059	0.00009821190667958968
56234.52201229371	0.9999686799009925	0.00009823275175836135
56234.5424449192	0.9999549350564898	0.00009822921197996881
56234.562877444456	1.0001155199535088	0.00009823672012868185
56234.58331016959	1.0000851609757893	0.00009823404704639427
56234.60374279473	1.0000265146899776	0.00009823123430489049
56234.62417551964	0.9998857043950206	0.00009821994032932356
56234.64460804454	0.9998887281760949	0.00009822338307722863
56234.66504066921	0.999924675314215	0.00009822551688822126
56234.68547339389	0.9997245730696697	0.0000982160951281213
56234.70590591844	0.9999809015519174	0.00009822465570463305
56234.72633854288	0.9999819018259728	0.00009822408069183603
56234.74677126721	0.9999907431784597	0.00009821041003937115
56234.767203791525	0.9998570266194119	0.00009821702613383624
56234.78763641562	1.0000107717389646	0.00009822179644416928
56234.80806913971	1.0000071875493408	0.00009822189349842003
56234.828501763564	1.0002375000730463	0.00009822930302892793
56234.84893428742	0.999945596890004	0.00009821667177752903
56234.86936701117	1.0000303094174743	0.00009821462634423968
56234.88979963479	0.9998647512160957	0.00009821232262686621
56234.9102322583	1.0000231939869275	0.00009820643353846339
56234.93066488169	0.9996924306668944	0.00009820285621261569
56234.95109750496	1.0000113142645248	0.00009820471671542564
56234.97153022824	0.999930126171593	0.0000982071252159433
56234.9919627514	1.000040301850366	0.00009820334506862872
56235.012395374324	1.0002205662121466	0.0000982103376829567
56235.03282809725	0.9998480543545768	0.00009819514780193844
56235.053260620065	0.9999866133622454	0.00009820087346772904
56235.07369324275	0.9999630779178956	0.00009819876477257246
56235.094125965334	1.0000618197791524	0.00009820096138755269
56235.114558487796	1.0000761960272633	0.00009820068017827231
56235.13499111025	0.9998876198663988	0.0000981923811254579
56235.1554237326	1.0000154324086012	0.00009819841322166875
56235.17585635471	0.9998959334293461	0.00009819072529208383
56235.19628907682	0.9997259434657012	0.00009818374426042927
56235.216721598816	0.9999629612870312	0.0000981924654341288
56235.2371542207	0.9998797871492502	0.00009818744461127362
56235.257586942455	1.0000569642593258	0.00009819423495867695
56235.27801946422	0.9997383355180257	0.00009818219669796135
56235.29845208575	0.999948818713988	0.00009818888024776754
56235.318884807275	1.0000195108571832	0.00009819279830911995
56235.33931742869	0.9998493599293813	0.00009818517050432654
56235.35974994999	0.9998483288361603	0.00009818460295204553
56235.380182671164	1.0000430297606566	0.0000981892950653619
56235.40061529223	0.9998326198681758	0.00009818269663973806
56235.42104791317	1.0000343726916783	0.00009818911546842564
56235.46191315484	1.0001238925835294	0.00009819105217615732
56235.48234587555	1.000019904699715	0.00009818679027974084
56235.50277839615	1.0000630318910626	0.00009818877325104181
56235.52321101663	0.9999703668403552	0.00009818292525213376
56235.56407625736	1.0000455279440197	0.00009818789376074204
56235.584508877495	1.0000207988193304	0.00009818522656954813
56235.60494159762	0.9999916101908042	0.00009818442406247999
56235.62537411764	1.000100099550778	0.00009818805228838912
56235.64580673754	0.9999442856977168	0.00009817930718413552
56235.66623945732	0.9998367255373924	0.0000981760721748301
56235.68667197699	1.000143152491646	0.00009818822913566109
56235.70710469666	1.0000566620329723	0.00009818449344640734
56235.72753731609	1.0000559229459869	0.00009818337536364463
56235.747969835524	1.0001099263775266	0.00009818441012454303
56235.768402554844	1.0002352747908525	0.0000981914992062408
56235.78883507404	0.9999809489406334	0.00009817959491546553
56235.80926779313	0.9999824845824277	0.00009817936502424587
56235.829700412214	0.9999618844268716	0.0000981800681263501
56235.85013303106	1.0000554727897153	0.00009818029911798358
56235.870565549914	1.000086863163734	0.00009818030186092376
56235.91143088727	0.9999318204639744	0.00009817518710562619
56235.93186350577	0.9999377395208636	0.00009817516739652522
56235.95229612428	0.9999135149779659	0.00009817339870614079
56235.97272874254	1.0001479175932537	0.00009818047101052816
56235.99316136081	1.0000096621753956	0.00009817532110020391
56236.01359397897	1.0000766827272491	0.00009817715477621607
56236.034026597	0.9999065378428657	0.0000981722359198723
56236.054459314924	1.00011324297388	0.00009817846966126769
56236.074891832846	0.9999910607690339	0.0000981746074858953
56236.095324450645	1.000007004332388	0.0000981746298456457
56236.11575716822	1.0000527430975064	0.00009817539042871501
56236.13618968579	1.000324974399953	0.0000981849361809484
56236.15662230336	0.9999194234406362	0.00009817187085466614
56236.1770550207	0.9999730615061764	0.00009817281654175968
56236.197487537924	0.9999390065717986	0.00009817051946026871
56236.21792025514	1.0001830116433437	0.00009818098007293006
56236.23835287225	1.0000484058528256	0.00009817248899377296
56236.25878538924	1.0000281756587506	0.00009817259965021126
56236.27921810611	0.9999099827213692	0.00009816929501071562
56236.299650722984	0.999835554603758	0.00009816582653167734
56236.320083339626	0.9999517728013104	0.00009816992743701808
56236.34051595626	1.0000570742685697	0.00009817465468741553
56236.36094857279	1.0002947406117622	0.00009818212175961581
56236.381381189196	0.9999250444046783	0.00009816993730814958
56236.4018138056	1.0000955624327066	0.00009817368895384075
56236.422246421775	0.9998966066332008	0.00009816829735682384
56236.44267903795	1.000072122304224	0.00009817481898542382
56236.463111654004	0.9999320063934231	0.00009816846471562751
56236.48354426995	0.9991194569962825	0.00009814113600175533
56236.503976885884	0.995973025242718	0.00009799549296545341
56236.524409501595	0.9944637109667174	0.00009794065903579137
56236.544842117306	0.9937111537585135	0.00009791162482171305
56236.565274832894	0.9933673048138686	0.00009789944980993494
56236.58570734837	0.9929497288202502	0.0000978843023568987
56236.60613996373	0.9929405092297171	0.0000978832851025608
56236.64700519433	0.9924137276583186	0.00009786505100159108
56236.66743780946	0.9924681142109094	0.0000978667940636939
56236.68787052447	0.992394646913768	0.00009786477321600072
56236.70830303936	0.992144030078681	0.00009785480788676777
56236.72873575426	0.9924770752593223	0.0000978690950731609
56236.74916836903	0.9925062819879671	0.00009787002579490625
56236.769600883694	0.9925529805126412	0.00009787241513736548
56236.79003359824	0.9926300522300346	0.00009787392273144745
56236.810466212664	0.9926099977676098	0.00009787361309340328
56236.830898727094	0.9931149433714545	0.0000978924728990026
56236.85133144141	0.9934973203172852	0.00009790672725822205
56236.8717640556	0.993882289880349	0.0000979221345395982
56236.89219666968	0.9950531542590945	0.00009796587638658283
56236.91262928376	0.998104349227009	0.00009810488121318628
56236.95349461145	1.0000811306421964	0.00009817807801330013
56236.9739272253	1.0001037344856025	0.00009817916132237691
56236.99435973891	0.9998462447460307	0.00009817163833571222
56237.014792452406	0.9998214728743073	0.00009816911711890609
56237.035225065905	0.9998815945101645	0.00009817165495683529
56237.07609029266	0.9998972155282706	0.00009817367405386436
56237.09652290581	0.9999308359244912	0.0000981761496748141
56237.116955418955	0.9998512301623413	0.00009817366021953719
56237.13738813199	0.9999738931857314	0.00009817742235257389
56237.157820644905	0.9998929740358347	0.00009817636910923309
56237.1986859705	1.000113853184617	0.00009818480406448896
56237.239551195744	1.000054391797443	0.00009818340709833808
56237.259983808195	1.000220826686395	0.00009818884005308358
56237.280416320646	1.0001584543808066	0.00009818788208082234
56237.300849032974	1.0000261909663957	0.00009818252465774115