56394.88241792705	0.9999814514265175	0.00009639362419511631
56394.92328664237	0.9999828258730444	0.00009639372618281724
56394.943721150354	0.9999724061751634	0.00009639211063639084
56394.96415545851	0.9998584960288973	0.00009638680503618849
56394.98458986684	0.9998433735238957	0.00009638686716487429
56395.0254587842	1.0000383627558416	0.00009639185607579209
56395.045893193106	0.9998771276052159	0.00009638877018726024
56395.06632760225	1.0001056951285852	0.00009639332541004484
56395.086761911574	1.0000141359806436	0.00009638959949076904
56395.1480651407	0.9999796619743111	0.00009638729459784319
56395.16849965077	1.0000562858465594	0.00009639015406782224
56395.18893406108	0.9997944112651304	0.000096379464445565
56395.22980288222	1.000201551577733	0.0000963935126639665
56395.25023729311	1.0000311099446733	0.00009638686641487249
56395.27067180418	1.0000186611962516	0.00009638581950813898
56395.291106115415	1.0000408281115594	0.00009638583785548998
56395.31154052689	1.0001029845845106	0.00009638755300955694
56395.33197503854	1.0000572150634508	0.00009638639657229701
56395.35240935036	0.9999746930912572	0.0000963823573770491
56395.37284386236	0.9998833153261381	0.0000963773756348718
56395.39327827459	0.9999490666257416	0.0000963791308789984
56395.41371258699	0.9998514637371646	0.00009637484754473784
56395.43414709957	1.000132919290266	0.00009638405100076023
56395.454581512386	0.9997465705640189	0.0000963711465715296
56395.47501582537	0.9998644680036001	0.00009637363483991392
56395.49545033853	0.9999849795434387	0.00009637760406594691
56395.51588475187	1.0000846696907142	0.00009638124095812604
56395.53631916543	1.000070270706404	0.00009638081542332372
56395.55675357918	1.0000223639652994	0.00009637663775424897
56395.597622507245	0.9998990991813683	0.00009637129451645155
56395.61805682157	0.9999058138857532	0.00009637018116155318
56395.63849123607	1.0001753299458371	0.00009638140868839492
56395.658925750744	0.9998798242515603	0.00009637001067921322
56395.67936016565	1.0000942944749232	0.00009637733561620699
56395.69979448074	1.0000574364055639	0.00009637456363643299
56395.72022899605	0.9998413367345578	0.00009636528767879114
56395.74066331148	0.9997879088718773	0.00009636395801557481
56395.76109782714	1.0000854908379295	0.00009637307674492436
56395.78153224298	0.9998803033483584	0.00009636539753482822
56395.801966558996	0.9999391339200627	0.00009636597518845617
56395.822401075246	1.0000212529794401	0.00009636825653634303
56395.8428354916	1.0001684957509374	0.00009637352724127303
56395.8632698082	0.9998826073978186	0.00009636197892967976
56395.883704325024	0.9999508896901262	0.00009636545959975783
56395.90413874197	1.000062441076187	0.00009636765547807824
56395.92457305915	0.9999831472749919	0.0000963643149336848
56395.945007576505	0.9998218564780427	0.0000963574524688605
56395.965441994085	0.9999235793715063	0.00009636113241647004
56395.98587651179	0.9999205297599201	0.00009636236396996647
56396.00631082972	1.000043791650354	0.00009636289182672052
56396.02674524783	1.000008593357892	0.00009636260151766137
56396.047179766116	1.000222040982959	0.00009636808036912364
56396.06761408463	0.9998710306486536	0.00009635604462114399
56396.08804850332	1.0000794280769014	0.00009636227544393773
56396.10848302219	1.0002825192027816	0.00009637012188253496
56396.12891734122	1.0001336403825118	0.00009636395490499985
56396.14935186044	1.000119234276473	0.00009636228450979232
56396.16978627989	1.0001585731270701	0.00009636093392908844
56396.19022069951	1.000040347539946	0.00009635790676015357
56396.21065511931	0.9999724303722154	0.00009635559004630379
56396.23108953928	1.0000345143338139	0.0000963582984829631
56396.25152395948	1.0000536761697385	0.00009635995062668501
56396.27195837986	1.0001454673168155	0.00009636392022230191
56396.29239280042	1.0001441981110883	0.00009636276055511109
56396.31282722114	1.0000325472013634	0.00009635961592336525
56396.333261742104	0.9999829188238318	0.0000963576649181873
56396.35369606318	1.0000155650547926	0.00009635799774648743
56396.37413048449	0.9997821482346572	0.00009634873899618164
56396.394564905975	0.9999801830845583	0.000096356978822947
56396.414999327695	1.0000542854090033	0.00009635972357586116
56396.435433849525	1.0001061853910753	0.00009636149417249595
56396.47630259384	1.0000541015976434	0.00009635782260536627
56396.49673711625	1.0000513180379105	0.0000963559375749362
56396.51717143884	1.0000744820815217	0.0000963564292780437
56396.53760596167	1.0000191891559953	0.00009635418076630112
56396.55804038466	0.9999774560325719	0.00009635021334275825
56396.57847470778	0.9999905857982483	0.00009634951786209414
56396.59890923112	1.0001494421145785	0.00009635449213072753
56396.619343654704	0.999969302553927	0.00009634625211643584
56396.6397779784	1.0000566161891666	0.00009635045088589055
56396.660212502335	0.999994008940325	0.00009634627715554019
56396.680646926434	1.0001447000004329	0.0000963519148949686
56396.72151577516	0.9999504449683585	0.00009634036840603391
56396.741950199794	0.999937624100944	0.0000963424118125227
56396.782819049695	0.999930607670361	0.00009633856831702578
56396.82368800029	0.9999913679017306	0.00009634071292633829
56396.84412242584	1.0000129928721466	0.00009634038421168398
56396.86455675158	1.0000843183358192	0.00009634121697373126
56396.88499127755	0.9999627934701095	0.00009633589247205731
56396.905425703684	0.9999114237964564	0.00009633426464053295
56396.92586013	0.9999952828422478	0.0000963374575298662
56396.946294556496	0.9998746414726304	0.0000963334149622528
56396.966728983156	1.0000425243278053	0.00009633745649431969
56396.98716341	0.9999622617740498	0.00009633342524669298
56397.00759783707	1.0000793247878688	0.00009633709934634746
56397.02803226426	0.9998896891768229	0.00009633055571788297
56397.04846669168	0.9999932011827252	0.0000963348888397722
56397.06890111928	1.0001103530841238	0.0000963394480933293
56397.08933564705	0.9998567391684027	0.00009632928184817656
56397.10976997505	1.0001056073544423	0.00009633648982219337
56397.130204403176	0.9998275121765879	0.00009632642598793778
56397.150638931525	1.0002037293242283	0.00009633831817696713
56397.17107326	1.0000501207778887	0.0000963321127789619
56397.1915076887	1.0000258125497057	0.00009633076127405265
56397.211942217575	0.99992947216268	0.00009632566114372478
56397.23237654663	1.0000798187230253	0.00009633016304811618
56397.252810975915	1.0000805034108062	0.00009633052612015952
56397.27324550531	0.9998912711016151	0.00009632287368231525
56397.3141143647	0.9998957060177239	0.00009631963931536101
56397.35498312484	0.9996275747430178	0.00009630882916477395
56397.375417655174	0.9965954934334912	0.00009619648346234661
56397.395852085676	0.9946071391262248	0.00009612174696345373
56397.43672094728	0.993431662746341	0.00009607564709782075
56397.4571553783	0.99333136262323	0.00009607283488460166
56397.47758990957	0.9930882851881137	0.00009605443740048726
56397.49802434095	0.9928274381481034	0.00009605156866242076
56397.51845867256	0.992494804778867	0.00009604012177212646
56397.55932763631	0.9925034175707913	0.00009602988903662208
56397.579761968445	0.9923049189225868	0.00009601431352778496
56397.60019650082	0.9926324291963774	0.00009602577914787788
56397.62063093331	0.993459924933376	0.00009605546059875766
56397.64106526596	0.9929690912044875	0.00009603612769107129
56397.66149979886	0.9926546168462933	0.00009602392131443516
56397.68193413193	0.9927500326880705	0.00009602605998246598
56397.70236866511	0.9930476857811694	0.00009603578885148995
56397.72280309853	0.9937037206636608	0.0000960590706244517
56397.74323743212	0.9940291855219455	0.00009607387621825973
56397.763671965884	0.9948280612091781	0.00009610004388162138
56397.78410639983	0.9973951611381996	0.00009620684574403799
56397.804540733945	0.9997326982983428	0.00009629513621822093
56397.84540970276	0.9999236210878211	0.00009630050744465237
56397.86584423739	0.99996257125382	0.00009630020824235048
56397.88627857227	0.9999762116254313	0.00009630047993563146
56397.90671300726	0.9999757785533155	0.00009630219955658003
56397.927147542476	1.0000625192890522	0.00009630321699591412
56397.947581877874	1.0001872515424022	0.00009630858306141045
56397.96801631345	0.9999505712045887	0.0000962967124089888
56397.98845084913	0.9999238760828725	0.000096296522847608
56398.00888518505	1.0001260671156362	0.00009630205165923533
56398.02931962115	1.0000251770693187	0.00009628583776494557
56398.049754157415	1.00002555387369	0.00009628287522117534
56398.07018859392	0.9999843887330582	0.00009629515861722122
56398.09062303054	1.0000009163557873	0.00009628180115819813
56398.11105746733	0.9998641119405621	0.00009627723428797902
56398.1314919043	0.9998326377349183	0.00009628201948743822
56398.1519263415	0.999942720335154	0.00009629531945492334
56398.172360778815	0.9997506526087718	0.00009627090627193869
56398.19279521631	0.9999136201188333	0.00009629198294259729
56398.21322975404	0.9999742746628406	0.00009627884366346362
56398.23366409187	1.000250424599083	0.00009630282372415285
56398.25409862995	1.000127712317343	0.00009629711684684949
56398.2745330682	0.9997176764886961	0.00009627485083417077
56398.29496740656	1.0000077320749319	0.00009629246608520776
56398.31540194516	0.999937007887822	0.00009629033484304527
56398.335836283935	1.0000460114532839	0.00009629259006502603
56398.35627072282	0.999905080671064	0.00009628785905606306
56398.39713960124	0.9998362254783129	0.0000962829120547396
56398.41757404071	0.9997183853866093	0.00009627864916223601
56398.43800858036	0.9999329500779255	0.00009628596020312985
56398.45844292018	1.0000480728617365	0.00009628946057363756
56398.47887746017	1.0000117804264212	0.00009628807277768157
56398.49931190034	1.0000963001572267	0.00009628987870774091
56398.51974624069	0.999939306287575	0.00009628399954659965
56398.5401807812	1.0000356624744804	0.00009628639234200314
56398.5606152219	1.0001586208036222	0.00009629000704863198
56398.58104966277	0.9999038800068354	0.00009627994171848714
56398.601484103805	1.000044853482113	0.00009628384529551093
56398.621918545025	1.0000549292101029	0.00009628570387195591
56398.64235308641	1.0003435006819756	0.00009629539835496814
56398.66278742798	1.0001111612588698	0.00009628544134294395
56398.683221869724	1.000054499469357	0.00009628192769986763
56398.70365641164	1.0000417395365286	0.00009628141857449433
56398.72409085373	1.0000611663211723	0.00009628087644563951
56398.744525195994	1.0001732074898473	0.00009628448502709667
56398.76495973843	1.0001837062590153	0.00009628330962380907
56398.785394181046	0.9999826212768064	0.00009627658251270554
56398.805828623896	1.0000355697410275	0.0000962766997896451
56398.82626306686	1.0001013576752953	0.00009627755799845582
56398.846697509995	1.0000159255771126	0.00009627383332242656
56398.86713205331	0.9999436350251191	0.00009627090709027293
56398.88756639679	1.0000955570063523	0.00009627533520660197
56398.908000840456	0.9999762433208979	0.00009627083123749172
56398.928435384296	0.9999492237791294	0.00009626810013512305
56398.9488697283	1.000189893932516	0.00009627655133515109
56398.96930417249	0.9997898658010412	0.00009626072495058543
56398.98973861685	1.0001897636504054	0.00009627395968726982
56399.01017306138	1.0000383676343108	0.00009626859041192484
56399.030607606095	1.0000804502829108	0.00009626883363460864
56399.05104195092	1.0002290804092784	0.0000962741162788046
56399.07147639598	0.9998729140349017	0.00009625985625970119
56399.09191094121	1.0000774641678796	0.00009626689783686711
56399.11234528662	1.0000133611669997	0.00009626371426849694
56399.1327797322	1.0001219305858187	0.0000962668195158777
56399.1532142779	0.9998349988085259	0.00009625507044502544
56399.17364862384	1.0000208679094278	0.00009626053140917676
56399.19408316994	0.9996971096889008	0.00009624835392991609
56399.214517616165	0.9998345140376339	0.00009625344364775478
56399.23495196262	1.0001672722332573	0.00009626375655883162
56399.25538650919	0.999861678590969	0.00009625168784132015
56399.275820956	1.0001087348447981	0.0000962583757717874
56399.29625540292	1.0000689553903113	0.00009625681155910369
56399.31668985007	1.0001166357472555	0.00009625951988641986
56399.337124297344	1.0002633817820925	0.00009626296006259956
56399.35755874479	0.9998064151972476	0.00009624546441104869
56399.37799329241	1.00000537371555	0.00009625212194713269
56399.39842764026	0.9998758701514677	0.00009624710247956786
56399.418862188235	0.9999656657400204	0.00009625002258362644
56399.439296636374	0.9998011440545247	0.00009624229749264039
56399.459730984636	0.9999653988803298	0.00009624706085209115
56399.48016553318	0.999673861105596	0.00009623743282422968
56399.500599981795	1.0001312435430199	0.00009625106329470563
56399.52103433064	0.9999212227702602	0.00009624423038662347
56399.54146887966	0.9999863502540624	0.00009624712466516456
56399.56190332879	0.9999353701936143	0.00009624203329255379
56399.582337778156	0.9998321259534939	0.00009623892421455402
56399.602772227634	1.0000507777418792	0.00009624550793831727
56399.62320657735	1.0001193573289462	0.00009624786437923
56399.643641127186	1.0000026648745335	0.000096241594466778
56399.664075577195	0.9999519249667889	0.00009623883100581281
56399.70494447773	1.0000924281335832	0.00009623046553311322
56399.725378928255	0.9999643307104714	0.00009623898914952025
56399.74581337896	0.9999534419924072	0.00009623774179030478
56399.766247829844	0.9999921127727446	0.00009623677064067891
56399.7866822809	0.9999227010746602	0.00009623298277664772
56399.807116832126	0.9999806002419499	0.0000962351533519783
56399.84798563499	1.0001928762622017	0.00009624128628136727
56399.86842018674	0.9999163212586991	0.00009622971559864645
56399.888854638615	1.0000435825278327	0.00009623518074213955
56399.929723542875	0.9999007486152455	0.00009622825884643409
56399.970592447775	0.9999521453886057	0.00009622957055596864
56400.01146135344	0.9999301733876784	0.00009621198092884025
56400.03189580647	1.00003531613177	0.00009621469027419163
56400.05233025968	0.9999761194595284	0.00009620154989632431
56400.07276471312	0.999895076318685	0.00009619621272799472
56400.11363362041	1.0001697002719852	0.00009620595795066486
56400.13406817426	0.999864891233731	0.00009619292162374418
56400.154502628335	1.00021869311675	0.00009620638049038205
56400.17493698259	1.0000367931476628	0.00009619800086988438
56400.19537153697	0.9999764495366898	0.00009620792690042586
56400.21580599151	1.0000146387057554	0.00009619737805149767
56400.23624034629	0.9999459384982603	0.00009619278841434077
56400.25667490119	1.0000719512264435	0.00009619926581032971
56400.277109256254	0.9999243024126531	0.00009619115595112437
56400.297543711444	0.9999631426311033	0.00009619174242614613