55751.350889913054	1.0000472796403157	0.00009424522103761386
55751.37132410549	0.9999923808669371	0.00009424490701230737
55751.39175809769	1.000046892936919	0.00009425041629819039
55751.41219228966	0.9998474100913632	0.00009424448738855808
55751.43262638117	1.0000186319042526	0.00009425256970742303
55751.453060372674	1.0000719502021822	0.00009425562348924237
55751.47349456372	1.0000757930704722	0.00009425942201543206
55751.49392865452	1.0000785955755311	0.00009426183764688256
55751.51436264486	0.9999698575110808	0.00009425818487680458
55751.5347968352	1.0000210883085254	0.00009426232250294962
55751.55523092508	1.0000724634238094	0.00009426591804627338
55751.57566491472	0.9999545478138702	0.00009426283998025754
55751.596099104136	0.9998971391369792	0.00009426245744114204
55751.61653319331	1.0000965447720647	0.00009427215612668261
55751.636967382256	0.9998271827556274	0.00009426480761469503
55751.65740137073	0.9997457289569681	0.00009426259342887299
55751.67783545898	1.0001686870723785	0.00009427991438487782
55751.69826964699	0.9999488259572236	0.00009427288584444437
55751.71870363477	0.9999995420288184	0.00009426726370102189
55751.73913772232	0.9999551972894828	0.00009425700581073669
55751.7595718094	1.000120000939636	0.00009426516337651533
55751.780005896246	1.0000118033773568	0.00009428125501143271
55751.82087406925	1.000165206070046	0.00009427268313454875
55751.841308155395	0.9999191775803922	0.00009426428154692377
55751.861742241315	1.0001475220706806	0.00009427546030953389
55751.902610411984	0.9998536848945477	0.00009426894406630437
55751.92304459697	0.9999880389156258	0.000094272113760623
55751.94347868173	1.0000369964253237	0.00009427558644991031
55751.96391266601	1.0000241214393717	0.00009427588726344475
55751.9843468503	0.9999945768923194	0.00009427647223943414
55752.00478093413	0.99994998844791	0.00009427665475108906
55752.02521491771	0.9998048761324794	0.00009427206414353672
55752.04564910084	0.999848805393765	0.00009426823354635852
55752.06608318396	0.999973810231905	0.00009428173723142555
55752.086517166616	0.9997823442531132	0.00009427644794944643
55752.10695134928	1.0001037601389562	0.00009428950680821957
55752.12738543147	1.0001409814977638	0.00009427626809429885
55752.147819613194	0.9999747369018708	0.00009427931462784173
55752.20912185744	1.000199885008	0.00009431538758267251
55752.22955583824	0.9998805757595151	0.00009429014443146162
55752.2704240989	0.9999874051621119	0.00009428803058382978
55752.33172633802	0.999908345575133	0.00009428868258925637
55752.35216041719	1.000043049791574	0.00009430509755373885
55752.39302857459	1.0000914864373542	0.0000943002581517841
55752.413462552824	1.0000908698992568	0.00009429227561617176
55752.43389673083	0.9999929782227388	0.00009428957135860496
55752.45433080859	0.9998096894441236	0.00009428500375808656
55752.47476478613	1.0001343820339146	0.00009429749679142708
55752.495198963195	1.0000883847610818	0.00009429752840326149
55752.515633040035	0.9999680935819304	0.00009429520314892378
55752.53606701664	1.0000816406144395	0.00009430080473743924
55752.556501193016	1.0000345132408672	0.00009430093736913049
55752.57693526915	1.0001163393647254	0.00009430705638729647
55752.597369244824	1.0001969577137904	0.00009430929080638456
55752.61780342049	0.9999465299769509	0.00009430252914755911
55752.6382374957	0.9998305162822226	0.00009429968026808938
55752.65867167068	0.9999743999401479	0.00009430756700269512
55752.67910564519	1.0000487707730685	0.00009431146440929344
55752.699539719695	1.000163547658985	0.0000943172530523616
55752.740407867546	1.0001117510067161	0.00009431904105214254
55752.760841941126	0.9999540311606685	0.00009431452201058772
55752.781276114474	0.9999571554931748	0.00009431602800076929
55752.80171018735	1.0000027899894928	0.0000943203192987404
55752.822144159996	1.0001309032595431	0.00009432699354367258
55752.842578332646	0.9999400387745272	0.00009432120629199685
55752.86301240459	1.0001574786487721	0.00009433051946286493
55752.88344637654	0.9999159416671615	0.0000943240831647494
55752.903880548256	1.0000723327069718	0.0000943312533288882
55752.9243146195	0.999925974939414	0.00009432942822691027
55752.94474879052	1.0000731090966235	0.00009433545242688081
55752.98561683162	0.9999241159949704	0.00009433393018671286
55753.00605090194	1.0002136166304418	0.00009434651606288328
55753.02648497179	0.9999477978946472	0.00009433859805754223
55753.04691904141	0.9997988039173774	0.00009433418245776822
55753.0673531108	0.9999158009547635	0.00009434106146906988
55753.08778717972	0.9999305912620927	0.00009434255793788208
55753.108221248636	0.9999592486342858	0.00009434627978083598
55753.128655317094	1.000010617599823	0.00009434988733846167
55753.14908938532	0.9999382462982721	0.0000943490979762605
55753.169523553304	0.9998953481775908	0.00009435058360535614
55753.210391588356	0.9999661234208002	0.00009435577349601061
55753.23082575541	1.0000656974390283	0.00009436235061821539
55753.25125972224	1.0000625365139675	0.00009436341135395386
55753.27169378883	1.000010453464595	0.00009436361087809707
55753.292127954956	0.9999342246726319	0.00009436184458931586
55753.312562021085	0.999994353436048	0.00009436624070196194
55753.33299598675	1.0001683088953457	0.0000943749363622673
55753.35343015217	0.9999282499437393	0.00009436808423410065
55753.37386421737	0.9999265043023144	0.00009436926702874732
55753.3942981821	1.0000573836995157	0.00009437612742776923
55753.414732346595	0.9998740480819921	0.00009437035725288725
55753.435166411095	0.9999386002364541	0.0000943760364529357
55753.45560047513	1.0000526687385713	0.00009438235473716139
55753.47603453869	0.9999226251663142	0.00009437909841679952
55753.49646860226	0.9998287324632616	0.00009437794002041563
55753.51690276536	1.00017654830082	0.00009439207193601609
55753.53733672822	0.9999428116579596	0.00009438607918348876
55753.55777079086	0.9999888087199895	0.00009438936026464999
55753.57820495326	0.9999703063655248	0.00009438987171470005
55753.598638915195	0.9998465575809007	0.00009438686490600629
55753.639507138374	0.9998905684758653	0.0000943925308268326
55753.659941099606	0.9999623751189983	0.00009439709604357764
55753.68037516061	1.0000668737468716	0.00009440296132505444
55753.70080932115	1.0001658873648775	0.00009440930942217332
55753.721243281456	1.0000698635860894	0.00009440732643041377
55753.74167744153	0.9999605766732176	0.00009440490437518109
55753.762111501375	0.9998957831195313	0.00009440382625090058
55753.80297962012	1.0000267167503207	0.00009441297332444654
55753.82341357903	0.9996691656396589	0.00009440121889947334
55753.843847637705	0.9966174113261989	0.0000942870159593995
55753.90514981187	0.9935320759594986	0.00009417660362739804
55753.92558396939	0.9930658196146139	0.0000941602724496143
55753.94601802666	0.9927309165551575	0.00009414861968597077
55753.96645208371	0.9927140135454114	0.00009414950698673253
55753.986886140294	0.9926622266655626	0.00009415014717648743
55754.00732019688	0.9926241266679258	0.00009415139186689772
55754.02775435299	0.9923220642762384	0.0000941413959995991
55754.04818830864	0.9923900102564894	0.00009414631254393124
55754.068622364284	0.9925483283089346	0.00009415385963766238
55754.08905651947	0.9923523331093411	0.00009414684975323362
55754.109490474424	0.9926985182906541	0.00009416281232600705
55754.12992452914	0.992870440606847	0.00009416981272957774
55754.150358683626	0.9929304632209565	0.0000941761972367139
55754.17079263765	0.9932232216844027	0.00009418758436777884
55754.19122669166	0.9935522646044666	0.00009420137250577556
55754.21166084522	0.9939957998335797	0.00009421969203879607
55754.23209479854	0.9948617117383007	0.00009425630320709379
55754.252528951394	0.997491788536815	0.00009437039380717482
55754.293396956644	1.0001530309153197	0.0000944793577465676
55754.3138311088	1.000098090584378	0.00009447394845826699
55754.33426516072	0.9999268891244922	0.00009446889074958725
55754.354699212185	1.0001691156939938	0.00009447846521018912
55754.375133263406	1.0001519437544852	0.00009447981264659363
55754.395567314634	1.0001920727911875	0.00009448184682931982
55754.41600126516	1.0000149955201065	0.0000944784754467841
55754.436435415686	0.999966860164648	0.00009447681630829479
55754.45686946575	0.9999866928462566	0.00009447889700634332
55754.477303515814	1.0000567072273625	0.00009448342816899238
55754.497737565405	1.0000802709924508	0.00009448581448473763
55754.51817161454	0.9999322906135477	0.00009448230105935279
55754.538605763664	1.0000280208664727	0.0000944864458467764
55754.55903971233	0.9999155330363995	0.00009448350502129111
55754.579473760765	1.0000651880498028	0.00009449007839502853
55754.59990790897	0.9999314711152671	0.00009448632977634401
55754.62034185693	1.000173278417042	0.00009449699283974013
55754.64077590466	0.9999180546964774	0.00009448823336702893
55754.66121005193	0.9998750368964421	0.0000944889446795433
55754.68164399896	1.0000557673280366	0.00009449712331545827
55754.70207804577	1.000053275304353	0.00009449751608210377
55754.72251219211	0.999911208971375	0.00009449354491369895
55754.74294613844	0.9999993959510273	0.00009449829899213543
55754.76338028431	0.9999881162554437	0.00009449882859270431
55754.783814329945	1.0000695183369843	0.00009450273884770357
55754.80424827512	0.9999921878640171	0.00009450154983670933
55754.824682420294	0.9999687788446844	0.00009450313211859102
55754.845116465	0.9998128420677413	0.00009449899378094222
55754.86555050947	1.0000531717233343	0.00009450949734064135
55754.885984553715	1.000042412728202	0.00009451075542912406
55754.906418597486	1.0000507502215696	0.00009451044315422843
55754.92685264126	0.9999467675875312	0.00009450859564412948
55754.947286684575	0.9998781189188307	0.00009450797940033143
55754.967720727655	0.9999551544847792	0.00009451115374319335
55754.98815477026	0.9999018149476098	0.0000945122647732705
55755.008588912875	0.9999306068134179	0.00009451296119243972
55755.04945699693	1.000159394125792	0.00009452499619175466
55755.06989093861	0.9999412342999059	0.00009451791745399299
55755.09032497983	0.9998037823198318	0.00009451448379055755
55755.11075912104	0.9999753540816481	0.0000945215200993574
55755.13119306179	1.000062058426205	0.00009452571381732984
55755.1516271023	1.0001669871877028	0.00009453222976521591
55755.17206124235	1.0000602268121617	0.00009454009467264399
55755.192495182404	1.0001611712988958	0.0000945453954746913
55755.21292922199	0.9999797264346507	0.00009452952012978497
55755.23336336134	0.9999918495305754	0.0000945427844553371
55755.25379730046	1.000033988647234	0.0000945454971031931
55755.27423143911	0.9999434988636055	0.00009454382607189481
55755.29466547753	1.0000638166800728	0.00009454940484844038
55755.31509941595	1.000200848534799	0.00009455563951449613
55755.33553355367	0.9999600431716145	0.00009454778375990061
55755.35596759139	1.0001701793392088	0.00009455621951124224
55755.37640162865	0.9999276400668567	0.00009454937762290814
55755.41726970246	1.0000351564016616	0.00009455740818594667
55755.43770373902	1.0000082402053354	0.00009455619618582405
55755.45813777534	0.9997686792462529	0.0000945497505516705
55755.4785718112	1.000046421286738	0.0000945609509954509
55755.49900584683	0.9998370827898151	0.00009455590547262275
55755.51943998222	0.9997485190454005	0.00009455346905701416
55755.56030805185	1.0000199193602983	0.00009456613653237776
55755.58074208654	1.0001934136500357	0.0000945745523509022
55755.60117602054	1.0000422848339663	0.00009456953550606124
55755.621610154536	1.0000112697773225	0.00009457246385401194
55755.64204418806	0.999985840637742	0.00009457087500478964
55755.662478121594	0.9999210586278439	0.00009457029963477493
55755.68291225466	0.9999895800826282	0.00009457470022935586
55755.70334628726	0.9999008008650232	0.00009457299149743285
55755.72378021986	0.9999752305843647	0.00009457823143484125
55755.744214351995	0.9999775787399382	0.00009457921891727286
55755.76464838389	0.9999646772988667	0.000094580579505964
55755.78508231556	0.9999627803157776	0.0000945825322003855
55755.805516446766	1.0000567995172234	0.00009458676122661068
55755.82595037796	1.0001514854782734	0.00009459153575939727
55755.8463845087	0.9999431362390707	0.00009458568689041266
55755.866818538976	0.9999124801071534	0.00009458678578733617
55755.88725256924	1.000061453914913	0.00009459345945340353
55755.90768659905	1.0000049820168027	0.00009459349970560538
55755.92812062886	0.9999532019921473	0.0000945932056732663
55755.94855465796	1.0000659746101837	0.00009459748087285463
55755.96898868707	0.9999643836927765	0.00009459649295320042
55755.989422715946	0.9999652711037762	0.00009459863027039392
55756.00985674435	0.9999509454777321	0.00009459982987227739
55756.05072480024	0.9999889929288536	0.00009460541276288338
55756.071158927945	1.0001276762891194	0.00009460986316686207
55756.13246100898	0.9999600171066563	0.00009460982059538468
55756.15289503553	1.0000760452973383	0.00009461659252162339
55756.17332896161	0.9998815413638553	0.00009461020318165742
55756.19376308745	0.9999714183025303	0.00009461652473404593
55756.21419711307	1.0000615840446736	0.00009462032412507285
55756.23463103822	0.9999375241552519	0.00009461804350475462
55756.255065163365	0.9999188237856906	0.00009461788855725455
55756.27549918805	0.9999126700026146	0.00009461964943672904
55756.2959331125	1.0002714384890272	0.0000946342112861651
55756.316367236715	0.9998711517111211	0.00009462152085951501
55756.33680126047	1.0000898383448684	0.00009463168296224471
55756.357235383985	0.999829384958892	0.00009462345336839674
55756.37766930727	1.0001358738223127	0.0000946363635539362
55756.39810333033	1.0000031855022893	0.00009463289621782466
55756.41853735292	1.000026747123923	0.00009463536795188457
55756.43897137527	0.9999885187790833	0.00009463557727145829
55756.45940539739	1.0001210369211673	0.00009464253967887687
55756.47983941928	1.0002544733641239	0.00009464896534113741
55756.500273440935	1.0000648758216057	0.00009464329052567847
55756.52070746213	1.0001580113589426	0.00009464798472189606
55756.54114148308	0.9999183364529245	0.00009464167892152195
55756.56157550381	1.0000062978149433	0.00009464546918531446
55756.58200952407	0.9999344770469022	0.00009464568878840534
55756.602443644326	0.9998853077780773	0.00009464282985535036
55756.62287756412	0.9997855851267435	0.00009463974062729044
55756.643311683685	0.999988957862624	0.00009464890265912054
55756.663745702775	0.9999366035589207	0.00009464895458782629
55756.68417962187	1.0000051207392187	0.00009465337093703568
55756.704613740505	0.99996222586578	0.00009465175080664031
55756.725047758664	1.000150691744643	0.00009466000644380371
55756.74548167683	1.000017127035031	0.00009465641587781273
55756.76591579453	0.999939755452706	0.00009465334492458404