56233.99076379658	1.000132141691646	0.00009824019643322276
56234.01119652475	1.0001218609716314	0.00009823834827211875
56234.0316291528	0.9997925033789229	0.0000982261241976937
56234.052061680726	1.0001590519574612	0.00009823833491733814
56234.072494408545	0.9999562714981788	0.00009824309763224125
56234.09292703624	0.9998713705254193	0.00009822842898048533
56234.11335976394	0.9998293162481131	0.00009823574061688069
56234.13379229141	1.0000239671200486	0.00009823209889348749
56234.15422491888	0.9997712713425341	0.00009822269304577112
56234.17465764611	1.0000152041622499	0.00009822941345546489
56234.21552280034	1.000126597741893	0.00009823265957891844
56234.23595552734	0.9998531966910186	0.00009822366405271921
56234.25638805423	1.0000418697383575	0.00009823067025391648
56234.276820681	1.0000044715711418	0.00009822787683403853
56234.29725340765	0.9998553614615566	0.000098222872584255
56234.317686034185	0.9999573061029362	0.00009822567493991707
56234.3381185606	1.0000603739052867	0.0000982281830653784
56234.3585512869	0.9999268451347981	0.00009822333072908373
56234.37898391309	1.000076367055392	0.00009823872984725798
56234.39941653927	1.0000948657629136	0.00009822718593645144
56234.41984916523	1.0000276629980533	0.00009822428298726467
56234.44028179118	1.0001110106614284	0.00009822597627964505
56234.460714417015	1.0000617014066153	0.00009823510078076505
56234.48114704274	0.9999585237644703	0.00009822117482778377
56234.50157956834	0.9996832945773002	0.00009820976403633581
56234.52201229371	0.9999509644601978	0.00009823101146735738
56234.5424449192	0.999941408118577	0.00009822788317963482
56234.562877444456	1.0001062510346987	0.00009823580968567313
56234.58331016959	1.0000802067416763	0.00009823356041336947
56234.60374279473	1.0000259119504533	0.00009823117509861288
56234.62417551964	0.9998894720368741	0.00009822031042918239
56234.64460804454	0.9998968683052512	0.00009822418271723044
56234.66504066921	0.99993717311188	0.00009822674458333263
56234.68547339389	0.9997413921974012	0.00009821774749227615
56234.70590591844	1.0000019999073813	0.00009822672812291438
56234.72633854288	1.000007208099546	0.00009822656642228065
56234.74677126721	1.0000201738185746	0.00009821330046136066
56234.767203791525	0.9998904766776955	0.0000982203119688718
56234.78763641562	1.0000481347588308	0.00009822546626757077
56234.80806913971	1.0000483266316018	0.00009822593422793357
56234.828501763564	1.0002822791408146	0.00009823370060112137
56234.84893428742	0.9999938315944846	0.00009822140948741345
56234.86936701117	1.0000818429593497	0.00009821968753839728
56234.88979963479	0.9999193833867203	0.00009821768890501598
56234.9102322583	1.0000807434418217	0.00009821208513409761
56234.93066488169	0.9997526586902832	0.00009820877259623467
56234.95109750496	1.0000740396364527	0.0000982108765731124
56234.97153022824	0.9999950948400552	0.00009821350604795525
56234.9919627514	1.0001072884474473	0.00009820992311142956
56235.012395374324	1.0002893308920149	0.00009821708959614331
56235.03282809725	0.9999183075402649	0.00009820204737225033
56235.053260620065	1.0000581341900043	0.00009820789696950719
56235.07369324275	1.0000355945037538	0.00009820588607466252
56235.094125965334	1.0001350776577138	0.00009820815493695298
56235.114558487796	1.0001499238465132	0.00009820791974864418
56235.13499111025	0.9999615366633835	0.00009819964000751315
56235.1554237326	1.0000892959906604	0.0000982056663962879
56235.17585635471	0.9999694614815242	0.00009819794581627169
56235.19628907682	0.9997988709454476	0.00009819090651631328
56235.216721598816	1.000035060028407	0.00009819954524952642
56235.2371542207	0.9999507808452128	0.00009819441613893092
56235.257586942455	1.0001266239008761	0.00009820107474426319
56235.27801946422	0.9998063862185566	0.00009818887981396039
56235.29845208575	1.0000150637690346	0.00009819538510847167
56235.318884807275	1.0000837162394878	0.00009819910269227103
56235.33931742869	0.99991129573346	0.00009819125259801737
56235.35974994999	0.9999078016851928	0.00009819044315590472
56235.380182671164	1.000099857714628	0.00009819487472201105
56235.40061529223	0.9998865988879422	0.00009818799733269138
56235.42104791317	1.000085356620944	0.00009819412136327726
56235.46191315484	1.0001684171570793	0.00009819542354930117
56235.48234587555	1.0000609957210695	0.00009819082479493117
56235.50277839615	1.0001005839042354	0.00009819246020475267
56235.52321101663	1.000004278555444	0.00009818625490218954
56235.56407625736	1.0000719422723419	0.00009819048720993069
56235.584508877495	1.0000433821142192	0.00009818744386935624
56235.60494159762	1.0000103308021269	0.00009818626215034203
56235.62537411764	1.0001149446740563	0.0000981895097562379
56235.64580673754	0.9999552531575462	0.0000981803840217384
56235.66623945732	0.9998438351537561	0.00009817677028302259
56235.68667197699	1.0001464414398749	0.00009818855202544093
56235.70710469666	1.0000561796672074	0.00009818444608825247
56235.72753731609	1.0000517375083213	0.00009818296444622699
56235.747969835524	1.0001021216057884	0.00009818364390186185
56235.768402554844	1.0002239495537364	0.00009819038742580343
56235.78883507404	0.9999662237502165	0.00009817814917469248
56235.80926779313	0.9999644875125591	0.00009817759805240462
56235.829700412214	0.9999407618553379	0.00009817799423179025
56235.85013303106	1.0000313824387677	0.00009817793405131851
56235.870565549914	1.0000599805056531	0.00009817766274268071
56235.91143088727	0.9998999358020516	0.00009817205660954035
56235.93186350577	0.9999036647840059	0.00009817182189523769
56235.95229612428	0.9998774757700059	0.00009816986030859026
56235.97272874254	1.000110139749023	0.00009817676251253994
56235.99316136081	0.9999704054215586	0.00009817146709302872
56236.01359397897	1.0000361944947538	0.00009817318006153974
56236.034026597	0.9998650919894854	0.00009816816670745898
56236.054459314924	1.0000710960266361	0.00009817433220702401
56236.074891832846	0.9999485058685147	0.00009817042963789348
56236.095324450645	0.9999643213142482	0.00009817043948548977
56236.11575716822	1.0000102218262674	0.00009817121610647628
56236.13618968579	1.0002829010681549	0.00009818080655557339
56236.15662230336	0.9998781257623897	0.00009816781625762525
56236.1770550207	0.9999328221820231	0.00009816886602755091
56236.197487537924	0.9999001326968522	0.0000981667029589903
56236.21792025514	1.0001457969447691	0.00009817732696591203
56236.23835287225	1.0000131683165372	0.00009816902980457453
56236.25878538924	0.9999952130682368	0.00009816936371818381
56236.27921810611	0.999879597365574	0.00009816631183322104
56236.299650722984	0.9998080400256797	0.00009816312509613998
56236.320083339626	0.9999274140855902	0.00009816753602833242
56236.34051595626	1.0000361561091375	0.0000981726011715395
56236.36094857279	1.0002775373331025	0.00009818043320290204
56236.381381189196	0.9999118324603641	0.00009816864019517866
56236.4018138056	1.000086589622038	0.00009817280814408944
56236.422246421775	0.999892119443949	0.0000981678568115456
56236.44267903795	1.0000723482443994	0.00009817484116545994
56236.463111654004	0.9999371590379914	0.00009816897057722937
56236.48354426995	0.9991297238917476	0.00009814214449456076
56236.503976885884	0.9959885377420119	0.00009799701926684603
56236.524409501595	0.9944846237782751	0.00009794271865297366
56236.544842117306	0.9937376006335513	0.00009791423066597334
56236.565274832894	0.9933993948198965	0.00009790261238023428
56236.58570734837	0.9929875312131883	0.00009788802889083366
56236.60613996373	0.9929840824118007	0.00009788758051217002
56236.64700519433	0.9924688133444468	0.00009787048317502051
56236.66743780946	0.9925288954196277	0.0000978727876688802
56236.68787052447	0.9924610099732679	0.00009787131759407456
56236.70830303936	0.9922158099418371	0.00009786188750878468
56236.72873575426	0.9925541141862815	0.00009787669195399055
56236.74916836903	0.9925883050253552	0.00009787811400243766
56236.769600883694	0.992639679544408	0.00009788096424637597
56236.79003359824	0.9927210598505756	0.00009788289613780441
56236.810466212664	0.9927048695884827	0.00009788296767164696
56236.830898727094	0.9932132259386962	0.00009790216072377493
56236.85133144141	0.9935984244927546	0.00009791669082705099
56236.8717640556	0.993985558451874	0.00009793230906333963
56236.89219666968	0.9951579271699578	0.00009797619158430907
56236.91262928376	0.998209992613738	0.0000981152650291811
56236.95349461145	1.0001851744754007	0.00009818829200820531
56236.9739272253	1.0002052106769381	0.00009818912313635276
56236.99435973891	0.9999438641698674	0.00009818122326821738
56237.014792452406	0.999913876154302	0.00009817818988705728
56237.035225065905	0.9999672772115008	0.0000981800675655257
56237.07609029266	0.999964358117202	0.00009818026636609258
56237.09652290581	0.9999858695846391	0.0000981815530413888
56237.116955418955	0.9998920455580692	0.00009817766781253806
56237.13738813199	0.9999982254756268	0.00009817981129644346
56237.157820644905	0.9998983685546853	0.00009817689878019548
56237.1986859705	1.0000732658215736	0.00009818081945586144
56237.239551195744	0.9999556732838629	0.00009817371510549601
56237.259983808195	1.0000879186710276	0.00009817579285039142
56237.280416320646	0.9999876731119478	0.00009817111608637928
56237.300849032974	0.9998135993693563	0.00009816165242468678