56073.096449990866	1.0000093854943717	0.00009553595976194742
56073.11688464407	1.0000693084310657	0.00009554038135241015
56073.13731909728	0.9998976021685431	0.0000955363784617049
56073.157753650376	0.9999859090663494	0.0000955398387024912
56073.198622756325	1.0001075788280571	0.00009554577753872575
56073.21905740919	0.9998372656256539	0.00009553687109087665
56073.239491961926	0.999852339701943	0.00009553957924099816
56073.25992641467	0.9998491312693361	0.00009553986710242779
56073.2803610673	1.0001323508957851	0.0000955502687612559
56073.300795619805	0.9998995563461597	0.00009554297451082225
56073.32123007232	1.0002595616279555	0.0000955562357508995
56073.341664724714	1.0000325587010368	0.00009554916153828082
56073.36209927699	1.0001483549225516	0.00009555438522442252
56073.38253392927	1.000242908436544	0.00009556038444415298
56073.40296838143	1.0001672010781577	0.00009555795654500197
56073.44383758552	1.0001272141213644	0.00009555817901150948
56073.46427203745	0.9999254081034581	0.00009555277523971422
56073.48470658937	1.0000858294252561	0.00009555857813577062
56073.50514124107	0.9998078335953787	0.00009554888806658304
56073.52557579288	1.0000506616884288	0.00009555974481436974
56073.546010244456	0.9999141707396061	0.00009555541517396539
56073.56644489604	0.9999404718693387	0.00009555720719587625
56073.5868794475	1.0000122518094956	0.00009556185585480425
56073.607313998844	1.0000624312542947	0.00009556473063265176
56073.62774855019	1.0000528929688934	0.00009556533070396047
56073.648183101424	1.000107422607179	0.00009556898062512107
56073.66861775253	1.000116509456388	0.00009556937705065663
56073.68905220365	1.000130657246771	0.0000955710254181249
56073.70948675453	1.0001079129031734	0.00009557219617730374
56073.729921405524	1.0000046584445643	0.00009556979417130746
56073.75035585629	1.000027937759259	0.00009557286524843654
56073.77079050706	0.9999903886980099	0.00009557179427579716
56073.791224957815	0.9999562762755055	0.00009557128049497219
56073.81165950835	1.0000789050986518	0.00009557745741256886
56073.85252860929	1.0000434264727318	0.00009557987517444341
56073.87296315971	1.0001676487944087	0.00009558404734632601
56073.893397809894	1.0001380055564693	0.0000955843378366433
56073.934266810254	1.0000943945645326	0.00009558771451978166
56073.9547014602	0.9999901710714976	0.00009558434736076785
56073.97513591027	1.000017555716192	0.00009558575843139629
56073.9955705601	1.000207001244064	0.00009559346164840751
56074.01600510982	0.9999956221986394	0.00009558904122229231
56074.03643955953	1.0000427033803856	0.00009559100359824993
56074.07730875873	1.00009127329415	0.00009559595643189027
56074.118177857585	0.9998700747900026	0.00009556054430477074
56074.138612406954	0.9998223162087633	0.00009555947452244103
56074.1590470562	0.9999152240573206	0.00009556547024651238
56074.17948150522	0.9999823722256	0.00009559752000686423
56074.19991605435	0.9999913120474425	0.00009557095005393412
56074.240785252274	0.9999421257055743	0.00009557115296838045
56074.26121970106	1.0000674017358806	0.00009557556772137458
56074.281654349725	1.0000930144823101	0.00009557826973114902
56074.302088898396	1.000053451978589	0.0000955791105772355
56074.32252334694	1.0000262433465008	0.00009557795323615513
56074.3429579955	0.9997979010161877	0.00009557239490250033
56074.36339254382	1.0000745782225684	0.00009558274788718273
56074.383827192134	1.0000590972495007	0.00009558481685216073
56074.404261640455	0.999953229710423	0.00009558142480955024
56074.4655652846	0.9999987471114127	0.00009558720302941281
56074.48599983257	0.9998925257550776	0.00009558401944510298
56074.5064343803	0.9998756695865025	0.00009558615689893811
56074.52686892804	0.9997653434010535	0.00009558316104550322
56074.54730357578	1.0000546020761412	0.0000955936286196038
56074.56773802328	1.0000105464029405	0.00009559465741538726
56074.58817257079	0.99994641643541	0.00009559296599880986
56074.60860721818	0.9999507247122525	0.00009559431682135595
56074.62904166556	0.9998479366318568	0.00009559187600224588
56074.64947621272	1.0001311510795126	0.00009560408303991254
56074.690345307026	0.9999112392249225	0.00009559852019240891
56074.71077985395	0.9998516183601392	0.00009559741263683965
56074.73121450088	1.0000314227157918	0.00009560562203395106
56074.75164904768	0.9999393188251996	0.00009560346484628729
56074.77208359437	0.99998503118106	0.00009560759416357455
56074.792518141054	0.999864067797528	0.00009560378193987692
56074.81295268763	0.9997834493318912	0.00009560294068309527
56074.83338723409	1.000044587581942	0.00009561270295360032
56074.85382178055	1.0000773359677364	0.00009561603749577169
56074.874256326766	0.9999022502577787	0.00009560962825097606
56074.89469097299	0.9999900672586077	0.00009561317252393909
56074.915125419095	0.9997997395742273	0.00009560811114044457
56074.935559965204	1.0000968140730333	0.00009562145127547948
56074.9559946112	0.9999792600298045	0.0000956192235730122
56074.976429057075	0.999845559395038	0.00009561419348560656
56074.99686370283	0.9998682612620345	0.00009561843264151878
56075.01729824859	1.0000734310363302	0.00009562677958201253
56075.037732694225	0.9997212312387085	0.00009561527119127682
56075.058167339754	0.9998513986141573	0.00009561943525248699
56075.078601885165	1.0000470451543046	0.00009562951813593744
56075.099036330575	0.9999886658830339	0.0000956277885625683
56075.119470975864	0.9999409171369665	0.00009562944729034921
56075.13990552104	0.999877699004152	0.00009562596999886727
56075.1603400661	1.000033426781788	0.00009563264971437609
56075.18077461116	0.9997984014065306	0.00009562713833681084
56075.201209056104	0.999964208129828	0.00009563499750723745
56075.22164370093	0.999791550394152	0.00009562933101779007
56075.24207824564	0.9999887376359101	0.00009563839126184539
56075.26251279035	0.9999460280806027	0.0000956385406160787
56075.28294733494	1.0000621505284792	0.00009564207628001928
56075.30338187942	1.0000030961563178	0.00009564121339277672
56075.323816423785	0.9999532728235904	0.00009564250531444745
56075.34425096814	0.9999646547450577	0.00009564254377295878
56075.36468551239	1.000000368249461	0.00009564453142027838
56075.38512015652	1.0000390392182044	0.00009564777278269215
56075.40555470064	0.9999958555753717	0.00009564710386145927
56075.44642378844	1.0000298198683633	0.00009565264869711309
56075.46685833221	1.0000402788396852	0.0000956525011635599
56075.48729277599	0.9999823172646013	0.00009565150852233188
56075.50772741954	0.9999302585974639	0.00009565120956080547
56075.528161963084	1.0000055727979418	0.00009565332556252579
56075.54859660652	0.9998660737348387	0.00009565017242037178
56075.56903104995	0.9999033109187566	0.00009565262608131444
56075.58946559314	0.9995021450764381	0.00009563994807009796
56075.60990023634	0.9962143941437712	0.00009552028806075558
56075.63033467942	0.9942262167891274	0.00009544515521614796
56075.65076922238	0.9937296586408723	0.00009542814291877302
56075.67120386535	0.9935084722588693	0.0000954210238921139
56075.6916383082	0.9930050353808054	0.00009540334299440117
56075.712072850925	0.9931619695439144	0.00009540958047614954
56075.73250749354	0.9927682373607911	0.00009539548397755373
56075.75294193604	0.9924635066751637	0.00009538504384830438
56075.77337657854	0.992438782881649	0.00009538554678947405
56075.79381112092	0.9924885255935788	0.00009538909087994106
56075.81424556319	0.9925906611446441	0.00009539315606653295
56075.83468020545	0.9923864794367325	0.00009538597382571749
56075.855114647486	0.9925816789889951	0.00009539549431992628
56075.87554918952	0.9927660661920159	0.000095402901777738
56075.89598383143	0.9925984831513062	0.00009539793230170476
56075.916418373236	0.9929576794334292	0.00009541152544501504
56075.93685281504	0.9932757893778984	0.00009542554884995968
56075.95728745672	0.9936535157428528	0.00009544064125770489
56075.977721998286	0.9941782239523834	0.00009545963119467775
56075.99815653973	0.99542120657109	0.00009550618463162053
56076.01859108107	0.9978310713258212	0.00009559661262105
56076.039025622405	1.000051345749657	0.00009567983194787802
56076.059460163626	1.0000855414990337	0.00009568348445260775
56076.07989470472	1.0001541923546498	0.00009568663212908354
56076.10032924571	1.0000090594635265	0.0000956821120601866
56076.141198327445	1.00013204517449	0.00009568677357503054
56076.1616329682	0.9999734017129689	0.00009568316906459433
56076.18206750883	1.0000677246535135	0.00009568848208191686
56076.20250194947	0.9999485402379272	0.00009568288790204057
56076.222936589875	1.0000608888049287	0.00009569043809314332
56076.24337113027	1.000084807996268	0.00009568952228533356
56076.26380557056	1.0001560438939257	0.00009569321887473987
56076.3046747509	1.000067618632345	0.00009569275886620936
56076.32510919084	0.9999466267002766	0.000095687997707883
56076.34554383078	1.0002442316145619	0.00009569938895038516
56076.365978370595	1.0000519589347565	0.0000956949447646947
56076.3864130103	1.0001583365569517	0.00009569895306368776
56076.40684745001	1.0000154264111896	0.00009569273854482459
56076.427281989476	1.0000028434865484	0.00009569406423575766
56076.44771652895	1.00025921127754	0.00009570304463213364
56076.46815106831	1.0000112412531634	0.00009569640582287399
56076.48858560766	1.0001212841873934	0.00009570061073089165
56076.50902014678	1.0000650648081884	0.00009570107310422197
56076.52945468591	1.0001173613104006	0.00009570087908187761
56076.54988922479	1.0001129224274712	0.00009570294383121152
56076.5703238638	0.9999991244728754	0.00009569841351018362
56076.59075830258	1.0000507576783861	0.00009570180116995264
56076.63162747989	1.0000243817694239	0.00009570104492896118
56076.65206191843	1.000022588443769	0.00009570216082406983
56076.67249655685	0.9999549455161109	0.00009569945364161023
56076.69293109516	1.0000866295969137	0.00009570545186005322
56076.71336553335	1.0000591230090754	0.00009570495659142677
56076.73380017154	0.9998351623656878	0.00009569659815336763
56076.75423470962	0.9997974709936964	0.00009569653953060541
56076.77466934758	1.0000130007207129	0.00009570624703652377
56076.795103785415	0.999975295456353	0.00009570514066322956
56076.81553832314	0.9999584645991034	0.00009570467089418603
56076.835972960864	1.0001927639077042	0.00009571305356480683
56076.85640739836	0.999863505176789	0.0000957016341436578
56076.87684193585	0.9998475130660534	0.00009570158812819007
56076.89727657323	1.0000355125828926	0.00009570960590789226
56076.91771101049	0.9998651268226592	0.00009570430128569324
56076.93814554775	0.9999202894516545	0.00009570691092623431
56076.95858018489	0.9999392063304307	0.00009570815631978081
56076.9790146218	1.0001541640985672	0.00009571528344672078
56076.999449258714	1.0000388815509762	0.00009571168677471951
56077.01988379551	0.9999642437739679	0.0000957101242162965
56077.0403183323	0.9997803280476005	0.00009570389580775073
56077.06075286886	0.9999669416935238	0.00009571118074460816
56077.08118740542	0.9999090195207168	0.00009570971224147039
56077.10162194187	0.9997865923970156	0.00009570420819094618
56077.1220564782	1.0000902873169588	0.00009571718502603795
56077.14249101441	1.000059313833631	0.00009571513357828662
56077.1629255505	0.9998396249301588	0.00009570803874445734
56077.1833600866	0.9997571629545378	0.00009570412235539395
56077.203794622576	1.0001587653664672	0.00009572087969058435
56077.22422915844	0.9998362176490301	0.00009570807427703213
56077.24466369419	0.9999377899933345	0.0000957137145174503
56077.265098229815	0.9999770361647272	0.00009571263852614119
56077.28553286533	0.9998757583053737	0.00009571145892021327
56077.30596730085	0.9999326894078951	0.00009571413484034554
56077.32640183624	0.9999200586985597	0.00009571219603073431
56077.346836471406	1.0000454082794257	0.00009571949725185307
56077.36727090657	1.0000120264434322	0.00009571761552456477
56077.38770544173	0.9998230934137265	0.00009571021322147446
56077.408140076666	1.0000333017610645	0.0000957186782971149
56077.4285745116	0.9997693049713186	0.00009570932755342513
56077.449009146294	1.0000694917844164	0.00009572057851458962
56077.469443680995	1.0001482625967566	0.00009572310799558135
56077.48987811558	1.0000403715056592	0.00009571942590924247
56077.51031275004	1.0001113358276932	0.00009572240607318718
56077.53074728451	1.000179951815423	0.0000957235328790044
56077.551181818744	1.0002254386917615	0.0000957256590592354
56077.57161635297	1.0001961998769393	0.00009572510877365551
56077.59205088709	1.0001319512280868	0.00009572229250585797
56077.612485521095	1.0001692450815132	0.00009572329360114366
56077.63291995497	1.0001150406106556	0.00009572113826849938
56077.67378912239	1.0001532374916011	0.000095721763769141
56077.69422355604	1.0001668306418627	0.00009572243450353416
56077.71465808958	1.0000887172622337	0.0000957197576922434
56077.73509272288	1.0000060007394318	0.00009571712482929681
56077.75552725618	1.0000022484137991	0.00009571591895331786
56077.77596168937	0.9998066462953621	0.00009570842709137801
56077.79639632255	0.9999161624881147	0.00009571221735387906
56077.8168307555	1.0000468688602404	0.00009571623377076532
56077.83726538846	0.9998854041149998	0.00009570971787198096
56077.85769992118	0.9999395894887897	0.00009571085562076107
56077.878134353894	1.0000192250559892	0.0000957118459876448
56077.8985689865	1.0001517094953238	0.00009571807069347933
56077.9190035191	0.999796598126174	0.00009570439450760549