55268.684253158084	1.000164360968664	0.00009600601062192072
55268.70468746007	1.0001749213730993	0.00009599102360980927
55268.7251218624	1.0001509607239634	0.00009598894827176285
55268.74555606497	1.0001165729582315	0.00009598818699574611
55268.76599036777	1.0001769440434096	0.00009599063772454077
55268.7864247708	1.0000654117589622	0.00009598529126189551
55268.806858974065	1.0000350664870254	0.00009598364995486897
55268.82729327768	0.9997939579710328	0.00009597368551096892
55268.84772768141	0.9999318449091578	0.00009598035039568354
55268.868161985374	1.0002546622078359	0.00009599216308314052
55268.88859618969	0.9998703320713418	0.00009597669927406079
55268.90903049411	0.9998122699607341	0.00009597435579581389
55268.929464898894	1.000061678100847	0.00009598451622771241
55268.94989910391	0.9999788852681005	0.00009598083457752817
55268.97033340915	1.0000497779874258	0.00009598210311409771
55268.990767714626	0.9999999859404479	0.00009598026893636736
55269.031636326275	1.00002533116938	0.00009598104520723063
55269.05207063245	0.9998230004142619	0.00009597360000183154
55269.072504938864	1.0000684703713731	0.00009598204314712981
55269.0929391455	0.9999553343880191	0.00009597804814713226
55269.113373552376	0.9998746888592699	0.00009597466580371244
55269.15424216694	0.9999740484579837	0.00009597780414543888
55269.19511078255	0.9999941788338421	0.00009597892389295438
55269.542494053305	0.9999355624812212	0.00009597380571130384
55269.562928365536	1.0000691085541866	0.00009597862856803769
55269.58336267788	0.9999518831118627	0.00009597500641001185
55269.603796990574	1.000053270264867	0.00009597758584521085
55269.624231403504	0.9999290282019304	0.00009597269669106748
55269.64466561666	0.9999585932422428	0.0000959743752958341
55269.68553434379	0.9999631906885713	0.000095973504191591
55269.70596855765	0.9997592099464476	0.00009596558339318316
55269.72640287175	1.0001022489539753	0.00009597887442845943
55269.746837186074	1.0000199980382758	0.00009597471143839456
55269.76727150063	0.9999827528125338	0.0000959734745187023
55269.787705815535	1.0000895514545778	0.00009597787426266486
55269.80814003056	1.0000760483783118	0.00009597756996252052
55269.82857444593	0.9999452952068386	0.00009597233343135244
55269.84900876142	0.9999870223514016	0.00009597315344850599
55269.86944297726	0.9999165037192388	0.00009597130395900425
55269.88987739321	0.9999349882264009	0.00009597121514008337
55269.910311709515	1.0000198980123551	0.00009597363757218153
55269.930745925936	1.0001324236312086	0.00009597772917763711
55269.9511803427	1.0000652761538307	0.00009597592822364389
55269.99204887694	1.0000372018303778	0.00009597429147832142
55270.012483294406	0.99996631523895	0.00009597211861714866
55270.03291761199	1.0000345922232363	0.00009597324918010983
55270.05335182993	1.0002554574054499	0.00009598295051903263
55270.07378624809	0.9999563371804797	0.0000959707804789666
55270.09422056649	0.9999624192777246	0.00009597044588362283
55270.114654885125	0.9999911886596401	0.00009597264348192346
55270.135089203985	1.0001364591050765	0.00009597763568160586
55270.155523523084	0.9998063644324668	0.0000959638613698454
55270.17595784253	1.0001507098848423	0.00009597754269470533
55270.19639206209	1.0002305667883453	0.00009598115425157846
55270.21682648189	0.999980582218157	0.0000959704978329792
55270.23726080192	0.9999720948684113	0.00009597073846935783
55270.25769502218	0.9999909826551151	0.00009597086435240244
55270.278129442675	1.000138662412191	0.00009597654433811739
55270.29856376352	0.9999195230886873	0.0000959681407197799
55270.318997984476	1.0000849755002301	0.00009597458105601706
55270.359866727216	0.9999735343172278	0.00009597049687153184
55270.38030094887	1.0000827809851953	0.00009597483706579965
55270.400735370764	0.9999225378213362	0.0000959681777468675
55270.42116969301	0.9998593572091888	0.00009596661379093755
55270.44160401536	0.999920210613652	0.00009596859773026948
55270.46203833807	1.0000544509805473	0.00009597248934496892
55270.48247266089	1.0000165304653437	0.0000959713078646778
55270.50290698406	0.999963639012116	0.00009596931622558116
55270.52334130735	0.9998277994651449	0.00009596457519992379
55270.56420995474	0.9999561004640131	0.00009596858194791168
55270.584644278846	0.9999601945511207	0.00009596916393707986
55270.60507860307	0.9999372853110606	0.00009596837690723998
55270.645947152436	1.0000727018211077	0.0000959736735550643
55270.66638157736	0.9999206745277445	0.00009596683055426798
55270.68681580262	1.0001151674087863	0.0000959749881429196
55270.707250128005	0.9999239263525692	0.00009596673507115345
55270.72768455374	0.9997938706851321	0.00009596114657854773
55270.7481187797	1.0000425558160342	0.00009597188292680748
55270.76855310579	1.0000141248534913	0.00009597062658341598
55270.788987532214	1.0000128302547775	0.00009597066922892747
55270.80942185888	1.000240165311871	0.00009597964955675948
55270.829856085664	0.9998805164875673	0.00009596522861580038
55270.8502905128	0.9998546255033792	0.00009596427074622689
55270.870724840155	0.9998850644703641	0.00009596554923180523
55270.89115906775	0.9999508666677689	0.00009596754831584981
55270.91159349546	1.0001031199022612	0.00009597338745606876
55270.932027823525	1.0000190919308725	0.00009597127358571659
55270.95246205182	0.9999667540446894	0.00009596899798038941
55270.972896480234	0.9999096519579946	0.00009596669368544263
55270.99333080899	1.0000620834006262	0.00009597188718754433
55271.013765037984	1.0000256962199296	0.00009597073868954064
55271.034199367095	0.9999007494898541	0.0000959651276698626
55271.05463379655	1.0000051087511934	0.00009597044397815993
55271.07506802624	0.9999995510407488	0.00009596970755343596
55271.09550235605	1.00001472543937	0.00009597088183570284
55271.156805347106	0.9999672802674884	0.00009596945644623247
55271.17723977796	0.9980562025445809	0.00009589322721840495
55271.19767410893	0.9949995160321139	0.0000957727274355529
55271.218108340254	0.994124518544933	0.00009573762513560738
55271.2385427718	0.9936428962152924	0.00009571897417736244
55271.258977103476	0.9931432066736451	0.00009569985529554105
55271.2794113355	0.9930447307913719	0.00009569627376677707
55271.29984576763	0.9928513483033149	0.00009568960526170891
55271.32028010012	0.9926141967005607	0.00009568088961804554
55271.34071433284	0.9924213334121103	0.00009567265200754689
55271.36114876567	0.9922568315744994	0.0000956653598934274
55271.38158309885	0.9924064679766166	0.00009567149030754405
55271.402017332155	0.9923741776931965	0.00009567087601670129
55271.4224517658	0.9922933104343769	0.00009566711499709292
55271.44288609957	0.9923972974992669	0.00009567086824502955
55271.46332033357	0.992529745959621	0.00009567582586165706
55271.48375466791	0.9927771407715816	0.0000956855773596505
55271.50418900238	0.9930614928417484	0.00009569689944071917
55271.52462333708	0.993244128793942	0.00009570427178479778
55271.54505767212	0.993613478591854	0.000095718898643796
55271.565492107286	0.9944697409760861	0.00009575291563900051
55271.58592634268	0.9961015718600997	0.00009581806551395534
55271.62679511429	0.9999987360391847	0.00009600412534366321
55271.667663686705	1.0000016776198974	0.000096004322078695
55271.68809812327	1.00007517302741	0.00009600837660473472
55271.70853236006	0.999885082646559	0.0000959995153194847
55271.72896669708	1.0000430167760879	0.00009600576659861262
55271.749401134344	0.9999455419396189	0.00009600188730762155
55271.76983537184	1.0000831938597499	0.00009600735607568783
55271.810704147516	0.9999290151713548	0.00009600106658257895
55271.83113848571	0.9999221337489845	0.00009600191294349792
55271.851572724125	1.0000136556314483	0.00009600502828881212
55271.87200716278	0.999990446447517	0.00009600356160988937
55271.892441501666	1.0000931896365812	0.00009600902651874011
55271.91287574067	0.9998931104235818	0.00009600052683367897
55271.93331008003	1.0001412532981333	0.00009601093265099467
55271.95374451962	0.9999609747060919	0.00009600344232838828
55271.974178759316	1.000040841080393	0.00009600781608365236
55272.01504753965	0.9999457946277109	0.00009600343865817422
55272.035481780054	1.0000586493805281	0.00009600781619651056
55272.05591612069	1.0001134065384	0.00009601060579965394
55272.07635056168	1.0000128315220458	0.00009600731682380606
55272.09678480277	0.9997998882461467	0.00009599851800677933
55272.117219144224	0.9997298075952895	0.000095995065509131
55272.137653585785	0.9999419869833089	0.0000960047164879172
55272.158087927586	0.9999246920446585	0.00009600388727140608
55272.17852216962	1.0001052895616283	0.00009601159892850506
55272.19895661189	1.000127940462774	0.00009601216754403118
55272.21939085438	0.999943133263638	0.00009600552955229024
55272.23982519711	0.9999007533757379	0.00009600310041869111
55272.44416863687	1.0000070249434818	0.00009600904792296224
55272.464602982036	0.9999864826517824	0.0000960090176224486
55272.48503732756	0.9999656752672205	0.000096008270915611
55272.505471673205	0.9998530726764092	0.00009600411120807745
55272.52590611907	1.0000501972204294	0.00009601198317424723
55272.54634036518	1.0000321110567896	0.00009601084998458631
55272.56677471152	0.9998738136251897	0.00009600576295789742
55272.58720915809	0.9999499516820718	0.00009600951185794585
55272.607643404895	1.0002368949579914	0.0000960208211251135
55272.62807775193	0.9999770155178372	0.00009600921204070912
55272.6485121992	1.000129367456583	0.00009601652009290021
55272.66894644659	1.0000053284019392	0.00009601159863739112
55272.68938079433	0.9998541172335358	0.00009600690315486333
55272.70981524229	0.9999160952246968	0.0000960083886724928
55272.73024949038	1.000104869914838	0.00009601586972437049
55272.75068383869	1.0000166254390706	0.00009601332700810108
55272.77111818736	1.0001841197035624	0.0000960201969091043
55272.791552536146	1.000044046501842	0.00009601499804664761
55272.811986885165	0.999973782461749	0.00009601273783433806
55272.83242123441	0.9999270103424883	0.0000960106218335568
55272.852855683894	1.0001395970576186	0.00009602113803139138
55272.8732899336	0.9999143206618161	0.00009601066081853724
55272.89372428355	0.9998607465944052	0.00009600868569767435
55272.914158733736	1.0001894767962216	0.00009602250503491728
55272.934592984035	1.000004765475579	0.00009601512795384726
55272.955027334676	0.9999968876892011	0.00009601501517947314
55272.97546168556	0.9999261868052496	0.00009601350465736936
55272.99589603655	0.9999202449578505	0.00009601314558360567
55273.01633038778	1.000046945426431	0.00009601800723970725
55273.03676473936	1.0000744401396742	0.00009601960196450254
55273.077633442976	0.999973993416665	0.00009601614400382312
55273.09806779514	0.9999468744806805	0.00009601534495287419
55273.118502147525	1.0000110850511996	0.00009601910868898219
55273.13893650015	0.9999484311662333	0.0000960168814183564
55273.159370852896	1.0000090232360073	0.00009601943551814765
55273.17980520599	0.9998823112382161	0.00009601507667661889
55273.20023955919	0.999904242112839	0.00009601454442898856
55273.22067381275	0.9999538195159723	0.00009601825764085879
55273.26154262044	0.9999950129302773	0.00009601960764442924
55273.28197687458	0.9999790576647087	0.00009601894275037832
55273.30241132896	0.9999155344434614	0.00009601771627740243
55273.32284568356	1.0000832752020143	0.00009602470369861257
55273.343279938395	0.9999564102684873	0.00009602003042634217
55273.363714393345	1.0000196625477438	0.00009602335987107817
55273.38414874865	0.9998159233966836	0.00009601422127165708
55273.42501745984	1.0000853065449975	0.00009602554496623161
55273.44545181572	0.9998938060099518	0.00009601865920008235
55273.46588617196	0.9998774576072078	0.00009601929891491656
55273.4863205283	1.0000157507424126	0.00009602437978111313
55273.50675488489	0.9998084019854665	0.00009601754762661232
55273.52718924171	1.000107008663655	0.00009602901254455226
55273.54762369875	0.9999694851870321	0.0000960243697806674
55273.56805795592	0.9999351958867244	0.00009602230838828851
55273.588492313436	0.9999855817732274	0.0000960251302808539
55273.60892677106	1.0000412698024268	0.00009602711446217103
55273.629361029045	0.9998618130685935	0.00009602004979666452
55273.649795387144	1.000053639841412	0.00009602892368361523
55273.670229645475	0.9999238604275781	0.00009602497521841602
55273.69066410403	1.0000607637568948	0.00009603081811126802
55273.71109846283	1.000070250004621	0.00009603097018716262
55273.731532821854	0.9999860458344881	0.00009602862232300294
55273.75196718112	0.9999646604865594	0.00009602703144010514
55273.7724015405	1.00010306109118	0.0000960332770187669
55273.792835900225	0.9999542039463134	0.00009602773511571035
55273.81327026006	1.0000344023523406	0.00009603087359385588
55273.85413888045	1.000009169635389	0.00009603089230505665
55273.87457334099	1.0000845581753248	0.00009603503293179288
55273.895007701765	1.0001437531098634	0.00009603654027565021
55273.915441962774	1.000217530695812	0.00009604179556084787
55273.93587642401	1.000098145856033	0.00009603700414457523
55273.97674504696	1.0001393819711455	0.00009603797492882013
55273.99717950889	1.000088592679022	0.0000960372519460344
55274.01761387095	1.000193096289663	0.0000960426769065541
55274.03804813324	0.9999429394188264	0.00009603148001249932
55274.058482595756	1.0001319225744183	0.00009604048779582306
55274.078916958395	1.0001019607562354	0.0000960397669723522
55274.099351321376	0.9998937816056003	0.00009603284955337312