55700.97958179613	1.0000887057136443	0.00043417079546235495
55701.00001621913	0.999719649731359	0.000434229991588968
55701.02045054206	0.9997958546096085	0.00043415967676076455
55701.04088476506	0.9999662507778545	0.0004341734417989129
55701.061319188055	1.0000261419142935	0.00043414140721694596
55701.081753510996	1.0004783286351986	0.000434205239959238
55701.10218793394	1.0003339705374015	0.0004342125578612347
55701.12262215688	1.00031475387781	0.0004341301765261516
55701.143056479756	1.0006116293250442	0.0004342273053547756
55701.1634909027	0.9997337472993582	0.00043416827638883995
55701.18392512557	1.0000415725396603	0.00043413335948753204
55701.20435944846	0.9995165447943848	0.00043420827547770944
55701.22479387134	0.9995863801534214	0.00043413235297673416
55701.245228094165	0.9994496231287735	0.00043411388325853843
55701.26566241704	0.9998188992489634	0.0004341627877952077
55701.28609673987	1.0006538709200523	0.00043425404957561886
55701.306531062684	1.0006773354952332	0.0004342162390779342
55701.32696548551	1.0005787896414067	0.0004343108747525545
55701.347399708335	0.9994827105848161	0.0004341041942061368
55701.3678340311	0.9996678514061086	0.0004341223724350327
55701.38826845386	0.999894555374756	0.0004340903165574453
55701.40870267663	0.9997582467129779	0.0004341108746225688
55701.42913699939	0.9991629510099196	0.0004341181367330182
55701.449571422156	1.0001123242116865	0.0004341038461104348
55701.470005744864	0.9991310035236168	0.0004340556232096744
55701.490440067566	0.9991761459808628	0.00043408322018462415
55701.510874390275	1.0005458405060152	0.00043413438080769964
55701.53130871298	1.0003972419973488	0.0004341906137735546
55701.551743035685	0.9998540170333543	0.00043423565130853184
55701.572177358335	0.9997748038307046	0.0004341082575611245
55701.592611680986	0.9997896664465903	0.00043416266913266603
55701.61304610363	0.999435489855043	0.0004340870620947431
55701.63348032622	0.9994548221623535	0.0004340973743808448
55701.65391464887	0.9993770626902952	0.00043410279294517514
55701.67434907146	0.9997615218842468	0.0004341177530593519
55701.69478329405	1.000057379733979	0.0004342233466733898
55701.71521771664	0.9998408540768152	0.0004341379305248696
55701.73565203917	0.9996533782824965	0.0004341618734103836
55701.77652068424	1.000862046887721	0.00043421228399320906
55701.796955006765	1.0000052151411043	0.00043423811483939275
55701.837823651775	1.0004135802419818	0.00043406338504551153
55701.85825797424	1.0002582826313473	0.00043418770271035675
55701.87869219672	0.9995717282060087	0.00043409726016007994
55701.919560841605	0.9998697071983731	0.00043411010830302326
55701.93999526402	1.0002066740978848	0.00043421317489698174
55701.96042958644	0.9994947627735548	0.0004340181915728645
55701.98086390879	0.9996698395269662	0.00043405941814435094
55702.02173255356	0.9996815770932017	0.0004341221291353233
55702.04216687592	1.0015490562361142	0.00043431514432695404
55702.062601198224	1.000052285040955	0.00043407642241329004
55702.08303552058	1.0009509969947272	0.000434215909997137
55702.10346984288	1.0009246313050588	0.0004341832304503649
55702.12390426518	0.9991053220885558	0.00043404013438071224
55702.144338487415	0.9994049691380194	0.0004339725192814593
55702.16477290966	1.000050846100603	0.00043407507036760965
55702.1852072319	0.9998671758390342	0.0004340365146645288
55702.205641454144	1.0003011112806546	0.0004341318703587975
55702.22607587638	1.0003698232086793	0.00043409148244723765
55702.246510198565	1.0003623400634538	0.0004341530863204293
55702.26694442074	1.001070551284614	0.0004341337917392959
55702.28737884293	1.000174539491178	0.00043408765035273016
55702.307813165055	1.0003282717902258	0.0004341823125238988
55702.32824738718	1.0001038248484524	0.00043418502723674933
55702.3486818093	1.000723659918908	0.0004342505630812443
55702.36911613143	1.0001200301141584	0.0004341229209649533
55702.38955055349	1.0001005934119367	0.00043399673165835166
55702.40998477556	1.000834827948156	0.00043423000571346423
55702.430419097625	0.9998868769172936	0.0004341025653949574
55702.45085351969	1.0002237184387721	0.0004341143966753349
55702.4712877417	1.0002727665317122	0.0004341385730610483
55702.49172206371	1.0002195902683242	0.00043412056373225323
55702.51215648571	0.9995811117827004	0.0004340340811248646
55702.53259070766	0.9998430992112133	0.0004340825678356795
55702.553025029614	0.999966329683304	0.00043402840616314667
55702.57345935156	1.0008928243595299	0.0004341816634634048
55702.59389367345	0.9997266978763798	0.0004340925559617569
55702.614328095406	0.9993448449309701	0.00043399618700745046
55702.63476241729	0.9997554171012133	0.00043402346912408237
55702.65519663913	0.9996576667213115	0.0004340478799847547
55702.67563106102	0.9999610987366186	0.00043406182271760906
55702.69606538285	1.0001035433023402	0.00043405986786323666
55702.71649960463	1.000179626698881	0.00043400176336709436
55702.73693402646	0.9998168807600311	0.00043397358837240905
55702.75736834823	0.999759349671508	0.0004339443298195917
55702.77780257001	1.0013467520605368	0.00043414043974555823
55702.79823699179	0.9994841408982765	0.00043397481847641284
55702.8186713135	0.9993013195941634	0.0004339041464356079
55702.83910573522	1.0000427917025343	0.0004339538164739472
55702.85953995688	1.0007345472683093	0.00043411960509283316
55702.87997427859	1.000160101290713	0.00043393923837596853
55702.900408700254	1.0000897230159493	0.00043385952901819295
55702.920842921856	1.0000708463281507	0.0004340292940979599
55702.94127724351	0.9998324471265875	0.00043410599891210473
55702.96171166511	0.9997933503353653	0.0004340084598058585
55702.982145886715	1.0000966631200954	0.00043404967226047194
55703.00258020825	1.0004911349716674	0.0004340449247149805
55703.023014629856	1.000313174867961	0.0004339900615802546
55703.04344885134	0.9997178466754227	0.00043399554730244887
55703.06388327288	0.9994165549104758	0.00043407302228951023
55703.08431759437	1.0007371428854557	0.00043405712561406457
55703.104751915846	1.000826517256393	0.00043408122291233774
55703.12518623733	1.0002239308115723	0.0004340790895396001
55703.14562055876	0.9994501998464081	0.00043403756566375484
55703.16605488019	0.9999171702370593	0.00043397126370967314
55703.18648920155	0.9998590828692306	0.00043400085736063814
55703.20692352298	0.9998995273789372	0.00043393862209431907
55703.22735774429	0.9996440421508038	0.00043400628775739443
55703.247792165654	0.99931527370733	0.0004340265866603164
55703.268226486965	0.9987466578477585	0.0004339563083306562
55703.28866090827	0.9982239580097221	0.000433902530274883
55703.30909512958	0.9975157047168101	0.00043374954012818245
55703.329529450835	0.9974857179596662	0.0004337229535114243
55703.34996387208	0.9974080300384163	0.0004338216191509687
55703.370398093335	0.9978045057317593	0.0004337441363519937
55703.39083241453	0.9976322531938793	0.0004337091603183325
55703.41126683572	0.9970745947259327	0.00043373891036054343
55703.431701056856	0.997749231555871	0.00043371846818668087
55703.45213537799	0.9974698485572424	0.000433671405198348
55703.47256979912	0.9974831505698718	0.0004337294628709641
55703.51343844134	0.9975763343609738	0.00043373988779730463
55703.53387276241	0.9972254586231036	0.0004338037205511873
55703.55430698343	0.9971271620438706	0.0004337433754601298
55703.57474140445	0.997160572527067	0.00043376099335995456
55703.595175725466	0.9977079622688726	0.0004337393897088469
55703.61561004649	0.9976225121045836	0.00043364496228156336
55703.63604436739	0.9977972347937635	0.0004336757173842083
55703.65647868835	0.9980421106722192	0.0004337517036895094
55703.67691300925	0.9989839419952992	0.0004338686424927476
55703.697347330155	0.9999159397639954	0.0004339135953643076
55703.7382160719	1.0008137544661133	0.0004338514199858751
55703.758650392745	0.9994568858732037	0.0004338498459501874
55703.77908461358	0.9998384322302657	0.00043380392358973217
55703.79951903437	0.9995275522605601	0.0004337922735495515
55703.8199532551	1.000715687054697	0.00043399155117856064
55703.84038757588	1.000221270281303	0.000433911345617876
55703.86082199661	0.9995203072179032	0.0004336996265890429
55703.88125621728	0.999803156607864	0.0004338203616916438
55703.90169053795	0.9996256582380397	0.00043379893736421223
55703.92212495868	1.000628013689261	0.0004339143769812855
55703.94255917929	0.9995366381449392	0.00043385215712982817
55703.9629935999	0.9997721219287059	0.0004339217964249937
55703.98342792051	1.0000467023397155	0.00043395972193858886
55704.003862141064	0.9990918387983126	0.0004339121470917838
55704.02429656161	1.0001965099781827	0.00043392737376427357
55704.04473088217	0.999828218921087	0.0004339703035490176
55704.065165102664	0.9996385471175697	0.00043388711706160524
55704.085599523154	0.9995864975920548	0.00043382545657729245
55704.10603384359	0.9998440964379384	0.0004338696374517134
55704.12646816403	0.9994645262703281	0.00043384662733010696
55704.14690248446	0.9990142479309917	0.00043379801443772933
55704.187771125224	0.9997877060823647	0.0004339054884756527
55704.2082054456	1.0003133939701307	0.00043387269315296777
55704.22863976592	0.999432161095317	0.00043389726941626223
55704.249074186184	1.0005085504593796	0.00043395932242420646
55704.2695084065	0.9997921956503024	0.0004339575027839837
55704.289942726704	0.9996389431543407	0.00043391875381178186
55704.31037714696	0.9992217350567334	0.0004337673628426171
55704.35124568737	0.9995656828143504	0.0004337891368323189
55704.37168010751	0.9998260689870804	0.0004340079985005722
55704.39211442766	0.9995650243687497	0.00043380860962836417
55704.41254864775	0.9991528466471739	0.00043384169748762156
55704.43298306783	0.9999600170030969	0.0004340596978923702
55704.45341738792	1.000294347948503	0.00043392453891104993
55704.47385170795	0.9997705805132405	0.00043398934990058314
55704.51472024795	1.0010037815006203	0.0004340786356896497
55704.53515466792	1.0006498022594472	0.0004339736259263423
55704.55558898789	0.9991549042714145	0.000433850576722537
55704.5760232078	0.999990325828929	0.00043399942031157647
55704.59645762766	0.9997734075120889	0.00043383317663607415
55704.61689194757	1.0003485619048085	0.000433968436930666
55704.637326167365	0.9998859019408162	0.00043393697211978755
55704.678194907014	0.9996947938428888	0.0004339523336897415
55704.69862932681	0.9996141522930042	0.00043400936921794323
55704.71906354655	1.0006559852583858	0.00043391581051227925
55704.73949786623	1.0000984955431234	0.00043393952585510604
55704.75993228597	1.0006814618168727	0.00043389574098713933
55704.78036660559	1.0003998718114993	0.0004339709721295653
55704.82123524489	0.999613743179565	0.0004338170311497976
55704.841669564456	1.000107235602529	0.00043391713744051283
55704.86210378407	1.0007908377420376	0.00043401436158283337
55704.88253820358	1.000660266527804	0.0004339782061086815
55704.90297252309	1.0001586336606123	0.00043391543303841794
55704.92340694259	1.0004252628765964	0.0004339218460657747
55704.943841162094	0.9995445289937422	0.0004339628854817786
55704.964275481485	0.999399328423987	0.000433925412348187
55705.00514412032	1.0007446266972344	0.00043394783318209245
55705.02557843965	1.0003425211553585	0.00043401755618624656
55705.046012859035	1.0005937333464923	0.00043391901844476
55705.08688139764	0.9999979530350724	0.0004336780360072094
55705.10731581685	0.9995988673265278	0.00043390201196814545
55705.12775003607	0.9995711733899563	0.0004338336219770031
55705.16861867449	0.9995645970019135	0.00043392148567576743
55705.18905299359	1.0002198114565426	0.00043395965381871367
55705.20948741269	1.0001810588899342	0.0004338993286492826
55705.229921631784	0.9995716545541811	0.0004338228972189297
55705.250355950884	1.0001052296760875	0.0004338429148924533
55705.27079036998	1.0002396049081907	0.0004339038687445748
55705.29122458896	1.0002954582416117	0.00043389075754431627
55705.311658907944	0.999640263060281	0.00043396399755437135
55705.33209332693	0.9998058012383932	0.000433963183877125
55705.35252764579	1.0001023563230798	0.00043396263828386937
55705.39339628363	1.0002485761619275	0.00043395258928332405
55705.4138306025	1.000364185226666	0.0004339737570097203
55705.43426492125	1.0012572928281191	0.00043405224581374575
55705.454699240116	1.0005416777632166	0.0004339317302770948
55705.47513355886	0.9997753564047025	0.0004339288280840743
55705.49556797761	1.000169416244894	0.0004340300796352766
55705.51600219635	1.000272850100249	0.0004339579836135886
55705.53643651499	0.9998563544286161	0.00043383980346069586
55705.55687093362	1.0000718160205024	0.0004338443066920432
55705.577305152256	0.9995782544771119	0.00043388452911135905
55705.59773957088	0.9997720476051236	0.0004339757388319757
55705.6181738894	0.9994223474035293	0.0004338455861142838
55705.63860810803	0.9993488619771811	0.00043380540151017813
55705.659042526546	0.9998983920678526	0.0004339055797694967
55705.67947684495	1.0002813885910367	0.00043395630079006895
55705.699911063464	0.9999917798222995	0.0004338974973240541
55705.72034548186	1.0003486392736904	0.0004339783300898223
55705.74077980026	0.9996067396400669	0.0004338849026649664
55705.761214018654	1.0011424368560085	0.000434025835914327
55705.78164843694	1.0001629171034456	0.00043396985853126396
55705.802082655224	0.9997644131290814	0.0004339171315388337
55705.8225170735	1.000510286465711	0.0004339841699380887
55705.84295139179	0.9997459990738002	0.000433863267641573
55705.88382002823	0.9991221166758556	0.0004338604685768893
55705.9042543464	0.9999358933034086	0.000433944427599248
55705.924688664454	0.9998302426469192	0.0004339242362760073
55705.945122982615	1.00006971108507	0.00043403196233427084