56112.82001837999	0.9999406391977875	0.00040180951226517477
56112.840452442746	1.000123174405181	0.0004018244105340535
56112.860886705035	0.9997590690122025	0.0004017832872364664
56112.88132086755	0.9998130987739509	0.000401830379538034
56112.901755029605	0.9997955106908597	0.0004018137350423573
56112.92218919165	0.9993378762092062	0.0004017701216456183
56112.942623353476	0.9993867601686937	0.0004017779432898366
56112.9630575153	1.000310378741347	0.0004018620478898891
56112.98349167689	0.9994202201996444	0.0004017270431607818
56113.00392583824	0.9999531043617527	0.0004018134888322877
56113.024359999596	0.9997719440573364	0.0004017948916918881
56113.04479416071	0.99972119498034	0.0004018069317371502
56113.065228321604	1.0007795901429601	0.0004018875388030888
56113.085662582496	0.9991087580905896	0.0004017817623405932
56113.106096643154	1.0001013593301606	0.00040180326439064577
56113.12653080357	1.0001430099337676	0.0004018329606060861
56113.146965064	1.0007777124791561	0.00040188334312088036
56113.167399124184	1.0003259695359694	0.00040187467308531755
56113.18783328438	1.0002996633561712	0.0004018217547289468
56113.20826754434	0.9999767375462283	0.00040183086303245956
56113.228701604065	1.0002285058475082	0.0004018409927479378
56113.249135763785	0.9996187261439937	0.00040176970053514834
56113.26957002328	1.0004394273399395	0.00040186083561584613
56113.29000408253	1.000539231684013	0.00040186925439306907
56113.310438341796	1.0002272509332564	0.0004018640407420616
56113.330872500825	1.0008198060119764	0.00040190405643494517
56113.35130655962	0.9993703369410325	0.00040177466556808733
56113.37174081841	1.0000399518046732	0.00040184751631845966
56113.39217497697	1.0008551152400118	0.00040189099163498557
56113.41260913553	1.000391360169118	0.000401830264021394
56113.43304329386	1.000028682071798	0.00040184608467657047
56113.453477451956	0.9999231405442207	0.0004018348145610827
56113.47391160981	0.99958240597391	0.000401750223931563
56113.49434576768	0.9999239809775986	0.0004018055726417716
56113.51477992554	1.0003872778446483	0.00040183801224348624
56113.535214182935	0.999855925978572	0.0004018119363157646
56113.555648340334	0.9999951338436603	0.0004018093513808778
56113.5760823975	0.9997180222270857	0.00040182340627717937
56113.59651665466	0.9997016863130395	0.0004018075909408439
56113.61695081159	0.9999729308162869	0.00040179127197395267
56113.637384868525	0.9999568061746936	0.0004017845229347325
56113.65781912499	0.9997196066671945	0.0004017946134523479
56113.678253281454	1.0002900013596128	0.0004018635456691225
56113.69868743792	0.9991230452702264	0.00040174497251933974
56113.71912159415	0.9998914974051578	0.00040182308162050093
56113.75998990592	1.00008138766786	0.0004018519431202096
56113.78042406168	0.9995783877088361	0.0004017979988214807
56113.80085811722	0.9997647567281561	0.0004018323197839842
56113.821292372755	0.9998101038971754	0.00040183830622991475
56113.84172652805	1.0005244841334293	0.00040189921940399513
56113.86216058312	0.999810524490105	0.0004018305805236453
56113.88259483819	0.9993163801066917	0.0004017625166106351
56113.90302899302	1.0007109935634475	0.00040189230873822145
56113.92346324763	0.9998802712022945	0.00040182101527253314
56113.94389730223	0.9999096174154217	0.0004018189808199084
56113.9643314566	1.0002489395171419	0.00040188607217377147
56113.98476571074	0.999636837548935	0.00040177368532789916
56114.00519976488	1.0000092672724825	0.00040182452606688803
56114.025633918776	0.9998224069646476	0.0004018492122489734
56114.04606817245	1.000436088766795	0.00040188047870721804
56114.066502326124	1.00000652614167	0.0004018538324296351
56114.08693637956	1.0004226495604869	0.000401878244911751
56114.107370633	0.9996695182507619	0.00040180957956486473
56114.148238939175	0.99976437778783	0.00040183778438916115
56114.16867309192	1.000473962415339	0.00040190067428638233
56114.18910724466	0.9994638733732735	0.0004018002347566078
56114.20954139716	0.9999100456551818	0.00040183409674314426
56114.22997554967	1.0000752632377061	0.0004018658429158308
56114.25040970171	0.9997754176458422	0.00040184415153868486
56114.270843953986	0.9995829589745392	0.0004017884409010924
56114.291278005796	1.000467275899845	0.000401910687825223
56114.33214630918	1.000509285923634	0.00040190951932260824
56114.352580460756	0.9996962515781882	0.00040183540722572847
56114.373014712095	1.0006741156713213	0.0004019704495103995
56114.39344876321	1.0005795166096882	0.0004019173172549895
56114.41388291432	0.9998278249239401	0.000401850281425978
56114.43431716519	1.0001509164579765	0.0004018691411703963
56114.45475121584	1.0006252069927433	0.00040194881549845686
56114.475185366486	0.9994660823060234	0.00040184411255440514
56114.49561961689	1.0003601847390233	0.000401906245374605
56114.516053667074	1.0001210367704136	0.0004019247441209062
56114.536487817255	0.9998236047411562	0.0004018921559270291
56114.5569220672	0.999628204518072	0.0004018898119888331
56114.57735611691	1.000166948751984	0.0004019329610433303
56114.6182245161	0.9997611951376775	0.00040184893653963816
56114.638658665586	0.9997581596606897	0.00040188267150058175
56114.6590928146	0.9995725300950631	0.0004018501169201407
56114.67952696361	0.9998247468926285	0.0004018871913023846
56114.69996111263	1.000071664563065	0.00040190800190603764
56114.720395361415	1.001143539840778	0.00040202568786758155
56114.74082940996	0.9998440085941688	0.00040191413194584695
56114.76126355828	0.999708949819367	0.0004018835841449288
56114.7816978066	0.9995238331933171	0.00040181041184804395
56114.802131854674	1.0013718322414589	0.0004020091013128989
56114.82256610253	1.000501057274147	0.00040198521345602526
56114.843000250374	0.9999106918382449	0.00040188282429539317
56114.86343429799	1.0001287383847204	0.00040192598212001696
56114.883868545614	1.0002883404648317	0.0004019220096866262
56114.904302693	0.9999671838263223	0.0004019298295086304
56114.92473674015	1.0002874161496607	0.00040186538106494664
56114.94517098707	0.9992510891564008	0.00040186488882064034
56114.965605133984	0.9992674075476817	0.000401790050750639
56114.98603918067	1.0006820505806922	0.0004019730779283243
56115.00647342736	0.9999238809854478	0.0004019386648939799
56115.02690757382	0.9998399578067849	0.00040191039394934586
56115.067775866024	1.0000318537294122	0.0004019285022087567
56115.08821001201	0.9999298268226258	0.0004019168317347455
56115.108644157765	0.9998533888451568	0.00040192306123208683
56115.12907830352	0.9988222689253835	0.00040184433802171245
56115.14951244905	0.9985275355474701	0.0004017462007516225
56115.16994659433	0.9980641087911889	0.00040177830620895575
56115.19038073939	0.9974132203957717	0.0004016904246877486
56115.21081488444	0.9976668761123423	0.00040170962729022637
56115.2312490295	0.9973580121868939	0.0004016699131511607
56115.251683174094	0.9984459620817977	0.00040176067994590186
56115.27211741868	0.9969917227326213	0.000401613098748153
56115.29255156304	0.9972874642051792	0.0004016700506480988
56115.3129856074	0.9969715234756185	0.0004016342772519736
56115.33341985129	0.9975168972758996	0.00040164844091204353
56115.35385399542	0.9973942731987053	0.0004016597276265298
56115.394722282734	0.9977948321677814	0.0004017372144660688
56115.41515642616	0.997703284929232	0.00040168915870883817
56115.43559066959	0.9974892786867514	0.00040169665134010273
56115.45602471278	0.998015676762337	0.0004017380592878797
56115.476458855745	0.998742383165762	0.00040178326887713823
56115.496893098476	0.9986587003699674	0.0004018035401456262
56115.5173271412	0.9996708053179807	0.0004019366519366443
56115.5377612837	1.000425776655533	0.00040195721142621805
56115.558195526195	1.0002690980215871	0.00040189146977738554
56115.57862956845	0.9999083297976715	0.0004019478958688852
56115.599063710484	1.0001321504529304	0.00040197169653128945
56115.619497952284	1.000456764299159	0.0004019315936878845
56115.639931994076	0.9993187385705649	0.0004018981162489401
56115.66036623564	1.0005100204124355	0.00040204825972814986
56115.68080037721	1.0000760696818918	0.0004019929903936502
56115.701234418535	1.0000037459486313	0.0004019601737605782
56115.72166865964	1.0003778392462712	0.0004019760721934169
56115.742102700504	0.9998559134182958	0.0004018495570889357
56115.762536841365	0.9994967003614655	0.00040190708461714935
56115.782971082	0.9994781733081558	0.00040190167331527097
56115.8034052224	1.0002136069885845	0.00040196698036932356
56115.8238392628	1.0007392174087704	0.0004020311378603068
56115.84427350297	1.0000069804746388	0.00040196787772741504
56115.86470764314	1.0000391813548013	0.00040197198523065015
56115.885141782834	0.9997418781338563	0.00040197366106899335
56115.90557592277	0.9996636541901983	0.0004019232961887224
56115.946444301706	0.9998728212952505	0.00040194982854026447
56115.96687834094	0.999874969999431	0.0004019766823968815
56115.98731247995	0.9998069328650392	0.00040191826807174825
56116.00774671895	0.9996984901520648	0.0004018806728482977
56116.04861489626	0.9998373764416032	0.000401967911504844
56116.06904913479	1.0004007938604411	0.00040201192903939524
56116.0894831731	0.9996968124969374	0.00040192953627154706
56116.10991741117	0.9995475846866191	0.0004019266047172494
56116.13035154924	0.9996231965511957	0.0004019128661125789
56116.15078558708	0.999153882713552	0.0004018459950941024
56116.17121982468	0.9997512825976983	0.00040190175223711534
56116.19165396229	0.9994412533198896	0.00040190301795751607
56116.212087999666	1.0003904658001928	0.0004019509662929943
56116.23252223681	1.0002437099264831	0.0004019276938752162
56116.25295637371	0.999680403212799	0.00040187052598154166
56116.27339051062	0.999529210637692	0.0004018980086949627
56116.29382464729	1.0007074881825377	0.00040195433496119696
56116.31425878397	0.9996165156558232	0.00040180508091810786
56116.33469302041	0.9996650239287621	0.00040188186539399955
56116.355127056624	0.9998281116188114	0.00040187663001286275
56116.395995328574	1.0003951677194418	0.000401977752364078
56116.41642946431	1.0000468753312122	0.00040194384432788396
56116.43686360006	0.9998812371239363	0.0004019525656629524
56116.45729773557	1.0013954424106457	0.00040205217474920444
56116.47773187085	1.0009714505387683	0.0004020301607615202
56116.49816600589	1.000238788263047	0.00040196950374512196
56116.51860024094	0.999839838900101	0.0004018877835885082
56116.539034275746	0.999880408009271	0.0004019062173357918
56116.55946851033	1.0000098316255441	0.0004018999679257648
56116.57990264491	1.0005148912223454	0.00040200935339133816
56116.60033667926	0.9998235492545754	0.0004019587548789569
56116.62077091337	0.9996061685002067	0.00040189513582871355
56116.64120504748	1.0004475725352144	0.0004020215714584289
56116.66163908136	1.000233575417821	0.00040198086799637055
56116.68207331501	0.9997529905189333	0.0004018880461470908
56116.70250744866	1.000646776036208	0.00040198076423053316
56116.722941482076	0.9996737793269409	0.0004019165730374001
56116.743375715254	0.9997873646635635	0.000401780248977986
56116.78424408115	1.000917417992578	0.0004020102740378119
56116.8046781141	1.000114604030556	0.0004019389970795049
56116.82511224659	0.999855167901075	0.0004018782675582363
56116.84554647907	0.9998042864769742	0.00040192826327623617
56116.86598051132	1.0005464286057437	0.00040195543385276357
56116.88641464334	1.000324871455727	0.000401927697687797
56116.906848875355	0.9998928785299345	0.00040186565694161407
56116.92728300714	1.0000143294906807	0.000401889462273613
56116.947717038696	0.9987464839854109	0.0004018109768843792
56116.968151270245	0.9999950875793105	0.0004019063161757694
56116.98858540157	1.0002966245835307	0.00040186710376003597
56117.009019532656	0.9997649025120624	0.00040191210100854044
56117.02945366374	0.9999735173387009	0.0004019500379021862
56117.07032192522	0.9996215973455408	0.00040184589783307016
56117.09075605583	0.9997681757407706	0.000401851199455246
56117.11119008622	1.0000450326824855	0.0004019297600402292
56117.13162431638	0.9995800877857547	0.0004018868828774981
56117.1520584463	0.9996127032057367	0.00040183352758706213
56117.172492476224	1.000231007161322	0.000401950623363218
56117.19292670592	0.9999651239848069	0.00040194920796386723
56117.2133608356	0.9995299135307527	0.0004017292769096431
56117.23379506483	0.9996921891942304	0.0004018980185445125
56117.25422909405	1.0005056769201792	0.00040199672920323843
56117.295097452035	0.9996364432928999	0.0004018772078330617
56117.315531480795	1.0000818121391624	0.0004019203447149404
56117.33596560955	0.9995054029440342	0.0004019004007969337
56117.356399837845	0.9996725714559984	0.00040188912072019637
56117.37683386613	1.0006362716872734	0.00040204219404566324
56117.397267994194	1.001271738420519	0.00040203197828200707
56117.41770222226	0.9996165608067606	0.00040189261695755
56117.43813635008	1.0006995690640785	0.00040194722063580866
56117.45857047768	0.9995458033640034	0.0004019252038930085
56117.47900460504	1.000334144266328	0.0004020532551012076
56117.4994387324	0.999506606731639	0.00040195321996897406
56117.51987285953	0.9995603416812611	0.0004018757959196582
56117.540306986426	0.9995700756861389	0.0004018789471852763
56117.56074111332	1.00006530009654	0.0004019649254946344
56117.62204349284	1.0012819912544348	0.0004021761654819678
56117.64247771904	0.9994129850902305	0.0004019230932254893
56117.683345970734	1.0004534434446544	0.0004019433631734172
56117.74464834746	0.9997746186171205	0.0004019604596790188
56117.7650823725	1.0001434188740974	0.00040194987919495834
56117.78551649753	1.0000574057307818	0.00040194873637926644
56117.80595072256	0.9997076266219809	0.00040192501048356554