56112.82001837999	0.9998863285377338	0.0004017876884298674
56112.840452442746	1.0000719571834746	0.0004018038327387897
56112.860886705035	0.9997109937881171	0.0004017639667599972
56112.88132086755	0.999768160097257	0.0004018123184368802
56112.901755029605	0.9997537211901996	0.00040179694001260747
56112.92218919165	0.9992992543476776	0.00040175459425455874
56112.942623353476	0.9993512795902119	0.00040176367922869696
56112.9630575153	1.0002779976713332	0.0004018490392044
56112.98349167689	0.9993909755772402	0.00040171528798968426
56113.00392583824	0.9999269232429143	0.0004018029684122238
56113.024359999596	0.9997488072367451	0.0004017855933150144
56113.04479416071	0.9997010508850989	0.0004017988354427612
56113.065228321604	1.0007623637897944	0.0004018806211393549
56113.085662582496	0.9990944302237944	0.0004017760005298544
56113.106096643154	1.000089817272064	0.0004017986272240448
56113.12653080357	1.0001341874220162	0.00040182941593699197
56113.146965064	1.0007715187680508	0.00040188085590589317
56113.167399124184	1.00032231740231	0.00040187320586356666
56113.18783328438	1.0002984497447487	0.00040182126721956414
56113.20826754434	0.9999778562007586	0.0004018313125528318
56113.228701604065	1.000231846666776	0.0004018423349193749
56113.249135763785	0.9996241712041704	0.00040177188902976066
56113.26957002328	1.0004468674724338	0.00040186382420044154
56113.29000408253	1.000548543156037	0.0004018729943706743
56113.310438341796	1.0002383084853306	0.00040186848336502866
56113.330872500825	1.000832498561333	0.0004019091534434598
56113.35130655962	0.9993845161383559	0.0004017803659997012
56113.37174081841	1.0000555268942906	0.0004018537748794979
56113.39217497697	1.0008719725348252	0.0004018977606416337
56113.41260913553	1.0004093641635161	0.0004018374957410094
56113.43304329386	1.0000477226945137	0.0004018537358568068
56113.453477451956	0.9999431160635535	0.00040184284203717693
56113.47391160981	0.9996032100130199	0.00040175858545065453
56113.49434576768	0.9999455325017801	0.0004018142328226251
56113.51477992554	1.0004094908643155	0.0004018469348236377
56113.535214182935	0.9998786959797277	0.0004018210868923792
56113.555648340334	1.000018400438489	0.00040181870016174745
56113.5760823975	0.9997417075923811	0.00040183292629577497
56113.59651665466	0.9997257358503446	0.0004018172571110426
56113.61695081159	0.9999972980766562	0.0004018010627915205
56113.637384868525	0.9999814384970224	0.0004017944202481109
56113.65781912499	0.9997444599243256	0.00040180460215795633
56113.678253281454	1.0003150638975127	0.00040187361446950064
56113.69868743792	0.9991482488346478	0.0004017551068119514
56113.71912159415	0.9999168719241457	0.0004018332787943351
56113.75998990592	1.00010703745502	0.00040186224969819215
56113.78042406168	0.9996041531244845	0.00040180835568050607
56113.80085811722	0.999790656936423	0.000401842729773635
56113.821292372755	0.9998361396759161	0.0004018487703902486
56113.84172652805	1.0005506800638708	0.0004019097420090517
56113.86216058312	0.9998368526114326	0.00040184116197284795
56113.88259483819	0.9993428560381113	0.0004017731609241363
56113.90302899302	1.0007376779225565	0.00040190302535746353
56113.92346324763	0.9999071149588209	0.0004018318029496299
56113.94389730223	0.9999366528620605	0.0004018298451574697
56113.9643314566	1.0002761822245345	0.00040189701791361364
56113.98476571074	0.99966426668436	0.00040178470963633914
56114.00519976488	1.0000369117106906	0.00040183563417722746
56114.025633918776	0.9998502496056141	0.000401860402779673
56114.04606817245	1.0004641468523068	0.00040189174978886303
56114.066502326124	1.0000347602734705	0.00040186517834965937
56114.08693637956	1.0004510691249269	0.00040188966129130145
56114.107370633	0.9996980706385469	0.00040182105598054216
56114.148238939175	0.9997931616943727	0.00040184935357634975
56114.16867309192	1.0005028313909847	0.0004019122712506351
56114.18910724466	0.9994927374258344	0.0004018118385608113
56114.20954139716	0.9999389017504146	0.00040184569314925475
56114.22997554967	1.0001040533141434	0.00040187741179345467
56114.25040970171	0.9998040741206874	0.00040185566956224994
56114.270843953986	0.9996114264965859	0.0004017998835944644
56114.291278005796	1.0004955229343129	0.0004019220353078697
56114.33214630918	1.0005368437058342	0.0004019205894197612
56114.352580460756	0.9997233378054948	0.0004018462947379731
56114.373014712095	1.0007007069710483	0.00040198113122639166
56114.39344876321	1.0006055112038708	0.00040192775888145047
56114.41388291432	0.9998531328396122	0.00040186045317033397
56114.43431716519	1.000175491925763	0.0004018790158022851
56114.45475121584	1.000648980870381	0.0004019583654097417
56114.475185366486	0.9994889451104116	0.00040185330474561853
56114.49561961689	1.0003821142071547	0.00040191505579142706
56114.516053667074	1.000141940286799	0.00040193314474459623
56114.536487817255	0.9998434171488195	0.0004019001197830454
56114.5569220672	0.999646867090419	0.00040189731507613886
56114.57735611691	1.0001844167099418	0.0004019399808194528
56114.6182245161	0.9997760890785524	0.0004018549230835554
56114.638658665586	0.999771698604052	0.00040188811388349724
56114.6590928146	0.9995846696906348	0.00040185499730425794
56114.67952696361	0.9998354543276938	0.00040189149523766704
56114.69996111263	1.0000809050459403	0.00040191171546391616
56114.720395361415	1.0011512890879863	0.0004020287997055103
56114.74082940996	0.9998502222943315	0.0004019166297093837
56114.76126355828	0.9997136147394505	0.0004018854594455383
56114.7816978066	0.9995269300858738	0.00040181165680452463
56114.802131854674	1.0013733481677516	0.0004020097098941941
56114.82256610253	1.0005009724192024	0.000401985179362675
56114.843000250374	0.9999089965459527	0.0004018821429256869
56114.86343429799	1.000125421589192	0.0004019246491853165
56114.883868545614	1.0002833924338244	0.0004019200215373236
56114.904302693	0.9999605987638497	0.0004019271826887349
56114.92473674015	1.0002791817507466	0.00040186207289591045
56114.94517098707	0.99924120924217	0.0004018609154543093
56114.965605133984	0.9992558645209059	0.00040178540947716294
56114.98603918067	1.0006688158965031	0.00040196776156761234
56115.00647342736	0.9999089708380795	0.00040193267147304
56115.02690757382	0.999823350490311	0.0004019037182278423
56115.067775866024	1.0000117984576709	0.0004019204416801823
56115.08821001201	0.9999080233032146	0.00040190806791831824
56115.108644157765	0.999829815128622	0.0004019135850224545
56115.12907830352	0.9987969252074569	0.000401834141783733
56115.14951244905	0.998500379390776	0.0004017352747807399
56115.16994659433	0.9980351177193332	0.0004017666356322435
56115.19038073939	0.9973823719054895	0.0004016780010072628
56115.21081488444	0.9976341115645421	0.0004016964346759376
56115.2312490295	0.9973233176593364	0.0004016559404876832
56115.251683174094	0.9984092546243416	0.00040174590937881385
56115.27211741868	0.9969530637858578	0.00040159752596148884
56115.29255156304	0.9972467564570938	0.0004016536550913289
56115.3129856074	0.996928761558982	0.00040161705042946383
56115.33341985129	0.9974720157266213	0.00040163036943441485
56115.35385399542	0.9973472763180833	0.00040164080155609085
56115.394722282734	0.9977435156950044	0.0004017165531676084
56115.41515642616	0.9976498050560357	0.0004016676269713001
56115.43559066959	0.9974336394429573	0.000401674244986077
56115.45602471278	0.9979578406609295	0.00040171477812739575
56115.476458855745	0.9986823489932547	0.00040175911777823537
56115.496893098476	0.9985965380343892	0.0004017785295524278
56115.5173271412	0.9996064776063103	0.0004019107877572385
56115.5377612837	1.0003593403287172	0.0004019305182308933
56115.558195526195	1.0002006681856273	0.00040186397580860755
56115.57862956845	0.9998379894760584	0.00040191962013257565
56115.599063710484	1.00005993980427	0.0004019426737297162
56115.619497952284	1.0003827691391485	0.0004019018662737177
56115.639931994076	0.999243176399694	0.0004018677272519559
56115.66036623564	1.0004328363135118	0.00040201724381424815
56115.68080037721	0.9999975233454468	0.0004019614177187015
56115.701234418535	0.9999239583156293	0.0004019281024298905
56115.72166865964	1.0002969366438061	0.0004019435635660829
56115.742102700504	0.9997741436504145	0.00040181669320868527
56115.762536841365	0.9994142384720974	0.00040187392591083647
56115.782971082	0.9993951905419396	0.0004018683049901897
56115.8034052224	1.0001302508282528	0.00040193348110093767
56115.8238392628	1.0006557252665407	0.0004019975962139327
56115.84427350297	0.9999236861179679	0.00040193439630535356
56115.86470764314	0.9999562575262658	0.0004019386534806539
56115.885141782834	0.9996595945847865	0.00040194057670973145
56115.90557592277	0.9995822398307789	0.0004018905628513066
56115.946444301706	0.9997938680642313	0.00040191808926603377
56115.96687834094	0.9997976328935919	0.0004019455907962672
56115.98731247995	0.9997314664561154	0.00040188793088626247
56116.00774671895	0.9996251422304085	0.0004018511868458705
56116.04861489626	0.9997689499892968	0.0004019404017929915
56116.06904913479	1.0003351341634852	0.0004019855436330707
56116.0894831731	0.9996342128055483	0.00040190436797590357
56116.10991741117	0.9994882051794962	0.00040190272771123853
56116.13035154924	0.9995672061267052	0.0004018903543580902
56116.15078558708	0.9991014765574077	0.0004018249180564916
56116.17121982468	0.9997025532518865	0.0004018821629554529
56116.19165396229	0.9993963747071593	0.0004018849710239537
56116.212087999666	1.0003494919682259	0.0004019345032498977
56116.23252223681	1.0002067753703798	0.0004019128524712548
56116.25295637371	0.9996475841947464	0.00040185733276898634
56116.27339051062	0.9995005309947954	0.00040188647697458126
56116.29382464729	1.0006829305325433	0.0004019444708860417
56116.31425878397	0.9995961282171636	0.00040179688599904437
56116.33469302041	0.999648747037659	0.0004018753218146977
56116.355127056624	0.9998158876475391	0.0004018717166399308
56116.395995328574	1.0003907870898903	0.0004019759921440392
56116.41642946431	1.0000462409187234	0.000401943589341642
56116.43686360006	0.9998841978286724	0.00040195375586716934
56116.45729773557	1.0014018379893403	0.0004020547425223478
56116.47773187085	1.0009810827307652	0.00040203402943499227
56116.49816600589	1.0002514428474798	0.0004019745892877786
56116.51860024094	0.9998552928839983	0.00040189399535072687
56116.539034275746	0.999898428647773	0.0004019134608087074
56116.55946851033	1.0000301697938134	0.00040190814175457794
56116.57990264491	1.000537294205824	0.0004020183549654089
56116.60033667926	0.9998477196269286	0.0004019684720863415
56116.62077091337	0.9996318399857338	0.0004019054571387334
56116.64120504748	1.0004744929064318	0.0004020323891866518
56116.66163908136	1.0002614353390786	0.0004019920645364634
56116.68207331501	0.9997815011069655	0.0004018995070425594
56116.70250744866	1.000675699086196	0.00040199238322538377
56116.722941482076	0.9997027889869061	0.0004019282363053174
56116.743375715254	0.9998162283460946	0.0004017918483019659
56116.78424408115	1.0009452653307356	0.000402021458692852
56116.8046781141	1.000141556780125	0.0004019498291992306
56116.82511224659	0.9998810305169689	0.0004018886626870546
56116.84554647907	0.9998288715641014	0.000401938146651918
56116.86598051132	1.0005695810813189	0.00040196473503369666
56116.88641464334	1.0003464154876125	0.0004019363540187369
56116.906848875355	0.9999126801270881	0.0004018736153759819
56116.92728300714	1.0000322928306993	0.00040189668144722656
56116.947717038696	0.9987625029714158	0.00040181742156730776
56116.968151270245	1.0000091438265462	0.00040191196549806693
56116.98858540157	1.000308667850477	0.00040187194211766756
56117.009019532656	0.9997749144853535	0.00040191612588800016
56117.02945366374	0.9999815222861258	0.00040195325557631974
56117.07032192522	0.9996257292821185	0.0004018475588633723
56117.09075605583	0.9997704937906171	0.00040185213118235416
56117.11119008622	1.0000456472354136	0.00040193000703621725
56117.13162431638	0.9995791307943827	0.0004018864981136516
56117.1520584463	0.9996103268973658	0.00040183257233672144
56117.172492476224	1.0002273798837356	0.00040194916571345855
56117.19292670592	0.9999604359177097	0.0004019473235332893
56117.2133608356	0.9995243686134162	0.0004017270483063748
56117.23379506483	0.9996859999268626	0.0004018955303243201
56117.25422909405	1.0004990655442672	0.00040199407279503056
56117.295097452035	0.9996297185171686	0.00040187450431608584
56117.315531480795	1.0000753937734566	0.0004019177652542147
56117.33596560955	0.9994995475088272	0.00040189804633066503
56117.356399837845	0.9996675248241821	0.00040188709186946947
56117.37683386613	1.0006322795979776	0.00040204059007788314
56117.397267994194	1.0012690490821952	0.0004020308984552576
56117.41770222226	0.9996154177341222	0.0004018921573888793
56117.43813635008	1.0007001993496794	0.000401947473800248
56117.45857047768	0.9995484264296917	0.0004019262586482864
56117.47900460504	1.0003389739976187	0.0004020551962617666
56117.4994387324	0.9995138314410447	0.00040195612539770196
56117.51987285953	0.9995701472943406	0.00040187973829151555
56117.540306986426	0.9995826273013518	0.00040188399358475333
56117.56074111332	1.0000807534169014	0.00040197113678180446
56117.62204349284	1.0013068639071971	0.00040218615586250066
56117.64247771904	0.9994411075248056	0.00040193440292034233
56117.683345970734	1.0004883251774268	0.0004019573772997873
56117.74464834746	0.999819585403989	0.0004019785386239964
56117.7650823725	1.0001916990836652	0.0004019692826365418
56117.78551649753	1.000108909970257	0.00040196943725489284