55289.15948104799	0.9999285277994673	0.00042541489698020527
55289.17991523752	1.0004055231291726	0.00042550297352643435
55289.20034942716	0.9996688164057653	0.00042535724663927477
55289.22078361692	0.9995570904184777	0.00042548309682393374
55289.241217906856	1.0005645676580708	0.0004254848291665033
55289.28208618719	1.0005447137185035	0.0004255695440985237
55289.30252047759	1.0001481629973432	0.00042547978409745324
55289.32295456811	0.9997452629185434	0.00042542201327287407
55289.34338875874	1.000014433691558	0.00042557150387055533
55289.36382304955	1.0000340859760015	0.0004255012725984441
55289.384257140526	0.9993690769748961	0.00042538090790002696
55289.40469133163	1.0005074433048944	0.0004256078254407647
55289.425125622845	0.9998889244647521	0.0004254209449006101
55289.44555971424	0.9995244722384012	0.00042539903237210985
55289.4659939058	1.0002207466512183	0.000425400643231725
55289.48642819748	1.0003562149522351	0.0004254965655165765
55289.50686238927	0.9997909206362751	0.00042534673363451257
55289.547730773396	0.9998905824552455	0.0004254034198654603
55289.568164965596	0.9999702002274148	0.0004254640797210824
55289.588599058035	0.9996491147672654	0.00042547899642303265
55289.60903335059	0.9994731311066553	0.0004253718949848472
55289.62946754326	1.0000157616702354	0.00042545618651481266
55289.649901636105	1.0009805590090857	0.00042555983924444195
55289.67033592907	1.0006411803760995	0.0004255687747202083
55289.6907701222	0.9993366723174122	0.00042541747181242115
55289.711204215455	0.9997313467660938	0.0004254194187891123
55289.731638508885	1.0004565261955012	0.00042557269929275525
55289.752072702424	0.9991243031811059	0.00042541574253644315
55289.772506796144	1.000541155443509	0.00042553804003545937
55289.79294098998	1.0003032793318116	0.00042570177573851667
55289.81337528396	0.9997888818896129	0.0004254103342787151
55289.833809378084	1.0003858095348528	0.0004254012900133088
55289.85424357236	0.9998438076075026	0.00042545852095523655
55289.87467786677	0.9998869250738236	0.00042530262860568515
55289.915546156015	1.0004235716691448	0.00042546895792335704
55289.935980450864	1.0001703361008338	0.0004254911597920631
55289.956414545864	0.9994745560532428	0.0004253437249789127
55289.97684874101	0.9999261320875857	0.00042541862004175947
55289.99728303627	0.9999894815918705	0.0004254298424031008
55290.03815132723	1.0000732353123334	0.0004254180026998659
55290.05858562295	1.0004982880568054	0.00042547407422021695
55290.079019718796	1.000067603409768	0.00042549185758143583
55290.09945391479	1.0005275786217425	0.00042546040138902034
55290.11988821089	0.9997008829854742	0.0004253779204450587
55290.14032230717	0.9997358262596034	0.0004254525873617293
55290.160756503596	1.00019611024195	0.0004254850670685567
55290.18119080013	1.000543808242906	0.00042558353618419974
55290.20162499685	0.9999295383577093	0.0004254525728473753
55290.222059093685	1.000101453482192	0.00042538641594646974
55290.24249339066	0.9998339952186416	0.00042541476536198656
55290.262927587784	1.000213202781464	0.0004255041101335472
55290.283361685055	0.9999018136660927	0.0004254425097797162
55290.303795982465	0.9997919200016612	0.0004254488586787983
55290.32423018	0.9996349271860693	0.0004254245622235089
55290.344664277705	0.9990939728419982	0.00042537276333820924
55290.36509857552	0.9995148627957999	0.0004254193034090311
55290.38553277349	0.9997018239205941	0.0004254947292177376
55290.40596687161	1.0003429268934652	0.00042554110825515927
55290.44683536827	1.0000271984769495	0.0004255222165930768
55290.46726946679	1.0002651551312232	0.0004254648087437679
55290.48770366548	1.0003601872165113	0.0004255440034604286
55290.508137964294	0.9994416641582571	0.0004254249749444128
55290.54900626239	1.0003601595233962	0.00042546049075229493
55290.5694405616	0.9999286104951632	0.00042549654164235134
55290.589874761	0.9998163914720493	0.000425474064073366
55290.61030886053	0.9998321826554214	0.0004255304095780366
55290.63074316019	1.0006095186465955	0.00042563576859135105
55290.65117725999	1.0017990519394517	0.00042564069913873326
55290.67161145994	0.9999372032324259	0.00042555637149028965
55290.69204576003	0.9991227286986091	0.00042544311648519726
55290.71247986024	1.0000547619408946	0.00042543646782431375
55290.732914060616	0.9999642570876103	0.0004254053488983035
55290.75334836112	1.0000150126912188	0.0004255498077717036
55290.773782461765	1.000518813295236	0.0004255690110982438
55290.79421666256	1.000581043815379	0.00042546270693025255
55290.81465096349	1.0001560370012643	0.00042548969728976757
55290.835085064544	0.9987280941079392	0.0004253601330031339
55290.85551926574	0.9998226705930272	0.0004254578037514169
55290.87595356708	0.9989174102789443	0.0004253710595494879
55290.896387768575	0.9997135923159872	0.00042534822199901816
55290.91682187021	1.0000737887379225	0.0004254662899172428
55290.93725617196	1.0008554345553011	0.00042553715209300293
55290.957690373856	0.9997630743914112	0.0004254744133860984
55290.97812447589	0.9998196061352094	0.00042533658678135875
55290.99855877808	1.0005916850431837	0.0004254541178747785
55291.01899298042	0.9997658413497043	0.0004254821709232175
55291.03942708286	1.0008504446506514	0.00042552452075479577
55291.05986128546	0.9995887114807304	0.00042547059173268304
55291.100729691054	0.9998754262472419	0.0004254154691011638
55291.12116389409	1.0000150945304038	0.0004254356524054934
55291.14159819724	1.0000605677289855	0.0004254727387415043
55291.162032300526	1.0005826287257595	0.00042553125096730617
55291.18246650397	0.9995724766308636	0.00042537638180334755
55291.202900807526	1.0000808207635754	0.00042550333896638473
55291.22333501122	1.0002465936718608	0.00042542164572924253
55291.24376911507	0.9998351089595934	0.0004254490873796666
55291.264203419065	0.9997062637617228	0.00042539150806497085
55291.28463762317	0.9998123101242414	0.0004253640717664338
55291.30507172742	0.9999164806597598	0.00042544324043134265
55291.325506031826	1.0003441383919862	0.00042546542344960343
55291.345940236366	1.000599408355045	0.000425406276137137
55291.36637434103	0.9997719098842153	0.00042543486459012625
55291.38680864587	1.0000713947520214	0.000425384663438322
55291.407242850786	1.00053622958013	0.0004254549532518795
55291.427676955886	1.0007595741561444	0.00042542805532564727
55291.4481112611	0.9998721166114822	0.0004254621609188322
55291.46854536646	0.9990714891373351	0.0004253888503812214
55291.488979571965	0.9985015912680801	0.00042530997060826365
55291.50941387762	0.9986375978803342	0.00042527184543602784
55291.52984798338	0.9988108244210993	0.0004252887443000772
55291.550282189266	0.9971376559210021	0.00042520039558635646
55291.57071649533	0.9973387802734845	0.0004251373163786229
55291.5911507015	0.9981557879035188	0.0004252021416553657
55291.61158480782	0.9976512952493907	0.0004252044292880538
55291.63201911429	0.9979575083053713	0.00042525172042625107
55291.652453320894	0.997282806020782	0.00042516284895778984
55291.672887427594	0.9974490341767968	0.00042521373098050635
55291.69332163447	0.9975093498731761	0.00042519414686521606
55291.713755941484	0.9978190103173221	0.00042524243233230314
55291.754624255904	0.9979671679159177	0.00042516301052814134
55291.7750585633	0.9980694796792811	0.0004251905693613492
55291.79549267084	0.9986061010076074	0.0004253121818784646
55291.81592687853	0.9975241251773824	0.00042514116217640916
55291.83636118636	0.9983891437763305	0.0004251717695813705
55291.85679529431	0.9977765083912402	0.0004251939825027261
55291.87722950241	0.999953116824716	0.00042535759073994764
55291.89766381065	0.9995799551984346	0.0004253304022142794
55291.91809801901	0.9993098306352435	0.000425392185866274
55291.93853212748	0.9993829010782173	0.00042537518130110805
55291.95896643613	1.0002546226076316	0.0004254762240234646
55291.979400644894	1.0003316077417643	0.00042543650634155127
55291.999834753806	0.9996862451281804	0.0004253446229804549
55292.02026906283	0.9991105191881957	0.00042528582830890613
55292.04070327203	0.999983937231219	0.00042535500243330224
55292.06113738132	0.9999952725688183	0.0004253879775925107
55292.08157169078	1.0001915582823873	0.00042538490722060854
55292.102005900364	1.0003645050106982	0.0004253800901432489
55292.12244001006	1.0005806952293237	0.0004254344251461086
55292.14287431993	0.9998361382708585	0.0004253336551654041
55292.16330852992	1.0001534906404626	0.0004254362295248935
55292.18374264005	0.9998404896205868	0.00042525472910101585
55292.2041769503	1.0002814532597208	0.0004253313388465258
55292.224611160695	1.0009412045938006	0.0004253899945318584
55292.24504527121	0.9997760707654731	0.0004252508154132742
55292.26547948186	0.9997441335991477	0.0004253732501252218
55292.285913792664	1.0004842272789047	0.0004254196688725389
55292.306347903585	1.0000658065501522	0.00042542094265772345
55292.326782114644	0.999421675986156	0.0004252958047290259
55292.34721642586	0.9997448306305283	0.0004252807846355856
55292.367650537184	1.0000252645332175	0.000425330819079537
55292.38808474865	0.9992968888932742	0.0004252829255583352
55292.40851906024	0.9997959893899565	0.0004252751842722437
55292.42895317198	1.000182283609262	0.0004253486281234818
55292.44938738382	1.000122427431951	0.00042522029729816544
55292.46982169585	0.9995959442866225	0.0004252878839755042
55292.49025580796	0.9996293684756169	0.0004252602045010633
55292.510690020245	0.9996794272556753	0.00042530028435687034
55292.53112433265	0.9995480750254254	0.00042529162849569256
55292.55155844517	1.0000434278430224	0.0004252994930431014
55292.57199265783	1.0007384572417002	0.00042530091416872605
55292.592426970645	1.000148399909116	0.00042524375524725645
55292.612861183574	1.0000456435936094	0.0004252634557543886
55292.63329529664	1.0002855271936981	0.00042528714910554036
55292.65372960983	0.9997177826969004	0.00042523655937005137
55292.67416382317	1.0005196390174533	0.00042533692167864563
55292.694597936614	0.9991004578938412	0.00042518564306983286
55292.71503225024	1.000130507516012	0.0004252726813056903
55292.73546646396	0.999739473359392	0.0004252451273964002
55292.75590057781	1.0001747701903607	0.0004252754770438308
55292.776334891816	0.9993314566252418	0.00042515073949201076
55292.79676910594	0.9995721425270617	0.0004252215336342315
55292.8172032202	0.9996669569116556	0.00042520460938468837
55292.83763743458	0.9996602505325399	0.0004251414043292931
55292.87850596378	0.9998035172152877	0.00042525342307831284
55292.89894007857	0.9995621160485875	0.0004251759943595319
55292.91937439348	0.999487813838633	0.00042519240911316047
55292.93980860853	0.9996652580129083	0.00042516225891932964
55292.960242723726	0.9998987614343691	0.00042520497073994567
55292.98067703904	0.9998673637984212	0.00042523111132516294
55293.001111154495	0.9999081781737398	0.0004251719553419312
55293.02154537007	0.9994064976323973	0.0004251469294363981
55293.04197968576	0.9999531575487618	0.00042523376016125785
55293.0624138016	1.0002022852566805	0.0004252145873601059
55293.082848017584	1.0001062475555926	0.00042520614348199817
55293.10328233369	0.9992256043840716	0.0004251191166815318
55293.123716449925	0.9997736613238233	0.0004252521476651937
55293.14415066629	1.000666321054446	0.00042524578801923394
55293.16458498279	0.99956911976666	0.00042521570753253175
55293.185019099416	1.0001161177358953	0.0004251645782823486
55293.205453316186	1.0001883556130473	0.0004251099867311708
55293.225887633074	1.0006500929088566	0.000425124862390191
55293.26675596725	1.0002912660769447	0.00042522370439897536
55293.287190284536	0.9998038144764663	0.0004251982332269343
55293.30762450195	1.0002508590520576	0.00042516403301266406
55293.328058619474	0.9996087828674349	0.00042511647189974006
55293.34849293718	1.0004982099668314	0.0004251143748818051
55293.36892715499	1.0001733570069333	0.00042517655440245665
55293.38936127292	1.0001193011531075	0.0004251901351704563
55293.40979559097	1.0001090432268644	0.00042526421457682236
55293.430229809164	1.0002381786091321	0.0004252480627829553
55293.45066392748	0.999895904903866	0.00042519501865552635
55293.471098145936	1.000040365175913	0.00042523263014194947
55293.49153246453	1.0006234863418595	0.0004251655131194399
55293.53240080209	0.9997804769928882	0.000425115757241494
55293.55283512107	1.000216420463969	0.0004251863030353282
55293.573269340166	1.0006069181578163	0.0004251892967456061
55293.59370345941	1.000738224700749	0.00042517090431514154
55293.614137778764	0.999983449599713	0.0004251522376477508
55293.63457199824	1.0006495552049466	0.000425264106235367
55293.655006117864	1.0006494574203855	0.00042531063522832375
55293.675440437626	1.0004221458497127	0.00042515839888252816
55293.69587465751	1.0010438983868366	0.00042522405705184765
55293.71630877751	1.0001552062637535	0.00042517703943169424
55293.73674309765	0.9994693101560033	0.0004250869994017799
55293.757177217914	0.9995636011245572	0.0004250564508157916
55293.77761143832	1.000194330126005	0.00042521763604436104
55293.79804575881	0.9996485967142726	0.0004250878374112577
55293.81847997948	1.000615377845101	0.0004251795234231568
55293.83891410027	0.9995875224661598	0.00042510034720015635
55293.85934842117	1.000170509062929	0.00042509392265887305
55293.90021676338	1.000271169226473	0.0004250797721188506
55293.94108520608	1.000402494260365	0.00042518540433431144
55293.96151942763	0.9997304155887388	0.000425092523154476
55293.98195374931	0.9991924758074661	0.00042507438639625007
55294.002387971115	0.9998343786431729	0.0004250778107373657
55294.02282209304	0.9999417144705016	0.00042504837582392214
55294.0432563151	0.9996104055012279	0.00042505708004346904
55294.06369063728	0.9996997889752789	0.00042505935788556877
55294.08412475961	0.9999341493705745	0.00042515274956535383
55294.10455898205	0.9996654826843826	0.0004250782832913775
55294.12499330464	1.0007406753795123	0.00042519106922650994