55243.28468389492	0.9992626730559204	0.0005957404123130865
55243.30511754789	1.0001425798397365	0.0006139098537156733
55243.325551301205	1.000000601628301	0.0006109163746730859
55243.345985154876	1.0002558085175317	0.0005988699913368636
55243.366418909005	0.9995469260517522	0.0005936174293762102
55243.38685256326	1.000305952301746	0.0005849547614384811
55243.407286417976	0.9998778670248061	0.0005775043977434838
55243.427720173044	1.0008259450156607	0.0005754262497688405
55243.448153828336	1.0001071224871727	0.0005684316175556534
55243.4685876841	0.9999987506758242	0.0005615139541627575
55243.489021440095	1.0002753746367399	0.000562258776157126
55243.50945509644	0.9986959040669041	0.0005550934183855046
55243.52988895314	0.9991869620705363	0.0005558796282862823
55243.55032271007	0.999080357335073	0.0005542914757110553
55243.57075636746	1.0002777690783868	0.0005545845147958769
55243.59119012509	0.9988542320159135	0.0005536896982961602
55243.611623983175	1.0004443067583089	0.0005539086791520031
55243.6320577415	0.9997394879068282	0.0005529846343925887
55243.65249140018	1.0011550224181653	0.0005533572379095739
55243.6729252592	1.0000700978366859	0.0005537699228252777
55243.693359018456	1.0001995365439735	0.0005548545332066134
55243.71379267818	0.9995169973468454	0.0005560672152155841
55243.73422653813	0.9994798323039741	0.0005546211233123454
55243.754660198436	0.9996695609131285	0.0005589892036203867
55243.77509395909	0.9995225060551425	0.0005539391514382197
55243.79552782009	1.0002772361159202	0.0005581286647299391
55243.81596148144	1.0008423233205812	0.0005637913283496176
55243.83639524315	1.0000233975473487	0.0005571328424921077
55243.856829105076	0.9999739013183618	0.000554576240983954
55243.87726276748	0.999757992562211	0.0005649413406421386
55243.89769653011	1.0001258665010688	0.0005563564732089152
55243.91813039309	1.0003474065231843	0.0005620592306803893
55243.93856405642	1.0005856445822512	0.0005637195267409665
55243.958997820104	1.0012583002958693	0.0005659519092596662
55243.97943168401	1.0000490773470503	0.000568206865280913
55243.99986534839	1.0003469012168609	0.0005678658585225572
55244.020299113006	1.0004031538885276	0.0005721880394082457
55244.04073287797	0.9999843284731816	0.0005718425611389735
55244.061166743275	1.0008862210788556	0.0005684415180584431
55244.081600408936	0.9987268143057461	0.0005593098977439502
55244.10203417482	0.999919173293499	0.000567323693586203
55244.12246804118	1.0002889311830983	0.0005648044470662497
55244.16333547472	1.0005886595578157	0.0005683652105089653
55244.18376934212	0.9999623422170552	0.0005625759405570801
55244.20420300976	1.0006813575379523	0.0005608414390392167
55244.224636777624	0.999614172827066	0.0005631752467402356
55244.245070645964	0.999784270901825	0.0005601936446605303
55244.265504314535	1.0005967750917921	0.000556434051806255
55244.28593808357	0.9997305899190905	0.0005631702254495213
55244.306371952836	0.9992076154338708	0.0005538519192329257
55244.326805622455	0.9996633564552299	0.0005529142050194067
55244.3472393923	1.000165906861637	0.0005625905739109308
55244.36767316262	1.00044234835766	0.0005557160669297891
55244.38810703317	1.000494718602872	0.000553146161780302
55244.408540704186	1.0002721661227967	0.0005563716276905976
55244.42897447543	1.0002538844462388	0.00055581089357414
55244.44940834703	0.9996672490351263	0.000553766147347089
55244.490275791264	0.9984996388141982	0.0005535250165228597
55244.510709563794	0.9965068888212355	0.000556702043320957
55244.53114333667	0.9972620894820143	0.0005563178339366136
55244.55157711001	0.9958634223906176	0.000554942967634403
55244.57201088359	0.99613296076897	0.0005543416286875285
55244.59244465751	0.9960982330819184	0.0005541171068753069
55244.61287843167	0.9956551803110922	0.0005541142197709405
55244.63331220629	0.9962259675679918	0.0005540305759527437
55244.65374598115	0.9967671609536641	0.0005532472631315458
55244.67417975647	0.9985112669197236	0.0005543565604233118
55244.694613532025	1.0001579566712513	0.0005545079554087293
55244.715047307924	1.000750273678067	0.0005534708397439208
55244.73548108406	0.9997143732054193	0.0005550138267503801
55244.755914760666	0.9992567724548661	0.0005520786523281695
55244.776348637504	0.9998226640750261	0.0005529738997310039
55244.7967824148	0.9996291885424562	0.0005532429249079914
55244.817216092335	0.9999330464122747	0.0005523619048321409
55244.83764997021	0.9998190046504276	0.0005526798579379586
55244.85808374833	0.9998660050524577	0.0005536556180468492
55244.878517526915	1.0006877483866445	0.0005535659155696366
55244.89895130585	1.0002106029478548	0.0005540566852339171
55244.919385085006	0.9988437654773252	0.0005542350188308165
55244.93981886452	0.9998355114518178	0.0005551161053313873
55244.96025264438	1.0007179333111687	0.0005540397435244856
55244.98068642459	0.999891581388469	0.0005533698454183362
55245.00112020504	0.9999797272113193	0.0005571392061181508
55245.02155398595	1.0006043329705077	0.0005559451138883761
55245.04198776709	1.000320812839746	0.0005547296202409718
55245.06242154858	0.9997018554980539	0.0005634242243293156
55245.08285543042	0.9993960728458284	0.0005544692613636892
55245.10328911261	1.000087715802501	0.0005539571106294584
55245.12372289515	0.9993917230450806	0.000559188451854316
55245.16459046104	1.0001843788257703	0.0005561119302166746
55245.18502424463	1.0005022670506465	0.00055550185345127
55245.20545802833	1.0000583960148604	0.0005558371257614255
55245.2258918125	1.0006006388641695	0.0005595615071311557
55245.24632559702	0.9999439762219611	0.0005583840524358818
55245.266759381775	0.9997790386756573	0.0005551418326635964
55245.28719316699	1.0008347196244303	0.0005595454272635441
55245.30762695244	1.0002897657676617	0.0005584749038606914
55245.32806073823	1.0000132778326827	0.0005580507619477379
55245.34849452427	1.0002737848769994	0.0005554300245501151
55245.36892831077	0.9993127786463489	0.0005582303126897261
55245.3893619975	0.9990093092262374	0.000556145107617445
55245.40979588469	0.9991239553755318	0.0005533895447205913
55245.43022967212	0.9992715376403745	0.0005598276136957556
55245.450663359894	0.9999139268961947	0.0005574152972772437
55245.49153103639	0.999774337356181	0.0005581949699475445
55245.5119647251	1.0000917062509427	0.0005555400552632457
55245.53239851427	0.9998441146407245	0.000554497863569219
55245.55283240368	0.9992851836642902	0.0005579660184947531
55245.573266193314	0.9994191135951488	0.0005532045933053907
55245.59369988342	1.0000352527719736	0.0005533146917383731
55245.61413377388	0.9995781433066598	0.0005550133829974629
55245.634567564564	0.9998820457761066	0.0005522249052862037
55245.6550012556	0.9994632679742332	0.0005526690713660234
55245.67543514699	1.0002949371446497	0.0005539780045225455
55245.695868938725	0.9997767228579291	0.0005520917052604887
55245.716302630695	1.0007826952839105	0.0005532324338254934
55245.73673652313	1.000198685214135	0.0005538904917201374
55245.757170315796	1.0004808901351647	0.0005545242475015299
55245.777604008814	1.0007518418923935	0.0005561404224001323
55245.79803790218	1.0014470288675152	0.0005571331069706309
55245.81847169589	0.9998469376474064	0.000554514696760714
55245.83890538996	0.9998874617568738	0.0005537580133140992
55245.85933928426	0.9999733795047723	0.0005732931324202508
55245.8797730789	0.9999606949434136	0.0005539436049579369