55295.20776787478	0.9997204499499498	0.0005578542324833542
55295.22820217805	1.0008569200061923	0.0005615416916816207
55295.248636581484	1.000802981558566	0.0005554903208174204
55295.269071085044	1.0006497253803177	0.0005525180743777145
55295.28950548878	0.9985620377110861	0.0005533536798585065
55295.30993979263	0.9999352574589634	0.000548682476419894
55295.330374296645	0.9997146581633489	0.0005430586109536432
55295.350808600844	0.9991062373945305	0.0005460195801351577
55295.37124300515	1.0001968797283596	0.0005415879323064636
55295.391677509644	1.0000497037845946	0.0005333536384969349
55295.41211181425	1.0004706218272734	0.0005441507145545066
55295.43254621903	1.0002536289806216	0.0005297716308943263
55295.45298072392	1.0006595756968122	0.000528080347320004
55295.473415028995	0.999719402345684	0.0005462285379126927
55295.49384943418	1.0003937843650814	0.0005269669979006029
55295.51428393954	1.0006681873092078	0.0005288580276405792
55295.53471824508	0.9996626857444545	0.0005289445522913866
55295.55515265073	0.9994031716225329	0.0005351820105926608
55295.575587156556	1.0002669839149454	0.0005250832325892095
55295.5960214625	0.999875465467149	0.0005252241166916374
55295.616455868614	1.000823596268369	0.0005294702118383069
55295.65732478126	1.0016990462107067	0.0005292995503125783
55295.67775908779	0.9995908143230503	0.0005255561672307636
55295.698193594544	0.9990604254066302	0.0005256866010792873
55295.71862800136	0.9999351566866259	0.0005250935038620654
55295.73906230835	0.9997786809754212	0.0005298214877047135
55295.75949681552	1.0026611860905095	0.00052817288824997
55295.77993122274	0.9987952505909792	0.000534563310978481
55295.8003655302	0.999761695932764	0.0005334112952061239
55295.82080003777	0.999758108125487	0.0005328391312206992
55296.00470961262	0.9995450804539666	0.0005366317154290894
55296.02514412165	0.9998409287974684	0.000539344816169365
55296.04557853085	0.9998654541696536	0.0005370350385547547
55296.06601284017	0.9990371752690494	0.0005421376899948794
55296.08644734973	0.9991622768056319	0.0005556434452936808
55296.10688175933	0.9992534142477332	0.0005439578552079891
55296.12731606912	1.0000732728100252	0.0005482384021315787
55296.147750579024	0.9994394427411633	0.0005446191686177272
55296.168184989096	0.9992905411328818	0.0005273546524730068
55296.18861929929	1.000529385438128	0.0005414628246958272
55296.20905380966	1.000350273369529	0.0005489836894537619
55296.22948812014	1.0011752276332446	0.000528697052605972
55296.2499225308	1.0001454898499318	0.000558348134665528
55296.270357041634	0.9998241185335681	0.0005374758638290131
55296.29079135253	0.9991455902704688	0.0005458770597404594
55296.311225763646	1.0000799708983652	0.0005603770481707475
55296.33166027489	1.000797243112698	0.0005356945807616253
55296.35209468624	1.000567410413939	0.0005349338164170731
55296.372528997774	0.9994317339337855	0.0005556036134338003
55296.392963509425	1.0009432356386292	0.0005277163049045206
55296.41339792124	0.9984817252637614	0.0005544595988343634
55296.43383223318	0.9968792613757207	0.000559571948468689
55296.45426674524	0.9969751541375971	0.0005321176181744407
55296.474701157524	0.9973787879713152	0.0005494045868293936
55296.49513546987	0.9964056965145607	0.0005539092557670086
55296.515569882395	0.9968057230444821	0.0005262583896407319
55296.536004395086	0.9973303015213226	0.0005521355232638298
55296.5564387079	0.9972651216259075	0.0005497343995161969
55296.57687312083	0.9968177697140654	0.0005293587073838068
55296.59730763393	0.9978529645879729	0.000549892559255005
55296.61774194721	1.0006199096784312	0.0005281150590011602
55296.638176360604	0.9992909868169932	0.000526407341762687
55296.65861087411	1.0008204433934167	0.0005455368705415228
55296.6790451878	0.9999960404424462	0.0005324579852392818
55296.6994796016	0.999367881820959	0.0005256810160318004
55296.71991411557	0.9995204522590821	0.0005411358369872217
55296.74034852967	0.9998045137291708	0.0005251973141100819
55296.76078284388	1.0008461612950779	0.0005319552432532125
55296.781217358315	1.0001367885446568	0.0005281028602497803
55296.80165177282	0.9999972837064959	0.000525518465130445
55296.84252060228	1.0010794218352677	0.000529592037464696
55296.86295501725	0.9991549949582732	0.0005251604782709002
55296.88338933233	0.9989799394776628	0.0005319235807396893
55296.903823847584	0.9999636608207445	0.0005261675047323964
55296.92425826296	0.9996613487020882	0.0005265503290096103
55296.94469257851	1.000038246687341	0.0005293565124224844
55296.96512709417	0.9997675925892859	0.0005280072038609366
55296.98556150995	0.9981409371165579	0.0005275113165099632
55297.00599582591	1.0000690565010966	0.0005260572317882853
55297.026430341975	0.9995553610533646	0.000525060814902539
55297.04686465822	0.9997280366681955	0.0005251045650183998
55297.06729907459	1.0006693751506437	0.0005294382654262044
55297.08773349112	0.9999917516084702	0.0005255892425499792
55297.10816800778	1.000165606723602	0.0005276031795157952
55297.12860232455	0.9999004000471694	0.0005318044411251742
55297.14903674149	0.9998655708638593	0.0005272427105437714
55297.16947125855	1.0001115722679268	0.0005251317488938965
55297.18990557579	1.000540443183119	0.0005253124929866999
55297.21033999314	0.9998059131707814	0.0005305402532035646
55297.23077451064	1.0000323080376852	0.0005254237609057375
55297.25120882825	1.0008538592463925	0.0005261741590940762
55297.27164324604	1.000234252111552	0.0005269544847855483
55297.292077763945	0.9991515013852511	0.0005366519387185397
55297.312512082	0.9998020575688426	0.0005278590474452197
55297.33294650022	1.0000672138941757	0.0005280107501760579
55297.35338101856	1.000529861453724	0.0005269547169055946
55297.37381543702	1.0000549391270828	0.0005375294641195182
55297.39424975565	0.9996732022166658	0.000527777724087434
55297.4146842744	1.0003796009063153	0.0005282226077527419
55297.43511869327	1.000261930738456	0.000532025047899853
55297.4555530123	1.0005682981049717	0.0005313377724840559
55297.47598753149	1.0002436816986737	0.0005288459382199159
55297.4964219508	0.9995763979788519	0.0005329683189384276
55297.51685627024	0.9998206265474686	0.0005258192300180094
55297.537290789835	0.9996414369978006	0.0005253925988620791
55297.557725209575	1.0003954160293356	0.0005340408432016203
55297.578159529425	1.000278327784335	0.0005254296139038984
55297.59859404943	0.9995060595066596	0.0005262635714003861
55297.61902846958	1.0000848871638648	0.0005520655573547664
55297.63946278983	1.0007112180926838	0.0005261282649636639
55297.68033173083	0.9996473975511414	0.0005370699361511518
55297.70076615152	0.999998121789194	0.0005259335178314409
55297.72120057234	0.99938613037586	0.0005290428802575386
55297.741634993334	1.0006078752711471	0.000535589776598177
55297.762069314434	0.9998140003549685	0.0005253605143669196
55297.78250373569	0.9994819678725815	0.0005345326474857446
55297.80293825706	1.000216498825131	0.0005295313348454534
55297.82337257857	1.0011890704922655	0.000532629436922213