55762.56876749813	0.9997608271986735	0.0005244902821766591
55762.58920165215	1.0002531117666096	0.0005231001226037817
55762.6096356057	1.001143382494759	0.0005245421918806233
55762.63006965902	1.0000576459866775	0.000518629529949093
55762.65050381234	0.9997851380132082	0.0005205058563048341
55762.6709378652	1.0001905676723282	0.0005229558974059855
55762.69137191782	0.9998664953889858	0.0005211956020584047
55762.71180596998	0.9995693896464687	0.0005194124529466962
55762.73224002214	1.00088830476834	0.0005202290690730491
55762.75267407406	0.9996012908356816	0.0005192316607024386
55762.77310812552	1.0000916168116758	0.0005205489222165836
55762.81397632797	1.0010331897736022	0.0005203800407242742
55762.99788277573	0.9993354754521269	0.0005187259377503701
55763.01831672416	1.000362070420695	0.0005316856018357252
55763.038750872365	1.0008128021850777	0.000520937636818723
55763.05918492033	0.9991651109553714	0.0005192200487512063
55763.07961886783	0.9999359056309908	0.0005237429550766111
55763.10005301533	0.9994858890460274	0.0005194667029173624
55763.12048706236	0.999868290923605	0.00051879061522243
55763.1409211094	0.9997867504073209	0.0005236202585836252
55763.16135515597	0.9998203925863376	0.0005186012792252647
55763.1817892023	1.000707117479899	0.0005270562127175218
55763.20222324841	1.0003561901823939	0.0005185942167712023
55763.22265729428	0.9996217539276486	0.0005219531230875257
55763.243091339915	0.9997119225809136	0.0005184808436353298
55763.26352538509	0.9996386436623081	0.0005197742932917575
55763.283959430264	1.0003237975537438	0.0005207740845878557
55763.304393474966	1.00031810724363	0.0005192571392954514
55763.32482751944	1.0005201484897257	0.000518699625500887
55763.34526156392	0.9999824292037705	0.0005211933490619019
55763.3861297517	1.0007008672547668	0.0005191881567091732
55763.40656369501	0.999417872579857	0.0005233742726425861
55763.426997738316	0.9999335422035127	0.0005187388993370918
55763.46786582401	0.9999292363586088	0.0005223485370738441
55763.48829986638	0.9994965431057028	0.0005197652138850672
55763.50873400853	0.9995943876738347	0.0005236238305894071
55763.529167950444	1.0002810237388495	0.0005208862562067944
55763.54960209212	1.0001298741846845	0.0005192339150354951
55763.57003613357	1.0000840039471695	0.0005227928038927552
55763.590470074785	0.9997778411812245	0.0005211238311675376
55763.61090421553	1.0003425256092227	0.0005187659993814026
55763.63133825628	0.9992414634447306	0.0005223843762977543
55763.651772296565	1.0000126769965223	0.0005184979557795741
55763.67220633661	0.9992594337263923	0.000518878781289985
55763.69264037643	0.9997532457300528	0.0005218544684657336
55763.71307441601	0.9996187572446588	0.0005197808417626054
55763.73350845536	0.9994910797520845	0.0005212648749657766
55763.753942494484	1.0009852986017291	0.0005187083073975834
55763.77437653313	0.998075636940316	0.0005200453574779716
55763.79481067179	0.9981025479552799	0.0005290728439549616
55763.81524460998	0.9964089465027555	0.0005197228299928586
55763.83567874793	0.9966798091298594	0.0005190259948633201
55763.85611278565	0.9965946903248284	0.0005234618770964053
55763.87654672314	0.9966061620026063	0.0005183496545351392
55763.896980860394	0.9968581691519686	0.0005183483524915355
55763.917414797186	0.9970150006500372	0.0005301994771586194
55763.93784883398	0.9981215137774229	0.0005196136412332421
55763.9582829703	0.9982874469747064	0.0005199288905841973
55763.978716906626	0.9994195404420116	0.0005279078726428704
55763.99915094249	1.0001424353994068	0.000518739899173348
55764.01958507811	0.9998635248228855	0.0005185178213288258
55764.040019013504	1.0000420782589807	0.0005241088681896727
55764.060453048434	1.0012458500236292	0.0005190264918761332
55764.08088718336	0.9992726028439449	0.000518670945766526
55764.101321118054	1.0000165255551026	0.0005225609085593893
55764.12175525229	0.9999961498308454	0.000518535879062534
55764.14218928628	0.9990696468676039	0.0005207052632482984
55764.16262322004	0.999871655949445	0.0005219539076298351
55764.18305735358	1.0002410429354718	0.0005191321020269395
55764.22392541994	1.0003521926467576	0.0005186590957792094
55764.24435945254	0.9997323911195604	0.0005190724326686241
55764.264793485134	1.0001691723660675	0.0005189851149072351
55764.28522751727	0.9996769361694369	0.0005185755935418351
55764.30566164917	1.0003157848097053	0.0005187111011896278
55764.32609558084	1.000137287537794	0.0005183744507351425
55764.346529712275	0.9993964442392689	0.0005194605962477453
55764.36696374348	1.00042069533532	0.0005210341450140713
55764.38739767444	1.0002646199708303	0.0005226622427945266
55764.40783180495	0.9992502663876925	0.000522595918061279
55764.42826583545	0.9998674974310722	0.000524920399983177
55764.4691338953	1.0007827775277038	0.0005287822086306229
55764.48956792487	0.9990533068553611	0.0005255137435520639
55764.51000185421	0.9998117082291074	0.0005235957040007601
55764.53043598332	1.0000394215540083	0.0005246961479270445
55764.55086991196	0.999766850850107	0.0005200433134265422
55764.5713039406	0.9994717000456143	0.000519700971159815
55764.591738068775	1.000248506240292	0.0005240557212981282
55764.61217199672	1.00031669086012	0.0005185362459050218
55764.632606124425	1.0001843050397496	0.0005183773996606478
55764.653040151905	1.0000610233240939	0.0005205539018560868
55764.673474179144	0.9995223832999434	0.0005182860730837382
55764.69390820616	1.0002488774023481	0.0005196049643315721
55764.714342232706	1.0002207753400194	0.000519187624898355
55764.734776259254	1.0006662076878778	0.0005189513523930139
55764.75521028533	1.0000966645275189	0.0005220909615663728
55764.77564431118	0.9999376029064491	0.0005193922356797959
55764.79607833679	1.0010897418170468	0.0005207831057234283
55764.816512462174	1.0001126046991526	0.0005273910062635836
55764.83694638709	0.9996344100026073	0.0005183853041901658
55764.85738041201	1.000298673249685	0.0005195579124850077
55764.877814536456	1.0002802158974364	0.0005257624464573647
55764.89824846091	1.0003698756894672	0.000520570465731155
55764.91868258489	1.0000397169439255	0.0005229718733395395
55764.93911660864	0.9987010690227046	0.0005194856776933723
55764.95955053216	1.0004989605046735	0.0005221901848553529
55764.97998465521	0.9989083220825425	0.0005204744698244766
55765.00041867827	1.0003398321157657	0.0005210848200137543
55765.02085260086	0.9998996891841385	0.0005229040870217606
55765.04128672344	1.0004308086245501	0.0005253088380581553
55765.061720745565	0.9997418187710978	0.0005194953320250058
55765.082154667456	0.9996243122175297	0.0005260837737854166
55765.10258878911	1.0011735021899266	0.0005207236450787443
55765.123022810534	0.9995713608959631	0.00051852476444891
55765.143456831494	0.9997206779134704	0.0005345757908665702
55765.16389085245	1.0008693466140708	0.0005287375673236159