55035.562014784526	0.9996148155558136	0.0005168511873454414
55035.58244872714	1.000375169036705	0.000515456313959586
55035.60288256928	0.9998558380851955	0.0005177997353218627
55035.62331631119	0.9988904327996482	0.0005127433893459257
55035.64375025264	1.0004939944809377	0.0005118311249868074
55035.66418409385	1.0000858039593616	0.0005126631871619794
55035.68461783483	1.0007936073737262	0.0005117005471675181
55035.70505167558	1.0002117205326035	0.0005087978615309179
55035.725485615854	0.999545479055162	0.0005077873053567336
55035.74591945614	1.000640879917839	0.0005075654535612272
55035.766353195955	0.9985917459823316	0.0005085235915788972
55035.7867871353	0.9997283107784457	0.0005052655047719723
55035.80722097465	1.000158897200933	0.0005050221298802492
55035.82765471354	0.9994834720453418	0.000504390808811097
55035.848088552186	1.0001047831859036	0.000503743182826187
55035.868522490375	1.000346907400508	0.0005039951745399734
55035.88895622856	1.0002811547355597	0.0005091478522590823
55035.909390066285	1.0007162758312131	0.0005049465867420819
55035.929824003535	0.9999499708463762	0.0005041000078995549
55035.95025774079	0.9998346042962702	0.0005188687573465892
55036.113728427415	1.0000613160918381	0.0005046765101111131
55036.13416216188	0.9990569531340605	0.0005035647375130406
55036.15459609611	1.000094608009741	0.000505075031923766
55036.1750299301	1.000012109250603	0.0005035744855264048
55036.19546366363	1.000269120727702	0.0005042796557466387
55036.21589759692	0.9997287633125758	0.0005059703137079854
55036.23633142999	0.9994792232587066	0.0005052176149274615
55036.25676526259	0.9998592318823498	0.0005048107295179717
55036.27719899519	0.99997372664881	0.0005076157999408437
55036.297632927315	0.9992465840769239	0.0005080845623388043
55036.31806675922	0.9994535483810161	0.0005058002529241626
55036.33850049065	0.9996281351681242	0.0005093631503352696
55036.35893442185	0.9999090956800747	0.0005135281196245102
55036.37936825282	1.0000049957223527	0.0005065050337043831
55036.399801983556	1.0003631478888018	0.0005068514104846638
55036.42023581382	1.000018024668765	0.0005070486756122415
55036.44066974409	1.000233602153573	0.0005056304144255906
55036.461103473666	0.9996656232331851	0.0005050665298332471
55036.48153730323	1.000924493868081	0.0005065178511900768
55036.50197113234	1.0001885576203824	0.0005050330492640287
55036.52240496145	0.9996239877519142	0.0005057842540509639
55036.54283878985	0.9998822615514292	0.0005076003207929864
55036.56327261826	0.9999716961402706	0.0005077683590069413
55036.5837064462	1.0003216565570314	0.0005083977070388589
55036.60414027391	0.9997484388523192	0.0005133223193936424
55036.624574101384	1.0002126369605322	0.0005056759154883373
55036.6450079284	1.000930316227445	0.0005096410494196429
55036.6654417554	1.000258719046475	0.0005072181620580804
55036.68587558195	1.000140509191782	0.0005072239707429146
55036.70630930803	1.0004089814835184	0.0005099836566453802
55036.7267432341	0.9997630026496251	0.0005055759019389058
55036.7676107851	0.9974765479094099	0.0005127686735675568
55036.80847853493	0.9968774626529655	0.000505198838584057
55036.82891225938	0.9966703734009984	0.000515563457942473
55036.849346083356	0.9958548501787592	0.0005104696246939194
55036.86978000734	0.9959732123424493	0.0005070984179100051
55036.89021373086	0.997230101134789	0.000511810121824638
55036.91064755414	0.9968803684810629	0.0005054353686338209
55036.931081477196	0.9966505621545939	0.0005084402168267495
55036.951515199784	0.9982561600584243	0.0005098098350885134
55036.97194902213	1.0000528761822627	0.0005103909247442955
55036.992382844255	0.99964385749607	0.0005053054367523327
55037.012816666145	0.9997734062362567	0.000506705798425112
55037.03325048756	1.000123680975873	0.0005265287338992386
55037.053684308754	1.0003399438579232	0.000513741915785678
55037.074118229706	0.9994371134694996	0.0005116356352401003
55037.09455195043	1.0010891898193672	0.0005175263799649981
55037.11498577069	1.00030612272544	0.0005067574348974783
55037.13541949072	0.9998949223380007	0.0005056328662602817
55037.155853410506	1.0005588242921255	0.0005123136825498467
55037.176287229835	1.000856639327796	0.0005061312709058673
55037.19672094893	0.9992241548450065	0.0005187707220874078
55037.21715486779	0.9994910888881618	0.0005231946455429585
55037.23758868642	0.9993974310557541	0.0005053815590637985
55037.25802240458	1.000264091886051	0.0005305728720078754
55037.278456222506	1.0007657733254869	0.0005267480209407415
55037.298890140206	0.9995105937924074	0.0005046784556578574
55037.339757674665	0.9997637850197832	0.0005134708862271728
55037.36019159143	1.0004125374524682	0.0005062629930466822
55037.380625407735	1.0012616602175473	0.0005148490454349749
55037.40105912403	0.9997021386760248	0.0005048085276668452
55037.421492939866	1.0010451727731438	0.0005045385517845331
55037.44192685547	1.0006168517938372	0.0005110955619909475
55037.46236057083	1.000528680048582	0.0005059218001486784
55037.48279438574	0.9998893130058125	0.0005058604856813428
55037.50322830041	1.0002377246688936	0.0005140884519461067
55037.52366201484	0.9998466651009335	0.0005035596367294146
55037.544095828816	0.9995578613802615	0.0005067061179839704
55037.56452964279	1.0001294731888386	0.0005100033054846787
55037.58496355629	0.9997180373920338	0.0005032286082142091
55037.60539726933	1.0002960132404755	0.000503363051601022
55037.625831082376	1.000132095384021	0.0005066227527978439
55037.646264994946	0.9985944806612261	0.000505514522996849
55037.66669870729	1.0002886760584482	0.0005033505744098621
55037.68713251917	1.0001403361670353	0.0005043967065800392
55037.70756623104	0.9988889873928202	0.0005063435307733651
55037.72800014245	1.0000996447415935	0.0005049819614663355
55037.7484339534	1.000351528381108	0.0005032184941254557
55037.76886776434	0.9998153950324693	0.0005124262755929611
55037.78930157482	1.0000420884447916	0.0005035398849735335
55037.80973538507	1.00008196213495	0.0005054329020644254
55037.83016919508	0.9993491145374758	0.0005241204537726987
55037.850602904626	0.999275225401598	0.0005079978425106516
55037.871036813944	1.0001149165166598	0.0005090453788465265
55037.89147062302	1.0004839757103055	0.0005131134884851761
55037.91190433187	1.00000700295959	0.0005052914201392073
55037.93233824026	0.9995927440828083	0.0005092788525397348
55037.952772048404	1.0005474267574197	0.0005141781834222045
55037.99363966378	1.0002450289257554	0.000521269644384973
55038.01407347099	1.0000492914978056	0.0005155262746333911
55038.03450727798	0.9996003759634705	0.0005111181772886401
55038.05494098474	0.9998927187216093	0.0005138402421154763
55038.07537489102	1.0000980532526742	0.0005092865604856007
55038.09580869708	0.9990557333193026	0.0005110272732011506
55038.1162424029	0.999781605649884	0.0005128548877094751
55038.136676308255	1.0005140996165047	0.0005145961198454225
55038.157110113614	0.9997394229060095	0.0005149898311590397