55347.13179542047	1.0005523273268269	0.0005277018859998757
55347.15222977729	0.9999590329474207	0.0005303009922887464
55347.17266433411	0.9989337123167845	0.0005344675552347806
55347.193098790805	0.9993259728743873	0.0005283436704114137
55347.21353314739	0.9998154529601433	0.0005331524420171978
55347.27483661656	1.001338968775229	0.0005384940793333426
55347.29527107268	0.9996661865230293	0.0005276017506421404
55347.315705528796	1.0005660112031922	0.0005383674876857204
55347.33613998468	0.9992827539148361	0.0005357956498332337
55347.35657444057	1.0002724798114602	0.0005320648734836615
55347.377008896336	0.9998920458277569	0.0005270123548902863
55347.39744335199	1.0004345161959578	0.0005498773274339362
55347.41787790753	1.0003378048705613	0.0005272632792110209
55347.438312262944	1.0004662941489428	0.0005476427363954506
55347.45874671825	1.0004492247865224	0.0005268182103225754
55347.47918127343	0.9990481771779388	0.000537455314052055
55347.499615628505	0.9997921919214897	0.0005330761344574469
55347.52005018358	1.0001279559595924	0.0005278589536209839
55347.54048463842	0.9990473870590063	0.0005432644347120478
55347.56091899325	0.9991063631017914	0.0005268498775796984
55347.581353547976	0.9995973445250917	0.0005648825217949981
55347.601788002576	1.0000169507508705	0.0005267580648327997
55347.62222235695	0.99949394744607	0.0005519029666176115
55347.642656911325	0.9995039687933409	0.0005266902784372241
55347.66309136558	0.9997704483504783	0.0005634151749544304
55347.68352571983	1.0003405033623967	0.0005286347232350157
55347.70396027386	1.0003407547006566	0.0005527495783917123
55347.72439472776	1.0011242924821522	0.0005282881080894582
55347.74482918167	0.9999523593747284	0.0005518422947388119
55347.765263635345	0.9993941765324224	0.0005281969353115285
55347.78569808902	0.9999126886199645	0.0005365409891524214
55347.80613254246	1.0010517803511587	0.0005302897304527469
55347.8265669959	0.9996582668535534	0.0005337250332426778
55347.84700144922	0.9991443656237649	0.0005268544423303847
55347.86743590243	0.999553161267917	0.0005299410898069045
55347.887870355524	1.0009888887703289	0.0005331421966893195
55347.9083048085	1.001477735084408	0.0005297013557125582
55347.928739261355	1.0000884142173707	0.0005290690953300501
55347.9491737141	0.9997052104873878	0.0005402024839590898
55347.96960816672	1.0004709504930944	0.0005436325826008009
55347.99004271923	0.9997299370980872	0.0005282327711718973
55348.010477071744	1.0003856234344908	0.000540917955642252
55348.03091152402	1.0004770539641932	0.0005286499960428959
55348.051346076296	1.0002174317183385	0.0005338793702047968
55348.07178042834	0.9997585767333986	0.0005275743359613168
55348.09221488038	1.0005338670756625	0.0005296058168634838
55348.11264943231	0.9999849479873015	0.0005347585990281949
55348.13308378412	1.0003751346692238	0.0005272700746192364
55348.15351823582	0.9994773727943669	0.0005398446460485775
55348.17395278728	0.9994687293642726	0.000527775379652298
55348.19438713874	1.0003079956772973	0.0005426749646701159
55348.2148216902	0.9998712341996787	0.0005280117394656509
55348.23525614143	1.000045573408813	0.0005285438305646002
55348.255690592545	1.0000685525532624	0.0005288791205613664
55348.276125043536	0.9995562693667115	0.0005275657697504731
55348.29655949442	0.9994060455730923	0.0005340357367526766
55348.3169939453	0.9996530950660183	0.0005392468593477353
55348.33742839594	0.999039044049699	0.0005270710515341249
55348.35786284659	0.9976310798912604	0.0005393875194020672
55348.37829729701	0.9966365053323718	0.0005272657305565172
55348.39873184742	0.9974136361552336	0.0005683183138194596
55348.41916619772	0.9960029451064709	0.0005280668712946618
55348.439600647784	0.9970358018129831	0.0005456432349047052
55348.460035197844	0.9972184697613176	0.0005267439441503438
55348.480469547794	0.9963701062029608	0.0005578597884261686
55348.50090399763	0.9967254209051608	0.0005266869840613638
55348.52133844734	0.9974069346909592	0.000552637679034514
55348.54177289694	0.9987248726330412	0.0005318328374406602
55348.562207446426	0.9991465722599013	0.0005289884677402511
55348.58264179579	1.0007890260768055	0.0005678480354674973
55348.60307624504	1.0007149791071224	0.0005271046204187432
55348.623510794176	1.0010403868963844	0.0005885950413489013
55348.64394514319	0.9994304903025903	0.0005269143925383197
55348.66437959221	0.9992479684346233	0.000569643697580758
55348.684814140994	1.0002255190528424	0.0005294755199828853
55348.705248489656	0.9999311861958071	0.0005575787698076515
55348.725682938326	0.999833739273539	0.0005278823505819594
55348.746117486764	1.0004287682553026	0.0005655643031906784
55348.76655183519	1.000387397756408	0.0005289137386288587
55348.8074208316	0.9999824761019886	0.0005322581005685539
55348.827855279684	1.0002666137677014	0.000569156794863757
55348.84828962754	1.000251105414999	0.0005284646565172602
55348.868724175394	0.9994148019431093	0.0005389149350640832
55348.889158623126	0.9994511523222653	0.0005421954155006187
55348.90959317075	1.0000763393786491	0.0005362682897476022
55348.93002751813	1.000099936531365	0.0005373427815240408
55348.95046196552	1.0000760179254606	0.0005334981514138007
55348.970896512794	0.9996618671682473	0.0005342834310268804
55348.99133085995	0.9996599100282131	0.000543259872325664
55349.01176530698	0.9998255780759895	0.0005318051377536354
55349.03219985391	1.0000615402193356	0.0005379775865077339
55349.05263420071	0.9993411449300215	0.0005300638608176046
55349.0730686474	0.9997858419728964	0.0005358957855167854
55349.09350319397	1.0008578355277797	0.0005329157605821654
55349.11393754043	0.9995838713494807	0.0005275737529801233
55349.13437198688	1.000343075502677	0.0005302156567183045
55349.15480643311	0.9991867811867912	0.0005267957715865086
55349.17524087921	0.9993299222949945	0.0005397212839001736
55349.1956753252	1.0003105645821249	0.0005276194246803252
55349.21610977108	1.0000796661552986	0.0005394822642090531
55349.236544216954	0.9994063165234193	0.0005271021333178719
55349.25697876259	1.000529794510081	0.0005356175435955947
55349.27741320812	0.9999106276264346	0.0005267991937506778
55349.29784755364	1.0000607072793128	0.0005304822547654419
55349.31828209893	1.0007013031424923	0.0005273481152915562
55349.338716544225	1.0004286218272664	0.0005345253953586911
55349.359150889286	1.0012903197281235	0.000527248060438436
55349.379585434224	0.9997955877453785	0.0005294191430091005
55349.40001987917	0.9991532193573629	0.0005267514799193769
55349.42045422387	0.9994793381724985	0.0005333566741121815
55349.440888768586	1.0001622547825089	0.0005269964484528825
55349.461323213065	0.9992792147641012	0.0005289532834072317
55349.48175755754	0.9999600891922245	0.0005270375865275337
55349.50219210178	0.9998854222538316	0.0005271099562030318
55349.52262654603	0.9999063710889184	0.000531632530070668
55349.54306089015	0.999876153270172	0.000527388365013579
55349.56349543405	1.0001486855796298	0.0005290003770543473
55349.58392987795	1.0002259131378497	0.0005289708278179319
55349.604364421604	0.9997309180336732	0.0005270224537138863
55349.62479876527	1.0003256017190374	0.0005296374212886341
55349.645233208816	1.0006894806926891	0.0005297323359013973
55349.665667752124	0.9997635415843149	0.000529623045521217
55349.68610209544	1.0000024743820026	0.0005273945696018411
55349.70653653864	1.0003498129336268	0.0005304571113714943
55349.726971081596	0.9992094522077017	0.0005278708007032485
55349.74740552456	1.0003250996253281	0.0005292066873956327