55139.42362310112	0.9999709902120371	0.0005168588093699006
55139.44405584569	1.000348563436879	0.0005210358545282527
55139.46448839027	0.9999540009949726	0.0005144134906244678
55139.484921034855	0.9996606919303408	0.0005221344373707488
55139.50535357931	0.9998084049698388	0.000516703371885853
55139.52578632378	1.0000313173380577	0.0005260531643717446
55139.546218968244	1.0002243630023284	0.0005256617342268739
55139.5666515127	0.9995587176277066	0.0005155272109827056
55139.58708425705	0.9999800424018248	0.0005188531700626166
55139.607516901284	0.9997388729637604	0.0005149515501795468
55139.627949445625	0.9993208528509991	0.0005148197622841962
55139.64838208986	1.0002317490850436	0.0005153033660204716
55139.66881483409	1.0000783972694631	0.0005137677283880998
55139.6892473782	0.9996477204126102	0.0005128498638383884
55139.709680022315	1.0000654934441655	0.0005125713848664332
55139.73011276643	1.0006040983557536	0.0005134745174749747
55139.75054531054	0.9993989120161766	0.0005123052123043868
55139.77097795454	0.9999994753292973	0.0005136559549670353
55139.79141069854	0.999848151880256	0.0005119055275104967
55139.81184334242	0.999650601440135	0.0005117482705090274
55139.8322758863	1.0008168418655023	0.0005124670688196357
55139.85270853018	0.9995700483704013	0.0005125803648784686
55139.87314127406	0.9996514862214462	0.0005117232350794677
55139.893573817826	0.9997457885962353	0.0005125374406503264
55139.91400646159	0.9998233893655845	0.0005143421585663314
55139.93443920535	1.0004805413442037	0.0005123105600715466
55139.975304392654	0.9999466980026457	0.0005121279780959814
55139.9957371363	0.9998470149435494	0.000512302157295099
55140.01616967983	0.9993194741358082	0.0005135420977363048
55140.03660232348	0.9993751229630095	0.0005127564295614425
55140.05703496689	1.0004958352366378	0.0005130991195412215
55140.07746761043	1.0003552742686284	0.000512546856415576
55140.097900253844	1.0001026536100202	0.0005119498331766665
55140.13876564067	1.0003216998358306	0.0005121931374956717
55140.159198183974	0.9998672603718425	0.0005151371618188157
55140.17963082727	0.9995720340032761	0.0005135559865676577
55140.20006357057	0.9996066202972423	0.0005157516503701523
55140.220496113754	1.0011588428698177	0.0005252204392008425
55140.24092875705	1.0003746036809134	0.0005201069975355774
55140.26136140012	0.9995772766991652	0.0005417584828619932
55140.2817940433	0.9997606123938731	0.0005236746805565644
55140.30222668636	1.000932736885701	0.0005197421168576456
55140.32265932943	0.9997988203044726	0.0005220740767885205
55140.3430919725	1.0005550749259602	0.0005147459610316171
55140.363524615444	0.9997036917283462	0.0005169852255129351
55140.404389901465	1.0002452313469359	0.0005159686600825211
55140.42482254429	1.0009874690321383	0.0005156745694274903
55140.44525518713	0.9996118387376449	0.0005164067332115009
55140.465687729964	0.9997935501494786	0.0005161462377868222
55140.48612047279	1.001017659266465	0.0005167983150999436
55140.50655311563	1.0002349442453466	0.0005158913937455626
55140.52698565835	0.9993871378185841	0.000513029980570924
55140.54741840106	0.9996540315073708	0.0005127504692630962
55140.56785094366	1.0000011664199322	0.0005141710702454626
55140.58828358638	1.0013775712367838	0.0005128850855263317
55140.60871622898	0.9987269621512437	0.0005120532664680069
55140.629148971464	0.9970440890122385	0.0005124635530272037
55140.649581514066	0.9967078128117736	0.0005123839767821142
55140.67001415655	0.9971499657152378	0.0005144224442658198
55140.69044689903	0.9950395105347309	0.0005154514852086546
55140.71087944152	0.9967007037726694	0.0005143673250853648
55140.73131208388	0.9967481496423884	0.0005185301049239256
55140.75174482637	0.9963175562912325	0.0005154581787295892
55140.77217736874	0.9975795683676607	0.0005128001637129749
55140.79261001099	0.9973939752111297	0.0005127616821220166
55140.81304255335	0.9973072822728308	0.0005116907146395121
55140.83347529561	1.0001003614171033	0.0005125642415536058
55140.87434057999	1.0001278126083042	0.0005129839601001014
55140.894773222244	0.9999105091570694	0.0005143246079840308
55140.91520586438	1.000315884154105	0.0005130228250298179
55140.93563850651	0.9992957156701661	0.0005136812554908546
55140.976503790545	1.0002395069398482	0.0005119789624490219
55140.99693643268	1.0000144396029929	0.0005147826584543945
55141.017368974586	1.0015264312140344	0.000511937255757105
55141.0378017166	0.9997412856454304	0.0005116703370641242
55141.058234358505	1.000088464488382	0.0005127159396374327
55141.07866690047	1.000286829300006	0.0005136316409415228
55141.099099642306	0.999866669961728	0.0005131256820024022
55141.11953228415	0.9999931284108325	0.0005116532818761513
55141.139964926	0.9995182211000098	0.0005117636545267891
55141.16039756778	0.9997724915853016	0.000511529496097542
55141.18083020957	0.9993669748681021	0.0005115235849550096
55141.2012628513	1.0010411126989012	0.0005144771313738655
55141.22169539302	1.001015412217047	0.000512117683195493
55141.24212813469	0.9996657531117948	0.0005261323370922584
55141.26256077636	0.9996803537535666	0.0005255750447419782
55141.282993317975	1.0004288842031341	0.0005294582219515089
55141.30342605958	1.00020654139675	0.0005373365265422711
55141.32385870114	1.0001878623595504	0.0005298415596604623
55141.34429124268	1.0006645484497363	0.0005275527855696372
55141.405589167116	0.9991402284367896	0.000515014516966762
55141.42602180855	0.9995913386604043	0.0005153210207188328
55141.44645454999	1.0004951142501537	0.0005120059681066
55141.46688709136	0.9999863280346308	0.0005142481784331229
55141.48731973274	0.9993347684895374	0.0005114603057928289
55141.50775247406	1.0007196509166174	0.0005125452283726141
55141.528185015384	0.9998661161868037	0.0005116295809535837
55141.54861765664	0.9996000990057543	0.0005117173908845894
55141.56905039785	0.9992599193371197	0.0005117448515419936
55141.5894829391	1.000602778525567	0.0005126757411659135
55141.60991558031	1.0019671707108995	0.0005159643045573474
55141.671213503745	1.000129875045617	0.0005140277956045651
55141.691646144835	0.999255342190052	0.0005116705212538751
55141.71207878586	1.0009478679900805	0.0005135370119663703
55141.73251142695	0.9999516477029853	0.0005119236071172463
55141.75294406798	0.9997137698267795	0.0005119173798901432
55141.77337670895	0.9990358870992941	0.0005130174555447267
55141.79380934992	0.9999878190286162	0.0005158660682736008
55141.81424199089	0.9995196710859068	0.0005207955589002709
55141.834674531805	1.0003159088582607	0.0005328780522520229
55141.855107272655	0.9991752838056068	0.0005250609922579761
55141.87553991357	1.0006290152327904	0.0005281606167279626
55141.895972454426	0.9992197432916388	0.000525982470614215
55141.91640519522	1.0003558160548078	0.0005150063124458234
55141.936837836016	0.9997210566126046	0.0005234570834160556
55141.95727037681	1.0005272982383855	0.0005160063565990289
55141.97770311755	0.9994554564324163	0.0005215046781899104
55141.99813575829	1.0000575404416343	0.00052480764536407
55142.01856839897	0.9992211364333148	0.0005317879903013889