56229.925035497465	1.0004365430173778	0.0005509875735590086
56229.945468278594	0.9999162321043953	0.0005498132443585678
56229.9659011595	1.0005949466008313	0.0005511610351511115
56229.98633384017	1.000020923459494	0.000551395202422239
56230.0067666206	1.0005110477897732	0.000550783239796127
56230.02719950104	0.9991926082486013	0.0005494333085613348
56230.047632181246	0.9997994201088438	0.0005496378666250763
56230.06806496121	0.9997953993496983	0.0005492050226181628
56230.088497841185	1.0000411883055667	0.0005489240225241266
56230.108930620925	0.9995237361500032	0.0005485622638133132
56230.1497961797	0.999720699938752	0.0005481971982140172
56230.17022895874	1.0001517301761869	0.0005482246007908439
56230.190661737775	0.9998693636409232	0.0005485400219897817
56230.211094516584	1.0004130676385947	0.0005484837481742436
56230.23152729539	0.99970305896338	0.0005480904043307601
56230.25196017373	1.0007341672017347	0.0005483392328894274
56230.27239285207	1.0006697492139374	0.0005482911373940525
56230.29282563018	1.000018758961545	0.0005484005736044371
56230.313258508286	0.9992418327171155	0.0005484152792535207
56230.33369118593	0.9993662445612215	0.0005488171771312134
56230.354123963574	1.0008351983545158	0.0005491509085455879
56230.37455684121	0.9994953681909087	0.00054892906526637
56230.39498951839	1.0007511671556413	0.0005498795325038602
56230.41542229557	1.000051394905919	0.0005483711650271602
56230.43585517251	0.9990369237899154	0.0005482928498118521
56230.47672072593	0.9987666340407927	0.000548859874323416
56230.497153402175	1.0001917529845399	0.0005490825743457668
56230.51758617842	0.9996484791951503	0.000548527148890718
56230.53801905467	0.9997393475913189	0.0005485621932551445
56230.558451730445	0.998648623086267	0.0005487665711277784
56230.57888450623	1.000200947466925	0.0005487167077267004
56230.59931738177	0.9993490046137933	0.0005488742319889723
56230.61975015732	1.000160510251158	0.0005484684693994985
56230.640182832634	0.9998516941084485	0.0005485390338513592
56230.66061570772	1.0007732453255107	0.000549363386793646
56230.68104848256	1.000656001792752	0.0005490038153374245
56230.70148125718	1.0000943913759004	0.0005491185257256083
56230.72191403179	1.0011617037409826	0.0005484041112373035
56230.742346806175	1.0007079818758275	0.0005496793221288279
56230.76277968056	1.0006679196562747	0.0005485540183074751
56230.78321235448	1.0000328606782816	0.0005488582651248531
56230.80364512839	0.9991454509306434	0.000548938526215836
56230.82407800208	0.9999990460507537	0.0005499123944646788
56230.84451067576	1.000001081769489	0.0005490944664660539
56230.86494344898	0.9988194827800386	0.0005492310990004627
56230.8853763222	1.000224231814274	0.0005494672172380116
56230.90580899542	0.9994563502629387	0.0005488336746732264
56230.92624176817	1.0003759988044976	0.0005490221865514823
56230.94667464092	1.0009666231007093	0.0005490869003554614
56230.96710731344	0.999861194875344	0.0005487519531159698
56230.98754018596	0.9993894147135933	0.0005488615004394634
56231.00797295802	1.0002235608708117	0.0005489767538989624
56231.02840563007	1.0004839887231318	0.000549110197046329
56231.04883850189	1.00016440197723	0.0005491260736508986
56231.069271273715	1.000165609415708	0.0005495975003238881
56231.0897040453	1.001128035211361	0.0005489430019602501
56231.11013681666	0.9994296415313655	0.0005488746908707803
56231.13056958778	0.9989917626269702	0.0005493179585215396
56231.1510023589	0.9974406446528304	0.0005487569783644822
56231.17143512979	0.9979579121107642	0.0005485075660889699
56231.19186790045	0.9970414276537619	0.000548560645933447
56231.2327334413	0.9970149216268457	0.0005488613117550894
56231.25316621149	0.9964624496497023	0.0005488358577055148
56231.27359908145	0.9972930305165648	0.0005494946555665128
56231.29403175141	0.9972643042954201	0.0005500923443132924
56231.314464521136	0.9975056852749928	0.0005491974928544163
56231.334897390625	0.998753177323213	0.0005497361663285152
56231.35533006012	1.000236114727766	0.0005498385023249491
56231.37576282915	0.9996967151780923	0.000549714177261183
56231.396195698406	1.00027309388734	0.0005497299426763663
56231.4166283672	1.0002993058962963	0.0005499179288944629
56231.437061135766	1.0000256564100258	0.0005503905656544595
56231.457494004324	1.0002960794944193	0.0005509418879911765
56231.47792667289	1.0005214928955448	0.0005494887122661689
56231.49835954099	1.000405300423066	0.000551117302027164
56231.51879230908	0.9988807620235978	0.0005493633852086433
56231.53922497694	0.9997157976213095	0.0005501201662225229
56231.55965784458	0.9999621767259677	0.0005484100949098381
56231.5800906122	0.9998355587875578	0.0005482846442697453
56231.62095614677	1.000113829122143	0.0005482542666462003
56231.64138891393	1.0003031714603048	0.0005482645067519897
56231.66182168063	0.9995572224793989	0.0005482443451307797
56231.68225444756	0.9994321708598228	0.0005486638664869313
56231.70268721403	1.000364586360823	0.0005485049769143147
56231.723119980496	1.0003366285931516	0.0005481007609378666
56231.743552846725	1.000475599904481	0.0005481829360325161
56231.76398551273	1.0001008283384465	0.0005482028189644987
56231.7844183785	0.9996633621962305	0.0005485124614171127
56231.80485104426	0.9998750397977305	0.0005500339526757266
56231.82528381003	0.9995458558284296	0.0005499782056758175
56231.845716675336	1.0011930428306635	0.0005496886490675244
56231.86614934064	1.000000668406954	0.0005496287744723817
56231.886582105704	1.0005859477069148	0.0005483621990034391
56231.907014970544	0.9992811194399958	0.0005485074899283623
56231.927447635375	0.9995513864312787	0.0005485719742735934
56231.94788039998	1.0002186699639721	0.0005489496839633427
56231.98874592873	1.0003679240078593	0.0005481284391658557
56232.02961155677	0.9982745112826392	0.0005479837976733714
56232.050044220436	0.9999146613193918	0.0005481127154774426
56232.07047708411	0.9998870636992325	0.0005481382705139998
56232.09090984755	0.9993748387252466	0.0005483733698814301
56232.131775373964	0.9999302841340365	0.0005482958301353644
56232.15220813694	0.9993053809093309	0.0005486265934909391
56232.17264089968	1.0000225864070829	0.0005483716783892506
56232.19307366242	1.000381021893774	0.0005484842389856513
56232.21350642493	1.0005432586918455	0.0005483717744111243
56232.2339391872	1.0002798580807486	0.0005486765554633231
56232.25437204925	1.0001629192141348	0.000549532368650945
56232.27480471129	1.0005739371276856	0.0005495061904641114
56232.2952375731	0.9999335428710351	0.0005499407403084521
56232.315670334676	0.9988987497022717	0.0005489152720358418
56232.336102996254	1.0005378065726396	0.0005498976281770983
56232.356535857594	0.999996628751441	0.0005488321104085376
56232.37696861871	1.0000196558284573	0.0005487220806998023
56232.39740127982	0.9993347720124335	0.0005493431878224013
56232.417834140695	0.9999135287040344	0.0005495353650484812
56232.43826690134	1.0008699322279702	0.0005513037793837473
56232.45869956199	1.0000395774416648	0.0005514345460537025
56232.4791324224	0.9989105132622467	0.0005519665623192257
56232.49956518258	0.9996302436438484	0.0005496099567067098
56232.51999784253	1.0009345041886792	0.0005486575474015183
56232.54043070247	1.0006546120819433	0.000549179429277645