55814.49077878889	1.0002255129579696	0.0005165247618909504
55814.51121209342	1.0003815259439048	0.0005167000388443406
55814.53164539796	1.000286907787009	0.0005198928733324532
55814.552078702036	1.000497568142702	0.0005168326882134022
55814.57251200588	0.9998128219757834	0.0005174464600345084
55814.59294530925	0.9999965550745502	0.0005174075535208349
55814.61337861239	0.9994475155075124	0.0005185301791192796
55814.63381191529	1.0004225109509763	0.0005163382423581503
55814.65424521797	1.0001946052338977	0.0005185928195436975
55814.67467852018	1.0005284720801215	0.0005163655905838014
55814.695111922156	1.0001711517633873	0.0005178239645230707
55814.7155451239	0.9993507930266641	0.0005213973160051108
55814.73597852518	0.9997939928817038	0.0005184226841359559
55814.756411826456	0.9987830912689009	0.0005163619886032548
55814.77684502727	0.9997040711111636	0.0005165295716839764
55814.79727842762	0.9999563719442807	0.0005263068950700213
55814.81771172796	1.0009205890585733	0.0005212346058083577
55814.838144927846	1.0001339243953786	0.0005163482967508249
55814.8585783275	1.0001954724375275	0.0005162874515073954
55814.879011626675	0.9998140990969209	0.0005258018726172625
55814.89944482563	0.9999585023074811	0.0005163502186326132
55814.91987822435	0.9999777739206288	0.0005162645390977518
55814.94031152283	0.9998237500929128	0.0005169433584929868
55814.96074482085	0.9992610512477553	0.000519595468912424
55814.98117811887	0.9999365839737662	0.0005163735774222802
55815.001611316184	0.9998511338067956	0.0005191337144447561
55815.022044613506	1.000889447212923	0.0005163286504440686
55815.042478010364	1.0002836061276588	0.0005225783583710127
55815.06291130698	0.9985387254673149	0.0005163308685615024
55815.08334460337	1.0000272884145915	0.0005179904175521542
55815.1037778993	0.9998264267684513	0.0005165283070462675
55815.124211195216	0.9995206714654362	0.0005175765685471917
55815.144644590444	1.002083920518408	0.0005168847551019524
55815.16507778567	1.0002785458641608	0.0005166656863154317
55815.185511080424	0.9986984125571116	0.0005161817447198864
55815.205944474954	0.9995434116417166	0.0005190913120101335
55815.22637766925	1.0002543760618499	0.0005162751298363319
55815.246810963305	0.999424626155152	0.0005162111749724073
55815.2672443569	0.999640566409312	0.0005162427657066666
55815.28767755027	1.0002061240695799	0.0005166719765765149
55815.30811084339	0.9999442533186462	0.0005161945267027544
55815.32854423606	0.9996388961320559	0.0005165685183904522
55815.34897742849	1.0010492078134856	0.0005198474554338686
55815.369410820684	0.9997344450498853	0.0005162312854293716
55815.38984411242	0.9998132180277715	0.0005161723076391115
55815.41027730415	1.000510727997289	0.0005165427643169408
55815.430710695415	0.9998522708773095	0.0005195025444476308
55815.45114398622	1.000180677892562	0.0005162820646869482
55815.47157717702	1.0005420829436833	0.0005162676906290781
55815.49201056735	0.999297431438035	0.0005161350112622029
55815.51244385746	1.0009160697630026	0.0005224884938903429
55815.532877147096	1.0003961149962148	0.000516308029401108
55815.55331043673	0.9996354636541005	0.0005167150436737582
55815.5737437259	1.000166516477422	0.0005162909805462159
55815.59417701484	1.0001886663843962	0.0005229488550942522
55815.61461030331	0.9997659005143631	0.000516503095779744
55815.63504359155	0.9987066619170892	0.0005181961002348232
55815.65547687956	0.9994135027864846	0.0005166223035965675
55815.67591016733	0.9999529551177591	0.0005182264215298323
55815.69634345464	0.9987372952530198	0.000517042653166559
55815.71677684171	0.996848812898232	0.0005227435245068035
55815.73721002856	0.9969121725798993	0.0005162257186093293
55815.75764331517	0.9971985086945911	0.0005159114053294819
55815.77807670132	0.9963237974907209	0.0005169396144201064
55815.79850988722	0.9966540749827433	0.0005237694847716268
55815.818943172904	0.9968328949981	0.0005158598243571631
55815.83937655811	0.9968078041543855	0.0005158770289118452
55815.859809743095	0.9972926395473019	0.0005186544096913791
55815.880243027845	0.997593552301101	0.0005210169936085509
55815.90067641236	0.9988517237914978	0.0005160621443854024
55815.921109596406	1.0009146510795195	0.0005162352171051822
55815.941542880224	1.0010395943673465	0.0005188151809282144
55815.9619762638	0.9999617696033318	0.00052054443573324
55815.982409547156	0.9994566081877195	0.0005163309710092997
55816.00284273004	0.9998176833722743	0.000516301068210959
55816.0232761127	1.0000197752295175	0.000517291572320882
55816.04370939511	0.9995196238386809	0.0005191702939973263
55816.06414267707	0.9997557336544844	0.0005176000487175496
55816.08457595878	0.9992052815221857	0.0005162629309371006
55816.10500924027	1.0003355766504325	0.0005183208177750303
55816.12544262153	1.000219975136571	0.0005165793315321423
55816.145875802315	0.9994291450338635	0.0005161071651671189
55816.16630908287	1.00062852084574	0.0005171493372250463
55816.1867424632	1.0004901154291868	0.0005171896854219485
55816.20717564305	1.0001063195434512	0.0005177774464302968
55816.22760892291	0.999870015671861	0.0005172698113175202
55816.24804230231	1.0011193575120432	0.00051627345597792
55816.26847548123	1.0006256664456974	0.0005174264108939796
55816.30934213862	1.0006229786917502	0.0005161156251583946
55816.329775316844	1.0006472979222025	0.000516299770092698
55816.35020859461	1.00089288812055	0.0005190966933025578
55816.370641872374	1.0002137648006109	0.0005162363895200587
55816.391075149666	1.0001198696946574	0.0005160531174247734
55816.4115085265	0.9998139954464129	0.0005229875867797245
55816.43194170333	1.0001627798528485	0.0005279603176093267
55816.45237497969	0.9996697798352376	0.0005171139231219785
55816.47280835583	1.0005516598442608	0.0005164876988311949
55816.49324153173	0.9996015947027889	0.0005205980266410814
55816.51367480716	1.0003754909058231	0.0005194706693861545
55816.534108182364	0.9998200493142919	0.0005161713939753677
55816.554541457335	1.0000663201954112	0.0005159971193908751
55816.574974632065	0.9996843997329234	0.0005204262098938109
55816.59540800634	1.0001303990501393	0.0005181102930316348
55816.61584128038	0.9991077527759169	0.0005174372228602722
55816.63627445418	0.9999721275489881	0.0005161011430928827
55816.65670782775	0.9998810692387025	0.0005161556488879895
55816.67714110086	0.9995955361653065	0.000517459628997412
55816.69757447373	1.000550586905943	0.00051627808132852
55816.71800764614	1.0005523823949332	0.0005167923414710243
55816.73844091855	0.999409532210096	0.0005210945573220511
55816.758874290485	0.9999759111827853	0.0005224411130775684
55816.779307462195	0.9998166305752203	0.000516382352127511
55816.79974073367	0.9999754376076101	0.0005192236064586211
55816.82017410468	1.0003360548583897	0.0005212140388255199
55816.84060727546	0.9995457793995797	0.0005177731886502213
55816.861040546006	1.000561911998425	0.0005166571133281327
55816.88147391608	0.9997770628136358	0.0005161080728104188
55816.90190708616	0.999896719233661	0.0005161447560783763
55816.94277372492	1.0006827899825477	0.0005291450313917774
55816.96320689407	0.9993205616181474	0.0005172845581313374
55816.983640162754	0.9994829621761975	0.0005167689832771275
55817.0040734312	1.000157954241407	0.0005182190332683707
55817.02450669942	0.9998822141786663	0.0005485524356389416
55817.044940067164	1.0000194917062055	0.0005258702640784027
55817.065373334684	0.9998377763225973	0.0005229723008604973
55817.08580650197	0.9995094134437179	0.0005282481919773658
55817.10623986879	0.9999307800250266	0.0005463028125441875