55644.58088175631	1.000415855005333	0.0003150706991325271
55644.601315725	0.9997513815661205	0.00031502678329247335
55644.62174969392	1.0001384933348354	0.00031503864177378837
55644.64218366307	1.0003083928876637	0.0003150541090269153
55644.66261763246	1.0000565701509299	0.0003150377120376002
55644.68305160196	0.9997256159298338	0.0003150095643389052
55644.723919541895	1.0004337691280736	0.0003150424267972664
55644.7443536121	1.000492874860761	0.00031504481067520557
55644.76478748264	1.0002319264335338	0.00031501939575560975
55644.78522155331	0.9997991730003453	0.0003149891095264891
55644.82608939546	0.9996272986692607	0.0003149713243607732
55644.866957438426	0.999674800685893	0.00031497759317708094
55644.88739131025	0.9994159126251326	0.0003149486633074093
55644.907825382434	0.9999961642847714	0.0003149760346603448
55644.92825935461	0.9999147531640956	0.00031497010065438004
55644.94869322714	1.0000049286611028	0.0003149717903561913
55644.969127299904	0.9998959091766678	0.0003149638283791343
55644.9895612729	0.9995579051065221	0.00031492740599658146
55645.00999534601	0.9998957572325066	0.00031494926980703383
55645.03042921947	1.000337296545528	0.00031497924736465676
55645.05086319304	0.9996592434724317	0.0003149204088818849
55645.07129716697	1.0003041886899917	0.00031496949347403606
55645.091731141016	1.0007527452211364	0.00031499186357169325
55645.11216511529	0.9996881230177176	0.0003149104988909431
55645.132599189914	0.9997790673904862	0.0003149198308351374
55645.15303306454	0.999879134919888	0.00031491733085204645
55645.173467139626	1.000394107798383	0.0003149464885174794
55645.19390101472	0.9999441706150344	0.00031491831645600395
55645.21433499016	0.9999583618612885	0.0003149098912123856
55645.255203041736	1.0001055499132885	0.00031492391247460173
55645.27563691776	0.9999898838264973	0.0003149101434078749
55645.296070994125	1.000607284199504	0.0003149551415288762
55645.316504970615	0.9996304139026074	0.0003148897135996909
55645.33693884734	0.9997598072463274	0.00031489024761670987
55645.3573729244	1.0008584106311622	0.000314965779760815
55645.37780690159	0.9999897508893233	0.0003148932988674088
55645.39824097901	0.9991312473288492	0.0003148384739514445
55645.41867485666	0.9994601581594293	0.0003148578528884466
55645.439108834544	0.9998874757340902	0.0003148870229153759
55645.45954291255	0.9997520851528681	0.0003148740889388034
55645.47997679089	1.0000700423106832	0.0003148962100802617
55645.50041076948	1.0002718958435832	0.00031489733824951495
55645.52084484818	1.0004692769803532	0.0003149140589415524
55645.54127872722	1.0004887699483163	0.0003149106611595697
55645.56171280639	0.9990991923520286	0.00031480796894510797
55645.582146785906	0.9996898762649997	0.0003148476311615278
55645.60258066553	0.9997324700755482	0.0003148603061679366
55645.6230147454	1.0001270923612209	0.0003148739686653141
55645.643448725496	1.0001238087638158	0.00031487934971104393
55645.66388260582	1.0002019003002836	0.0003148882180918165
55645.68431668627	0.9998452196117673	0.00031486628788992985
55645.704750667064	0.9999661317393121	0.00031487107090681583
55645.72518464809	1.0002204496669527	0.0003148946720177355
55645.74561862923	1.00014867362865	0.0003148757340207553
55645.76605261073	0.9998878168134756	0.000314745622290544
55645.78648659233	0.9998962407985431	0.000314842772441169
55645.80692057418	0.9999006946350167	0.00031473526141937374
55645.82735455637	0.9999839304496876	0.00031485481079611925
55645.847788538675	0.9997519574395655	0.00031477740571016015
55645.86822252122	0.9994079069446913	0.00031469964376809503
55645.88865650388	1.0003844542747067	0.00031476230904953125
55645.90909058688	1.0012444185442522	0.00031494569200841624
55645.94995855348	0.9994016568090893	0.0003146883587768562
55645.97039253718	1.0000125889095666	0.00031472959362376655
55645.990826421	1.0005976171045945	0.00031482558551071204
55646.01126050517	1.000208818490273	0.0003147393856150851
55646.03169448946	1.0004557458873202	0.00031476325706690755
55646.05212837398	1.0000296278740712	0.0003147274794535542
55646.072562458736	1.0000904777000061	0.00031472729657421603
55646.09299644372	1.000031759157971	0.0003147236542711377
55646.11343032882	0.999642725190755	0.00031469360193400265
55646.13386441427	1.0000808965080028	0.0003147280719917112
55646.15429839995	1.00001684377618	0.0003147266847103106
55646.17473248576	1.0001581122342649	0.0003147286397949859
55646.19516637179	1.0003562069754433	0.0003147466882771062
55646.21560035817	1.000406602393273	0.0003147366177979722
55646.23603444467	0.9998134434441178	0.00031470377140049567
55646.2564683314	0.9998623424600624	0.00031470873401910816
55646.276902318365	0.9995516168820547	0.0003146873047306418
55646.31777029288	0.9998870877339088	0.0003147092016966155
55646.33820438054	1.000252572680764	0.00031473665014855156
55646.35863836832	1.0003032861248575	0.0003147432731422715
55646.379072356445	1.0007164707257992	0.0003147621366195533
55646.41994023317	0.9998146494908993	0.00031468986766990505
55646.440374221886	0.9996435739066558	0.00031468744639729913
55646.460808310825	0.9999492442677204	0.00031470818006717045
55646.481242300004	0.9998167118489533	0.0003146919770882386
55646.50167618941	1.0004191830077827	0.0003147387795069617
55646.52211027894	1.0004043127920974	0.0003147292094341446
55646.542544268814	1.000138737646509	0.00031471422457177406
55646.58341224914	0.9996258493599058	0.00031468011405627746
55646.64471422121	0.9994938794818953	0.00031466305078155834
55646.66514821237	1.000205031745748	0.00031469896476511754
55646.70601619526	1.00046391525608	0.0003147228230675386
55646.746884279084	0.999815398155275	0.000314677704902574
55646.76731817129	1.0002672153557908	0.00031471784010904716
55646.78775226373	0.9996760418320673	0.00031467415434002815
55646.828620149296	1.0001742411265935	0.0003147053885343452
55646.84905424243	1.0000486628312315	0.00031469857339348837
55646.869488235796	1.0000941725352108	0.0003147608644419256
55646.88992212928	1.0003967858269225	0.000314753535058476
55646.910356223	0.9999177933617788	0.00031467309157197517
55646.93079021706	0.9998225798081675	0.0003146601339628298
55646.95122431125	0.9998734962195807	0.00031467201577390605
55646.97165820566	1.0001733421271395	0.0003146936681827804
55646.99209220031	0.9999475430279999	0.00031468120846527914
55647.01252619519	0.9998908831190605	0.0003146661499170394
55647.03296019019	1.000026006238768	0.00031468616912635415
55647.05339418553	1.000375483737465	0.0003146956765367596
55647.09426217669	0.9995201999732032	0.0003146431476923052
55647.114696272736	0.9998619691001279	0.00031466424855898663
55647.1351302689	0.9996483912156756	0.000314648683100538
55647.155564165296	0.9999924395009356	0.00031466671750893287
55647.1759982618	0.9996738714733687	0.00031464926741883584
55647.196432258665	1.000015657241081	0.00031467491775280016
55647.21686615575	1.0001365480569795	0.0003146817029604718
55647.237300252964	1.0001346436345193	0.0003146730463472134
55647.25773425041	0.9995599275894449	0.00031465565546318216
55647.31903624413	0.9994184474567486	0.0003146243219982957
55647.3394703425	0.9998920006080285	0.0003146463885851928
55647.35990424111	0.9996858618451493	0.00031463324616215065
55647.38033823983	1.0000285500147197	0.0003146599468557833
55647.4007723389	0.9999636242912785	0.0003146546974961586
55647.42120623809	1.0003793891236337	0.00031467923238098886
55647.441640237514	0.9996631805788703	0.00031462613366725763
55647.46207433716	1.000133022301406	0.0003146638961575568
55647.48250823705	0.9995807910783844	0.0003146278921693826
55647.502942337174	0.9997928948964399	0.00031463826597840326
55647.523376337405	0.9999396493272911	0.00031464857269282
55647.54381033788	1.0000929616915002	0.0003146588431438343
55647.5642443387	1.0002150796458025	0.0003146592418294315
55647.58467833963	1.0003400065173722	0.0003146774094587585
55647.605112340796	1.0006012029514697	0.00031468602742481936
55647.6255463422	0.9999949111498567	0.0003146576330393887
55647.64598034383	1.0000893891440434	0.0003146608432714775
55647.66641434558	1.000641596346731	0.0003147055834592501
55647.68684834768	0.9996395551414461	0.0003146299838790343
55647.70728234989	1.0000765072674564	0.0003146634757395487
55647.72771635234	1.000597823567073	0.0003146896932625084
55647.74815035502	0.9988952977061296	0.0003145793982354839
55647.76858435793	0.9994226970535984	0.00031461004566821514
55647.78901846108	1.0001362433322467	0.00031464735494443884
55647.80945236446	0.9998275320627765	0.00031462826370459176
55647.82988636795	1.0001785233599956	0.0003147473902052507
55647.85032047168	0.9998032503866036	0.000314621992337921
55647.870754375646	0.9999765882317782	0.0003146367535725836
55647.891188379836	0.9997469867555094	0.00031461269779834626
55647.911622484266	0.9999818098048286	0.0003146280132869758
55647.952490493815	0.9998591294000108	0.0003146199568364308
55647.97292449883	1.0004409469193971	0.0003146550280141304
55647.99335840419	0.9997933799801051	0.0003146114382110481
55648.01379250966	0.9999415060532632	0.00031462125710006466
55648.03422651537	0.9997539992597101	0.000314601310609099
55648.05466042131	0.9996954863399744	0.00031459178430943833
55648.07509452736	0.9998463225293721	0.00031460339776593976
55648.09552853377	0.9995429998367071	0.0003145733592947675
55648.11596264029	1.0000439034962145	0.00031461107588156233
55648.13639654716	1.0001098935672799	0.0003146255708591634
55648.17726466137	1.0004768663140322	0.0003146466722529512
55648.19769856882	0.9998764097834547	0.0003146173571225368
55648.218132576396	0.999951806715001	0.0003146203180743598
55648.23856668431	0.9999009154044329	0.0003146222144086325
55648.25900069235	1.0000687199175318	0.0003146374317761987
55648.27943460062	0.9999247315879619	0.0003146170875196538
55648.29986870912	1.0000139420850325	0.0003146253904581152
55648.32030261785	1.0004351797309445	0.00031465210712632583
55648.34073672682	0.9999022255497885	0.0003146182978045382
55648.36117073602	0.9995808850091321	0.0003145934286641582
55648.402038755004	0.999405471350578	0.0003145811426680453
55648.42247276478	0.9973925890313441	0.0003144355217515726
55648.4429066748	0.9962245731157705	0.0003143541677588379
55648.46334078505	0.9962913053150879	0.0003143564986747944
55648.48377479541	0.9958613292267096	0.00031432741424386614
55648.504208906124	0.9955149536753436	0.00031429558263041535
55648.524642816956	0.9951600399911235	0.0003142763646722411
55648.54507682801	0.9952628431094462	0.00031427637020110355
55648.56551093931	0.9954950943176664	0.00031429421025200256
55648.58594485084	0.9952174718013564	0.00031427153556247043
55648.6063788626	0.9947296741363543	0.0003142488384070302
55648.62681297448	0.9952579791719717	0.0003142795998408935
55648.64724688671	0.995362757590868	0.00031428817846815445
55648.667680899045	0.9950479852652686	0.00031426519361370963
55648.688115011624	0.9946249307045689	0.00031422238957697714
55648.708548924435	0.994634482443709	0.0003142230684536944
55648.72898303747	0.9953267256383699	0.000314262687747118
55648.74941705063	0.9948093702277875	0.00031422678368931876
55648.76985106414	0.9952466298173013	0.00031425767661996933
55648.79028507776	0.9954681975533657	0.00031427023618870755
55648.81071909162	0.9947496975783899	0.0003142108277852549
55648.83115310571	0.9951425265612988	0.0003142368148259019
55648.85158711991	0.9944230098190349	0.0003141875484114572
55648.87202113447	0.9954740308547919	0.0003142493426126779
55648.89245524914	0.9954317915799181	0.00031424973805355464
55648.91288926416	0.9963735159203724	0.00031431241120412345
55648.9333231793	0.9951473361641456	0.00031422294795518463
55648.95375729467	0.9951170885718462	0.0003142216731148046
55648.97419121015	0.9956299215345136	0.0003142535486397449
55648.99462522599	0.9960880168518771	0.00031429510489007603
55649.01505934194	0.997498534657221	0.00031439009586953356
55649.035493258125	0.998783072611532	0.0003144763231210665
55649.055927274545	0.9996077840635315	0.00031453418588536276
55649.096795308076	1.0005405426365095	0.00031460704896045413
55649.117229425196	0.9994391885025267	0.0003145323077941054
55649.13766344242	1.0005692064875202	0.00031459569197138496
55649.15809735989	1.0003726464125346	0.0003145937836785391
55649.17853147759	1.0005950299864552	0.00031459766823527415
55649.198965495525	1.000337296713828	0.0003145918959656719
55649.21939941368	0.9994659286662937	0.00031453333860718074
55649.23983353197	0.9999601444008519	0.00031455961318327933
55649.260267550475	1.0002243267788657	0.0003145828158119915
55649.280701669224	1.0003096758802787	0.000314585876554392
55649.301135588204	0.9999508987051703	0.0003145514866225057
55649.32156960742	1.000233007936809	0.00031457713136365034
55649.36243764642	1.0002205401518707	0.00031458264937928314
55649.40330578624	0.9998311267020268	0.000314552458120847
55649.4237398065	1.0006301009005458	0.00031472914791118035
55649.4646078476	0.9995137010575937	0.00031453953211187487
55649.48504186856	1.000305847867941	0.0003145872544109345
55649.50547588963	0.9998697285931917	0.00031462842551777115
55649.52590991094	1.0000686146218618	0.0003146288119727959
55649.54634393248	1.0004242086027042	0.0003147138563605549
55649.56677795413	0.9996958800234433	0.0003145413421388276
55649.587211976024	0.9992040984374351	0.00031456329795491645
55649.64851404309	0.99940500194756	0.0003146378756417455
55649.66894816591	1.0006035051588849	0.00031472106492590695
55649.68938208896	0.9998916345845749	0.00031465978583275635
55649.70981611213	0.9997960205109241	0.00031465683074148414
55649.73025023553	1.0000405141436608	0.0003146724185434539
55649.75068415917	1.000321334859411	0.0003146907375273825
55649.77111818304	0.999893639001604	0.00031467433514227827
55649.791552307026	0.9998528412713187	0.0003146730089172075
55649.81198623124	0.9997712602161049	0.00031466833605966733
55649.85285438037	1.0000776098153865	0.000314676288356123
55649.87328830529	1.00010902680029	0.00031468130335650043
55649.89372243044	0.9996290774082887	0.00031464619710499777
55649.9345903812	1.0002461098362394	0.00031469673655094203
55649.95502450693	0.9995268921077296	0.0003146471828850083
55649.97545853289	0.9998948608454765	0.00031465740795995806
55649.99589255909	0.9996486733264792	0.0003146355453753745
55650.016326585406	1.0002233548679145	0.0003146779166776993
55650.036760611954	0.9999438860981712	0.000314656931473973
55650.05719473873	0.999960024662166	0.0003146647452777954
55650.07762866574	0.9998691082965654	0.0003146462278770205
55650.098062692865	0.9999483784705696	0.00031464890010484846
55650.118496820345	0.9998591844931068	0.00031465480229293693
55650.13893084794	1.000191308086634	0.00031467471162736676
55650.15936477577	0.999679473252578	0.000314644434841534
55650.179798903824	0.999801824735905	0.0003146400852643757
55650.20023293212	1.0000754127249607	0.00031465440101273207
55650.22066686052	0.9998244533904749	0.00031464237814337416
55650.241100989166	0.9997675508556956	0.0003146376215513761
55650.26153491804	0.9998150882403147	0.00031464746573515117
55650.30240307649	0.9998994084985823	0.0003146497728806691
55650.322837005944	0.9996679188886529	0.0003146343089243234
55650.34327113563	0.9998877337814448	0.00031465101587920983
55650.36370516555	0.9996536733731208	0.00031463408773618214
55650.38413909571	1.0001604948384142	0.00031466122957695086
55650.40457322598	1.0001340969261985	0.000314658751445794
55650.4250072566	0.9996753825931359	0.00031462601729839555
55650.44544138734	0.9997820076326437	0.0003146468658462607
55650.4658753183	1.0001745604279288	0.0003146713171934581
55650.48630934951	0.9994832499107691	0.00031462124783292005
55650.50674348083	0.9997595842127809	0.00031464410376392507
55650.52717741249	1.0001755264387302	0.00031467290759006766
55650.54761144428	1.000109906445268	0.0003146565803069509
55650.5680455763	0.9999584454345185	0.00031463709580098253
55650.58847950843	0.9999365445757347	0.0003146554875580153
55650.60891354091	0.9996394469858111	0.000314622558783283
55650.629347673515	1.0001435693570109	0.00031466038148739644
55650.64978170634	0.9994358274432383	0.00031461044530893496
55650.67021573941	1.0003101087842954	0.00031466320270954226
55650.71108380612	1.000426995248304	0.0003146766001326611
55650.73151783977	0.9999691253442399	0.0003146500224696229
55650.75195187365	1.0008880090524785	0.00031471539264380584
55650.77238590776	1.0001191233336255	0.0003146633105046731
55650.79281994211	0.9998813203166085	0.0003146382187143346
55650.81325397657	1.0003949147967637	0.0003146707854897532
55650.83368811126	1.0001438180029827	0.0003146610093065218
55650.85412214619	1.0002003115873677	0.00031466626965755807
55650.874556081355	1.0004953951081919	0.00031468258919790384
55650.894990216744	0.9995876317850731	0.0003146303709654745
55650.915424152256	1.0004623190544917	0.0003146782863120776
55650.935858188	1.0005008717802344	0.0003146859822057799
55650.95629232397	1.0004756908074663	0.0003146780151181177
55650.976726260065	0.9995476267673927	0.0003146091084522267
55651.01759443306	1.0002557334201334	0.00031466089767068277
55651.038028369854	0.9998418391837735	0.00031463016887488216
55651.05846250687	0.9996483294008751	0.0003146231421141477
55651.078896544015	1.0001867069113586	0.00031466333180004487
55651.09933048139	0.9995417368063313	0.0003146168167657069
55651.119764619114	0.9999312037461003	0.000314646060101268
55651.14019865683	0.9998402091402782	0.00031463180889268835
55651.160632694904	1.0002560243299359	0.0003146562712211029
55651.18106673309	0.9997674024438968	0.0003146195855800279
55651.201500771625	0.999616711037607	0.00031460373563748885
55651.22193481028	1.0001145226313126	0.0003146522845109659
55651.24236884905	1.0002907894127449	0.00031465171567990254
55651.262802888166	0.9999240505602994	0.0003146297166997383
55651.283237027405	0.9995409204653712	0.0003146126441301942
55651.30367106687	1.000150717668063	0.0003146516551388622
55651.32410500657	0.9998482901002961	0.00031462141568248367
55651.34453914639	0.9996648719355277	0.0003146148225570039
55651.36497318655	1.0001656940451535	0.0003146355359704249
55651.385407126836	0.9998362463466536	0.00031461818079135505
55651.42627530798	0.9996677643600388	0.0003145992660416843
55651.467143390066	0.9997728365517553	0.0003146131514399833
55651.50801147296	0.9995494342375306	0.00031459311286075574
55651.52844551464	1.000322235505179	0.0003146561748731309
55651.54887945666	1.0002485485625692	0.00031465768095279814
55651.56931359881	1.0008260564861529	0.00031468832052831513
55651.589747641076	0.9994099269002633	0.0003145903087478331
55651.61018158369	0.9996836597582947	0.00031460866283813374
55651.63061572641	1.0005794413413238	0.00031465709872516225
55651.651049769374	1.000024718583401	0.0003146216247726871
55651.67148391262	0.9999355346827618	0.0003146254690798439
55651.69191785599	1.0000056646451627	0.000314619899078419
55651.712351899536	1.000070279793368	0.0003146173621228878
55651.732786043365	0.9998181656583022	0.00031460294492508965
55651.753219987375	1.000381572324264	0.0003146491535329732
55651.77365403156	1.0000356187323405	0.00031461918511893914
55651.79408817597	1.0001597616394255	0.0003146189598726657
55651.814522220564	0.999977663902091	0.00031460490197893963
55651.83495626539	1.000323450296281	0.000314644338842413
55651.85539031038	0.9999950065036048	0.0003146093781137092
55651.875824355615	1.0003754761904693	0.0003146282158742341
55651.89625840108	1.0005871227775271	0.00031465261852002487
55651.91669244671	0.9997953875750552	0.00031459244729658604
55651.93712649253	1.0001814121262824	0.0003146106142187295
55651.957560538576	1.0001171235797532	0.00031461939614353185
55651.97799458485	1.0005393116130998	0.0003146385521288628
55651.998428631305	0.9998167922507144	0.0003145771187493173
55652.01886277793	1.0010680779153907	0.0003146710853347356
55652.03929672479	1.0002830304196837	0.00031460501297939737
55652.080164819155	1.0004245915060193	0.0003146074487841762
55652.10059886659	0.9997475322350506	0.000314569898782447
55652.14146696217	0.9997407614221183	0.0003145713358759895
55652.18233515852	0.9992966091798277	0.0003145432581083526
55652.20276910701	1.0006627594985504	0.0003146309119741876
55652.22320325573	1.000201649967349	0.0003145997848591668
55652.24363730463	1.0002023807204259	0.00031458729473246463
55652.264071253696	0.9994647790342168	0.0003145492646740088
55652.304939452544	0.9992104027479833	0.0003145341319285749
55652.32537340226	0.9998353139323612	0.00031456624272940934
55652.34580755214	0.9999905760482831	0.00031458671999147437
55652.36624160226	1.0003829562979336	0.0003146035118040619
55652.38667565261	0.9997301835990186	0.0003145658229850147
55652.40710970314	0.99968707683541	0.00031455371795897
55652.427543753845	0.9999519994991409	0.000314567290296769
55652.447977904776	0.999206549121859	0.00031452442014492265
55652.46841195589	1.0003285551745187	0.0003145915299926397
55652.48884590723	0.9998643923282565	0.000314563761873642
55652.5092800588	1.000481171270187	0.0003146053759723163
55652.5297141105	0.9999165129576972	0.0003145626775875383
55652.55014806248	0.9999607901180123	0.0003145715028871626
55652.570582214634	1.0003406435488782	0.00031459317103233034
55652.61145041953	0.999767582859969	0.00031454733285244085
55652.63188437227	0.9996257391419787	0.00031455195705349536
55652.652318425244	0.9999457851437115	0.0003145661308761407
55652.67275257839	1.0000978210444087	0.0003145738259894693
55652.69318653171	1.0002343468675519	0.0003145765461720151
55652.734054639055	0.9998967763187083	0.00031455668025416497
55652.75448869301	0.9999138528971232	0.00031456121582766605
55652.77492274721	1.0001190507316733	0.00031456967762638746
55652.79535680158	1.0003746560970481	0.00031458059681359124
55652.81579085612	1.0000277611236448	0.0003145528181005705
55652.8362250109	0.9997979191084798	0.0003145510022061953
55652.85665896591	0.9999934282724754	0.0003145536671376448
55652.87709302103	0.9997855492620957	0.0003145367269887313