56366.969638236566	1.000007170217804	0.0003099888521755119
56366.990071835986	0.9996468479392858	0.0003099473274735372
56367.01050553564	0.9999299018291549	0.0003099782028674574
56367.03093923552	0.999383634709632	0.0003099326716192423
56367.051372935755	1.0002920850558457	0.0003100082324745648
56367.07180663611	0.9998731922617033	0.00030997283326507916
56367.0922403368	0.9996072252639546	0.00030995847442923834
56367.11267403785	1.0000282736306205	0.0003099966758304394
56367.13310783902	0.9998593179517808	0.0003099618669263251
56367.15354144053	0.9997581145581861	0.0003099621504060535
56367.173975142396	1.0004979656605546	0.00031002553229269935
56367.19440894437	0.9998232023208102	0.0003099638295868243
56367.2148425467	1.0000554782336937	0.0003099947032169237
56367.23527624927	0.9999221928221336	0.00030998235272726313
56367.255710052064	1.0003922385352397	0.00031001990619259777
56367.2761437552	1.0003458645591972	0.0003100175102356739
56367.29657745858	0.999960692748837	0.00030999055962493966
56367.31701116219	1.0004400280345842	0.0003100233253567933
56367.33744486615	1.000071991867911	0.0003099986252873619
56367.35787857034	1.0000234812828035	0.0003099929694495289
56367.37831227477	1.0002545507413452	0.00031001371866616975
56367.419179784316	0.999971548992648	0.00030999242887002097
56367.46004709514	1.0001564527821747	0.0003100058485157303
56367.48048090085	0.9999991086410138	0.00030999312228164146
56367.500914506905	0.9999214012076515	0.00030999589739701247
56367.52134831319	1.0000301128618712	0.000309993658211408
56367.54178201971	1.0005318622510992	0.00031002627619697434
56367.562215626574	1.0007222006167416	0.00031005312006905113
56367.58264943356	0.9997246679856613	0.0003099674489580562
56367.6030831409	0.9994555154811635	0.00030994917862370395
56367.62351674859	0.9992997293539113	0.00030995110112135385
56367.6439505565	0.9997749382038763	0.00030999625419036363
56367.664384164535	1.0000617443454045	0.0003100037431285591
56367.68481797303	1.0001939030082574	0.00031002135291819354
56367.70525168165	0.9998895731258383	0.00030999850080475354
56367.725685390615	1.0006753409297096	0.0003100570094098066
56367.74611909981	0.9994845579485931	0.0003099588999412817
56367.76655280924	0.9999092848324954	0.0003099940211368494
56367.78698651902	1.0004987708344009	0.0003100337744879204
56367.80742022903	0.9998579942216291	0.0003099813648870076
56367.82785393928	0.9999477340654189	0.0003099878286568882
56367.848287649875	0.9999812063553117	0.0003099938250955816
56367.88915507164	0.9996840432193355	0.00030996925290225393
56367.909588883056	0.9998862004402942	0.0003099741051973548
56367.93002259458	1.000186168630878	0.00031000585009380565
56367.950456206454	1.0003853119447887	0.00031001629320753543
56367.970890018565	0.9998303281941778	0.00030997419367908386
56367.9913237309	0.9994334766700731	0.0003099302972789028
56368.01175734359	1.0007056141393453	0.00031002655712965483
56368.03219115652	1.0006100703466272	0.0003100224664809848
56368.05262486967	0.9993183631012225	0.0003099256046897434
56368.07305868318	0.9999295620936265	0.00030996936691255345
56368.0934922968	1.000466956560959	0.00031000206189072446
56368.11392601077	1.0004372901936434	0.00031000865683389307
56368.13435982509	0.9994400039610722	0.0003099283162285739
56368.15479343952	0.9996116776901451	0.0003099330970949205
56368.17522715431	1.0000817002052205	0.00030996656599754414
56368.19566096933	0.9999837119072781	0.0003099393119027075
56368.21609458458	1.0002132983145176	0.0003099717402612205
56368.23652830018	0.9998394369499557	0.0003099332529060903
56368.277395732075	1.0006571858892037	0.00031000169577403367
56368.29782954849	1.000258862902179	0.0003099693535338466
56368.31826316503	0.9992924826756737	0.0003099006787318287
56368.33869688191	0.9999680020834133	0.0003099401277252787
56368.35913069914	0.999602645260036	0.00030991067566603516
56368.379564316485	0.999464989224316	0.00030991305679646834
56368.399998034176	1.0002411942762515	0.00030996732667318104
56368.42043185211	0.9995429754328294	0.00030989977449272796
56368.44086557027	1.0000326132211637	0.00030994259436145205
56368.46129928878	1.0002196353068709	0.000309973456108545
56368.481733007524	0.9999192392264115	0.00030992535846957863
56368.5021667265	1.000213975307586	0.000309944621399263
56368.52260044582	0.9997248276023747	0.0003099089472258415
56368.54303416527	0.9992108546067932	0.00030987417710681887
56368.56346788506	0.9999752745766519	0.00030993793330511243
56368.5839017052	0.9998373447471871	0.0003099262249652682
56368.60433532546	0.9999963783074377	0.0003099317535962462
56368.624769046066	0.9999974479200833	0.000309933395840899
56368.6452028669	0.9999476851078344	0.00030995811155160773
56368.665636487975	0.9999845126552266	0.0003099414888442834
56368.6860703094	0.9998668552630274	0.00030993068744823027
56368.70650403105	0.9998303884041915	0.00030992439116568545
56368.72693765294	1.0002089623755204	0.0003099616132993236
56368.74737147506	1.0002976196110447	0.00030997115310235873
56368.76780519752	1.0003660145761468	0.00030998065993695037
56368.78823882023	1.0000985936736508	0.0003099793526161844
56368.808672643165	0.9993223163546657	0.00030990747157071997
56368.82910636633	0.9996699176716787	0.0003099420404166321
56368.84954018985	1.000803009011578	0.00031003805351191376
56368.8699738136	1.0001902820002164	0.0003099859594634279
56368.890407537576	0.9995557808789552	0.0003099410197142184
56368.91084136191	0.9998905746372019	0.00030996995733956363
56368.93127498648	1.0001214339476823	0.0003099787711863469
56368.95170871127	0.9996155412735859	0.000309952040045145
56368.9721424363	1.0001871776926785	0.00030998918127542446
56368.99257616157	1.0005412416357806	0.00031001710712289795
56369.013009887174	0.9999708188290304	0.00030997851080070597
56369.03344361302	1.0001117828588026	0.0003099891888859953
56369.05387733922	0.999419596629556	0.0003099374628839544
56369.074311165525	0.9995946216778197	0.00030994475722688556
56369.094744792186	1.0000954223590348	0.0003099870484728735
56369.11517851908	1.0001624485476421	0.00030998857697243264
56369.13561234632	1.0002471994784206	0.00030998538769901003
56369.15604607368	1.0004306651134198	0.00031001340075680766
56369.17647970139	0.9999130909679608	0.0003099852153555792
56369.19691352944	0.9999892924540982	0.0003099812906425503
56369.21734725762	1.0002423632050745	0.0003100048194067326
56369.237781086136	0.999650730943177	0.00030995677472202645
56369.25821471489	1.0004359222379315	0.00031002172870010075
56369.278648443884	0.9996725977791717	0.0003099630984923527
56369.2990822731	1.000260748596998	0.0003100116240473049
56369.31951590267	0.9999579902655927	0.00030998580122767284
56369.33994963248	0.9999646222712886	0.0003099847175788521
56369.36038346263	1.0004720798814364	0.00031001805645058657
56369.3808170929	0.9997102503230227	0.0003099547601824667
56369.40125082352	0.9998237026705438	0.00030996829630476055
56369.421684654364	0.9996247110060719	0.0003099576916977095
56369.44211828545	0.9999210242264592	0.0003099678793789152
56369.462552116885	1.000401340881329	0.00031001661182701845
56369.48298584855	1.0000024491616946	0.0003099887747193395
56369.50341948045	1.0000297638194582	0.0003099956526105161
56369.52385331258	1.0000539133503894	0.0003099979635789406
56369.54428704506	1.0000857182621654	0.00031000449541926844
56369.56472067777	0.9999914067536421	0.0003100001808505636
56369.58515451072	0.9996928565677151	0.0003099729426981666
56369.605588243896	1.0000303850030368	0.00031000790117207533
56369.62602197743	1.0004339317120061	0.00031003574662416815
56369.64645571119	1.0002489438173288	0.0003100238812839077
56369.66688944518	1.0001470528043788	0.0003100152798725103
56369.687323179525	1.0002975797922418	0.00031003302635072816
56369.70775691399	1.0003876047037223	0.00031003799931093374
56369.72819064879	1.000380215943008	0.00031004265318257857
56369.748624383836	1.0002963589061782	0.00031003414063040895
56369.76905811923	0.9998852692065032	0.0003099951388906523
56369.78949185485	1.0004862584547405	0.00031004680350690643
56369.80992569071	0.9998280282128111	0.00030999345214599236
56369.8303593268	0.9999445370878498	0.000310003981959198
56369.85079316312	0.9999744669646731	0.00031000375996896264
56369.87122689979	0.9998123632308068	0.0003100013084402921
56369.91209437383	1.0001625316398144	0.00031002210461586927
56369.93252811132	1.0003905779556983	0.00031005832426460843
56369.95296174904	0.9997298080988181	0.0003100154124981025
56369.97339558687	0.9997304616291798	0.00031000881986908513
56369.993829325176	1.0002891436357777	0.0003100541218512732
56370.0142631636	0.9999509497430649	0.0003100417157768721
56370.03469680236	1.0001556939810368	0.0003100501848828044
56370.05513054136	1.0000980233570187	0.00031005199856143183
56370.07556438059	0.9998144326035494	0.0003100228130236745
56370.09599802017	1.000337439420398	0.00031006240743779325
56370.11643175999	0.999740876407088	0.00031002548722966673
56370.13686560004	0.9996860531383259	0.00031001341859406554
56370.157299240316	1.0006080655978093	0.0003100950163110569
56370.17773298095	0.9993460134614915	0.000309997917924329
56370.19816682169	0.9996180580155857	0.0003100163113337004
56370.21860056279	0.9997834005347742	0.00031002312263623475
56370.239034304235	1.000284438642235	0.0003100732618580217
56370.2594679458	0.9996440426379649	0.0003100109349353632
56370.279901787704	0.9998337215264843	0.0003100277086641424
56370.30033552985	0.9998389326076491	0.0003100228973105872
56370.32076927222	0.9996255090666949	0.0003100086158981702
56370.34120291495	1.0001491181116333	0.00031004820314221225
56370.36163675791	0.9998595574289885	0.0003100222815155631
56370.3820705011	1.0001630117667373	0.00031004380378901546
56370.40250424452	0.9994336344552335	0.0003099923859381875
56370.422937988296	1.0002282322798532	0.000310054242067835
56370.44337173218	1.000018299352354	0.0003100397094173351
56370.46380557642	0.9999209452067567	0.00031003348101067474
56370.48423922101	1.0001562523436638	0.0003100457579905381
56370.50467296572	0.9998518689414032	0.00031001807471510873
56370.52510681077	1.00008012815127	0.000310045131326803
56370.545540456056	1.0003184125027067	0.0003100602558499313
56370.56597430157	1.0002030442594072	0.00031005609812832617
56370.58640804744	0.9996931065122363	0.0003100228106983347
56370.606841693545	1.000278350906878	0.00031005388645977545
56370.627275539875	0.9998441521062762	0.000310023337648138
56370.647709286444	0.9996782018781851	0.0003100138516143975
56370.668142933246	1.0002608908850394	0.0003100558925698922
56370.709010527775	0.9998699685288983	0.0003100215813344534
56370.72944417539	1.0001262683440306	0.0003100528927727975
56370.74987802335	0.9996417716439351	0.0003100166576804032
56370.77031177155	0.9999452905383082	0.0003100283137797817
56370.81117926864	0.9983464648575988	0.00030990138033942094
56370.83161301754	0.9972310367691489	0.0003098186006615261
56370.852046866785	0.9967755652837821	0.00030977250593209623
56370.87248051626	0.9966431496140667	0.00030976543097421485
56370.89291426597	0.9958029647614636	0.0003096921509269043
56370.91334801603	0.9953111395675456	0.0003096491468680458
56370.9337817662	0.9952793572830838	0.0003096538715417943
56370.95421561673	0.9957838035559862	0.00030969569404789817
56370.97464926749	0.9950266954912885	0.0003096355654707926
56370.99508301859	0.9954754890751556	0.0003096592833284332
56371.01551686982	0.9955110663095725	0.00030966631172547367
56371.035950621386	0.9946537552442312	0.0003096158161575936
56371.05638427319	0.9951079982558176	0.00030964140061140693
56371.07681812535	0.9948884805224713	0.000309630184098083
56371.097251877625	0.9949214337881728	0.00030962952522227313
56371.11768553024	0.9947690451753632	0.00030961569428332447
56371.1381193831	0.9948367906912171	0.00030961707617280953
56371.158553136294	0.9952242588891124	0.0003096552233018431
56371.17898698962	0.9953929595516803	0.00030966402976804086
56371.19942064329	0.9950410242683718	0.0003096282948614556
56371.21985439719	0.9950812482465708	0.0003096258318830162
56371.240288251436	0.995154354119177	0.0003096341992094229
56371.260721905805	0.9954476510528958	0.00030967202774629684
56371.281155660516	0.9953780472163437	0.00030965964178606515
56371.30158951547	0.9957538835844904	0.0003096889191671749
56371.32202317065	0.9953130829273383	0.00030966191001608265
56371.34245702618	0.9957231224353071	0.00030968877402588215
56371.36289078183	0.9959953737032395	0.0003097097435596674
56371.383324437826	0.9959889615346017	0.0003097094294648789
56371.40375829417	0.9964694201694566	0.00030974197425328166
56371.42419205063	0.9966673862308149	0.00030976260215863116
56371.444625807446	0.9975603472859282	0.0003098364183946672
56371.465059564485	0.9988850736949408	0.00030993715690699465
56371.485493321765	0.999994085177005	0.00031001954724744395
56371.50592707928	0.9998496055602762	0.0003100008598579305
56371.52636083713	1.00028797247803	0.00031003476675757957
56371.56722835355	0.9997501343875707	0.00030999320359370445
56371.587662112106	1.0002035190875145	0.0003100242103825465
56371.608095871015	1.0004152469191954	0.0003100378186912145
56371.62852973016	0.999428508246771	0.0003099647588801122
56371.648963389525	0.9996428917457223	0.0003099904909909545
56371.66939714913	0.9999416198477115	0.0003099949201737397
56371.689831008975	0.99967949118066	0.0003099722527855098
56371.71026466916	1.0000537505147722	0.0003100076807139715
56371.73069852958	0.9999363499099072	0.00030999576258282206
56371.751132290236	0.9999021782421413	0.00031000060460248385
56371.77156595123	1.0001476855517917	0.0003100087324490441
56371.79199981247	0.9994508573779729	0.00030996242732815094
56371.812433573825	0.9998267225243298	0.0003099810496791086
56371.83286723564	1.0000794167294766	0.0003100075402265218
56371.85330109757	1.0001943363448091	0.0003100151052544086
56371.87373485974	0.9995338868131477	0.00030996484113031837
56371.89416852225	1.0003731275839702	0.000310026604466449
56371.914602385004	1.0003348345088963	0.0003100253257730707
56371.935036148105	1.000276494600286	0.0003100224801226699
56371.955470011315	1.00038258160074	0.00031003026408136066
56371.97590367488	1.00002821529222	0.00031001162652689277
56371.99633743868	1.00034135806331	0.00031004181759973715
56372.016771302704	0.9997640007108167	0.00030998290258393857
56372.037204967084	0.9997855964008009	0.00031000374287367213
56372.05763873158	0.9993943246457184	0.00030997149188428686
56372.07807259642	1.00017216746106	0.00031001982928333447
56372.0985063615	1.0001652061253608	0.0003100415329784352
56372.11894012692	0.9996208132000959	0.0003099914448161926
56372.13937389247	1.0004997631678703	0.00031006575164719657
56372.15980755836	0.9998106613930703	0.0003100195734149842
56372.18024142449	1.0000132234298313	0.0003100398307016729
56372.20067519096	1.0004216036769653	0.00031007268713374394
56372.22110895755	0.9999589863947809	0.00030990989416906315
56372.241542724485	1.0002858640006969	0.0003099208860809652
56372.26197649166	1.0007622439424608	0.00031011036135386035
56372.28241015907	1.0003110537572775	0.0003099879145053494
56372.30284402671	1.0001505626136382	0.0003099792647314972
56372.32327779469	0.9998887825890793	0.00030996134981941214
56372.343711662914	0.9996944885878395	0.000309880454869661
56372.36414533136	0.9999419992611797	0.0003100318488106251
56372.38457910005	1.0007117444133775	0.0003100220693285371
56372.40501296909	0.9998700764468782	0.0003100306567235462
56372.42544663836	1.0000633448604965	0.00030997103281828615
56372.44588040785	1.0001593766896462	0.0003099200009303079
56372.46631427759	0.9998509813991056	0.00030989844390703767
56372.48674794755	1.0005827191421415	0.0003099594794980688
56372.50718181787	0.9997989319185169	0.00030997775086699506
56372.52761558842	0.9994434861775497	0.00030989471523436957
56372.5480492592	1.0003330243412216	0.0003100160440218848
56372.56848313021	1.0003088823625763	0.00030993910392208563
56372.60935057317	0.9997355789856528	0.0003099134501578266
56372.629784445	0.9996999424955556	0.00030991713375929503
56372.650218217066	0.99955253406176	0.00030990313804448013
56372.670651989356	1.0000029610678214	0.0003099415500627886
56372.691085762	0.9998730539836099	0.0003099387445254915
56372.71151953488	0.9998744624692104	0.0003099383687415339
56372.73195340799	0.999882049034362	0.0003099416614230079
56372.75238708133	1.0003617006967	0.00030999187115449605
56372.772820855025	1.000448629846135	0.0003099839710966561
56372.793254728946	0.9997606526856089	0.0003099410677224585
56372.813688403105	0.9999527296770738	0.00030995059675561495
56372.8341221775	1.0012838741050896	0.0003100553462947261
56372.854556052116	0.9998959045422887	0.000309957196034208
56372.8954236023	1.0003000320642925	0.000309973679464498
56372.91585737773	1.0004114961018489	0.0003099998712751081
56372.936291053404	1.0004244990118119	0.0003099988811008033
56372.95672492943	0.9996227233098056	0.0003099304754171872
56372.977158705675	0.9992319171599428	0.00030991739281617466
56372.99759238216	1.0002217636169128	0.000310000334941454
56373.018026258884	1.000087428499981	0.0003099851602696099
56373.03846003583	1.000098365602173	0.00030998203207285955
56373.05889371313	0.9998204318242429	0.00030997023928308745
56373.07932759067	0.9997806976464622	0.0003099620040897306
56373.09976136843	0.999878521383741	0.0003099792911380685
56373.16106270324	1.000280941650095	0.0003100088726817889
56373.18149658206	0.9998016028254462	0.00030996502664048874
56373.20193026111	0.9995606711260994	0.0003099501037426703
56373.22236404038	1.0000195006103074	0.0003099848529371211
56373.242797920015	0.9998660002245963	0.00030997134538625614
56373.26323159988	0.9993833155310825	0.0003099390498660028
56373.28366547997	1.0000971106947985	0.00030999844995392706
56373.32453304085	0.9999524055672009	0.0003099891585789721
56373.344966821765	0.9997130209377584	0.00030996447874381426
56373.36540060291	1.0000307156504593	0.0003100005897353887
56373.38583438428	0.9994618763915184	0.0003099378157532648
56373.40626816589	1.000037843203519	0.000309992356738202
56373.42670194785	1.0002669867604592	0.000310018482924187
56373.44713572992	1.0002014711350005	0.00031000696830575636
56373.467569512344	1.000026725686893	0.00030999337457284556
56373.488003295	0.9998630455671905	0.00030997986191332765
56373.508437178	0.9995641998391209	0.0003099574486614372
56373.528870861126	1.000090702201162	0.0003100041762525736
56373.5493046446	1.0001360693358685	0.0003100084901265256
56373.5697385283	0.9999619939045741	0.00030999565976399276
56373.590172212236	1.0000095674808875	0.000309998514498072
56373.61060599641	0.9996597167885066	0.00030997677549865986
56373.63103988092	1.0004779922742406	0.00031008932791362474
56373.651473565675	1.0003071103881584	0.00031001371808729914
56373.692341235874	1.0002743505213991	0.00031002259139714016
56373.712774921325	1.00031393864275	0.00031002095327863603
56373.73320880713	1.0001164401268952	0.0003100054093674841
56373.753642593154	0.9999858028579411	0.00030999786042756346
56373.77407627942	0.9997020826924486	0.0003099666628087083
56373.79451016592	1.0002018860734236	0.0003101244569009443
56373.81494395276	0.9997903071696618	0.00030997498987125655
56373.83537773973	1.000010992639719	0.0003100027845680746
56373.85581152704	0.9996541093022437	0.0003099692306351989
56373.87624531458	1.0002290551501423	0.0003100088213753779
56373.896679202364	1.0000446777844436	0.0003099933284172486
56373.91711289049	1.000138024615547	0.00030999968449607444
56373.93754667885	1.0000399650224334	0.0003100005287140548
56373.957980567444	0.9998462942002808	0.0003099848293840819
56373.97841435627	1.00004415055485	0.00031022106576248705
56373.998848045325	1.0002159517879505	0.0003101188082002445
56374.01928193462	1.0002525900598047	0.00031022713175374897
56374.039715724255	1.0004028247535384	0.00031024498693569896
56374.06014951413	1.0007191161348874	0.0003102690481232872
56374.08058330424	0.9994595505248491	0.0003099494635462917
56374.1010170947	0.9996719111388835	0.00031018845908010177
56374.121450885264	0.9995017929256159	0.0003099678461261524
56374.14188467619	0.9998274521934759	0.000310205600833332
56374.16231846734	0.9997838457801425	0.0003102069119255473
56374.20318605035	0.9999401073580068	0.0003102220960621211
56374.22361974232	1.0008202908342745	0.0003102874927263981
56374.2440536344	0.9994495347662986	0.0003099601245553473
56374.26448742684	0.9997327689482046	0.00031020253940481653
56374.30535501252	0.9996226652219167	0.00031020065245775547
56374.325788805654	1.000317812119926	0.0003102569157518191
56374.36665639285	0.9998000939397824	0.00031022496174070823
56374.3870901868	1.0005670210828104	0.00031028158756411166
56374.407524080976	1.0001619347426938	0.00031024435889665403
56374.42795777551	1.0001987332375388	0.0003102561681393214
56374.448391670274	1.0004323966396984	0.00031026763472339405
56374.468825465265	0.9999081260142484	0.0003102350596030837
56374.489259260496	0.999932792738402	0.00031022276636022953
56374.50969305596	0.999735643101997	0.00031022251343625144
56374.530126851765	1.000011688632245	0.000310247300715989
56374.550560647695	0.9998112357630176	0.00031022055684092335
56374.57099444397	1.0001065448975888	0.00031023727727638224
56374.59142824048	1.00014705564297	0.000310248049565404
56374.61186203734	1.0000975663722258	0.00031023832931081723
56374.632295834315	1.0004793395257172	0.0003102870729720394
56374.652729631634	0.999644443922228	0.00031019646699239316
56374.673163529194	0.9997931988958147	0.00031021819866148637
56374.69359732699	1.0004113483230985	0.00031026391605554177
56374.714031025	0.9999127230770148	0.00031021796610364386
56374.73446492326	0.9993214550955605	0.0003101843662558558
56374.75489862187	0.9999209374603772	0.0003102333346404145
56374.7753324207	1.0000156047282855	0.0003102359209730583
56374.795766319774	0.9998679369575539	0.00031022068460503704
56374.81620001908	0.9999726388516789	0.0003102244209010816
56374.83663391873	1.0001131310167022	0.0003102364119725361
56374.8570677185	0.9996799765181352	0.0003102022454711705
56374.87750141862	1.0001101382131752	0.0003102380187328713
56374.897935318964	0.99973105438407	0.00031020227633823716
56374.91836911955	1.0003952623650827	0.000310252539221526
56374.938802820485	0.9994644305581183	0.00031016363975403904
56374.95923672153	0.9999523122277073	0.0003102116958380437
56374.97967052293	0.9997089889337472	0.00031020889968793913
56375.000104224564	0.9999215320249961	0.00031021461705792793
56375.020538126424	0.9999381344699277	0.0003102064037380262
56375.04097192864	0.9997286964598964	0.0003101897770044611
56375.06140583097	0.9999876299089284	0.0003102139103737184
56375.10227333656	1.0000965510658442	0.0003102238074972173
56375.1227072397	0.9996886838510514	0.00031019829380610333
56375.14314104308	1.0003290350641216	0.0003102459915502691
56375.16357474681	1.0001265715106906	0.0003102359226350371
56375.184008650656	1.0008234857696936	0.0003102880160576998
56375.204442454844	1.0001447296931016	0.00031022884518241956
56375.22487625927	0.9997106859250062	0.0003102116619549092
56375.245310063925	1.0002132021643046	0.00031024190529318373
56375.265743868935	0.9995470370168511	0.00031019819746116154
56375.28617777406	0.9999674697400022	0.0003102245503639942