55403.795207866766	0.9999862561832389	0.0003167199456542666
55403.81564179738	0.9999930266609087	0.00031672886742687095
55403.83607572777	0.9996993526202784	0.0003166962432645359
55403.856509657926	0.9996798952790807	0.0003166963968176738
55403.87694358784	1.0000507498729927	0.0003167293277949345
55403.897377517766	1.0001761459349754	0.0003167331124488515
55403.917811447216	0.9999889219027256	0.0003167199290014985
55403.93824537644	0.9995036200007381	0.00031667752579629617
55403.95867940567	1.0000194438269356	0.0003167083084171392
55403.97911323466	1.0000688741268506	0.0003167164103360824
55403.99954716318	1.0005641847520097	0.00031675923007360547
55404.019981191705	1.0003798813634834	0.00031673017802100303
55404.04041501999	0.9994534933594049	0.0003166779807268999
55404.06084894805	0.9993287257844188	0.00031666667130777484
55404.08128297588	1.000062844755008	0.0003167189369432973
55404.101716803474	0.9998840228274125	0.0003166963718547412
55404.12215083083	1.0005507985450142	0.00031674549997311126
55404.14258475796	0.999640476102284	0.00031668174437930117
55404.16301858485	1.0001303862071433	0.0003167132990275766
55404.183452611745	1.000112252041196	0.000316715907408914
55404.224320364374	1.0000421748730366	0.000316704723998665
55404.244754390566	1.000644348731373	0.000316804065002289
55404.28562224202	1.0000478929538719	0.0003167057547028027
55404.30605616752	0.9996212465546166	0.0003166763598648548
55404.32649009279	0.9996868860439326	0.00031667726795756804
55404.34692401782	1.0004055493362962	0.00031683961798552535
55404.36735804262	1.0000992675916078	0.0003168296314968298
55404.387791867186	1.0000120529399041	0.00031669889717499556
55404.408225791514	0.999839471518397	0.0003166994193046063
55404.42865981562	0.9997308244638458	0.0003166890477195376
55404.44909363949	0.999780208171291	0.00031668436566337704
55404.46952766312	0.9998730080987901	0.0003166853656827565
55404.48996148675	0.9997810307998376	0.0003167988453703039
55404.510395409925	0.9995250892006917	0.0003166678433480427
55404.53082943286	0.9996620853875267	0.0003166701549947474
55404.551263255795	1.0001182162182705	0.00031670268728915997
55404.5716971785	0.9998624860546053	0.0003167487979931507
55404.592131200734	0.9997971089647747	0.00031673943197018257
55404.61256502297	0.9996262185438766	0.0003166707666812282
55404.65343296675	0.9999507677342316	0.0003167536461067623
55404.673866788056	0.9998500496433664	0.000316678299740286
55404.694300709365	1.000799743362901	0.00031680096470041705
55404.71473473067	0.9998792994260276	0.0003166793665100179
55404.73516855151	1.00034593925022	0.0003167132705726546
55404.75560247212	1.0001177035211162	0.0003166949605355471
55404.77603649249	0.9996058048035112	0.0003166626793769286
55404.796470412635	0.9994094925708772	0.00031664748177751684
55404.81690423278	0.9992706165301788	0.0003166359436013704
55404.83733825245	1.0007877312291664	0.0003167515522616086
55404.85777217213	0.9996653047525548	0.00031666163022019784
55404.87820609134	0.9992113687183048	0.0003166377422561057
55404.89864001055	1.0001447896766822	0.00031670303855837307
55404.91907392953	1.0000311773246067	0.0003166903360712912
55404.939507948046	0.9995772277803796	0.0003166603710239277
55404.95994176655	0.9998048976374835	0.0003166748017276205
55404.980375684834	0.9993027985810061	0.0003166919911558156
55405.00080970288	1.0006892056790753	0.00031685645747519354
55405.02124352069	1.000170614486351	0.0003167538112923425
55405.041677438276	0.9997665039568971	0.0003167859405576681
55405.06211145563	1.0000310184641985	0.00031669438383071907
55405.08254527274	0.9998690762668431	0.00031666371616309455
55405.102979189855	0.9999192465516387	0.0003167941833921134
55405.12341310651	1.0002630372091197	0.00031676518797270207
55405.14384702292	1.0001840624196685	0.00031669370621632023
55405.16428093934	0.9998161546141725	0.00031671774586369014
55405.18471485529	1.0004431209264695	0.000316770985295417
55405.20514877124	0.9999248529211424	0.0003166736113350517
55405.22558278696	1.0002819060026753	0.0003167764904821188
55405.246016602214	1.000052367972521	0.0003167904503340407
55405.26645051746	1.000425248607382	0.00031670991959179473
55405.286884532485	1.0005915904099352	0.00031672477647462564
55405.307318447274	1.0002218940971372	0.0003167631799794023
55405.32775226182	1.0003969425210029	0.00031676633663026946
55405.34818627615	0.9995990815972899	0.0003166549231959557
55405.36862019023	1.00003123380722	0.00031673976111744367
55405.38905400409	0.9998905992743568	0.0003167375991054289
55405.409488017714	1.0001855249757206	0.0003166873794587802
55405.42992193111	0.9995489448460055	0.00031676987215167917
55405.47078975742	0.9998066541762972	0.0003167767960463547
55405.491223670106	0.9994855297643702	0.000316655319448068
55405.5116574828	0.9999925540331467	0.00031673677085065926
55405.53209149503	1.0003235924429803	0.0003167098517518626
55405.552525407256	0.9999504198709421	0.00031679650876833307
55405.57295941901	0.9998552508394892	0.0003168046234235169
55405.593393230774	1.0005161282940376	0.0003168445784901321
55405.6138271423	0.9999548295918047	0.00031687054719503106
55405.634261153595	1.000369116198535	0.000316893392153638
55405.65469496466	0.9999987586495777	0.0003168697515515151
55405.67512887549	0.9996849448263833	0.0003167175658043944
55405.69556288608	0.9999373738433784	0.0003169210164752885
55405.71599669645	0.9997238797098661	0.0003169210276734451
55405.73643060657	1.000283620425651	0.0003169520080933512
55405.75686461647	0.9997390427317668	0.0003168593657242863
55405.77729852614	0.9993114458555807	0.00031678164236581893
55405.79773233557	1.000363514319647	0.0003169641965061109
55405.818166345	1.0002937032302985	0.00031694135647693467
55405.83860025397	1.0000301243693486	0.0003169215838601213
55405.879468071435	0.9994931995344445	0.00031688839225514176
55405.89990187994	0.9996454968847744	0.000316845204715487
55405.92033588797	0.9998851810672372	0.00031690754730295925
55405.96120360381	1.0004180937799338	0.0003169437824649417
55405.98163761114	1.0002919523378413	0.00031688319131122463
55406.00207151848	0.9998907230592726	0.00031679860722343497
55406.022505325585	0.9998450466429326	0.00031691595673843037
55406.04293933245	0.9996772565017338	0.00031689688854405403
55406.06337323909	1.0002885928809575	0.0003169369040399739
55406.0838070455	1.0008198768783245	0.0003169851151066489
55406.10424105167	1.0001546143823405	0.0003169379231364585
55406.12467495761	1.000190551412018	0.0003169367753963577
55406.16554276902	1.0002263087767447	0.0003169287226417877
55406.185976674264	0.9997585013737332	0.0003168998124374369
55406.22684448428	0.9998891663994648	0.0003169135033723975
55406.24727838882	1.000761778657852	0.00031697369663622247
55406.26771239337	1.000899350952003	0.0003169871757362703
55406.28814629744	1.0002390128141982	0.00031693654033488987
55406.30858010152	1.0000001940989838	0.00031691887990261574
55406.329014105366	1.00003147093668	0.00031691547308851977
55406.34944800897	1.0001832646406017	0.00031692980286606825
55406.36988181212	1.0000042578935484	0.000316913114245219
55406.39031581527	0.9999918884096484	0.00031691281173993555
55406.410749718176	0.9993629193526569	0.00031687972717285237
55406.43118352086	1.0004601971786993	0.0003169510117453083
55406.4516175233	1.0000002391579539	0.0003169144153207162
55406.47205142552	1.000157053264301	0.00031693594939454016
55406.4924852275	0.9997665596570922	0.0003168982761795326
55406.53335303076	0.9999260230388597	0.000316909551910588
55406.55378693228	0.9995940842661206	0.00031688884055573643
55406.574220933326	1.0003448417532979	0.00031693894434850934
55406.594654834145	0.999769042902678	0.0003169074226366178
55406.615088734965	0.9997747410293152	0.0003168951350299611
55406.63552263532	0.9996722712029648	0.00031688976551803204
55406.655956535666	0.9992390754857323	0.00031686488899651625
55406.676390435554	0.9994461144977717	0.0003168791039988473
55406.696824335435	0.9999692914181049	0.00031692121615450663
55406.71725823509	1.0000829318512845	0.00031692149163294834
55406.73769213428	0.9999406717105325	0.00031690664326651025
55406.75812603347	0.9997154803004915	0.0003168955249740858
55406.77855993242	1.000417278944768	0.00031694143689748087
55406.798993931145	1.0001169891355755	0.00031693207449670104
55406.81942772963	1.0003864604441015	0.0003169434364323062
55406.83986162765	0.9996570168790544	0.00031689466111942696
55406.86029562568	1.0000106328876182	0.0003169197109760993
55406.880729423705	0.9995998458820315	0.00031689688781140463
55406.90116332126	1.0005813069697649	0.00031696215374625635
55406.921597318586	0.9997955291596241	0.00031690667682330426
55406.94203111567	0.9994258760506025	0.00031686918635923236
55406.962465112534	1.0005288296390498	0.0003169587913973983
55406.98289900916	1.0001955027273803	0.00031693005916999046
55407.00333280579	1.0001039290466835	0.00031692044231294543
55407.02376680195	1.0007096271861449	0.00031697171451003185
55407.04420069811	1.0002525072294999	0.0003169297608743029
55407.0646344938	1.0001268713495337	0.00031692067736433015
55407.0850684895	0.9998730683425585	0.00031690308870828074
55407.10550238473	1.000173084675449	0.00031691959505509106
55407.125936279954	1.0002295228169265	0.00031692776591641693
55407.14637017472	1.0002400717253956	0.00031693300284604565
55407.166804069486	1.0004799757638996	0.00031694508326599594
55407.18723796401	1.000102396987707	0.0003169223367635704
55407.20767185831	1.0004379539738868	0.0003169351609483756
55407.22810575215	0.9995690859343228	0.00031689175845797007
55407.268973539576	1.0000091282079993	0.0003169194134949816
55407.289407432945	0.9998782813527595	0.00031690538871481416
55407.309841326074	1.000158464997413	0.0003169337676177354
55407.33027521898	1.0001194328285092	0.00031692448579051557
55407.35070911165	1.000170952066569	0.0003169218110616211
55407.37114310431	0.9995638118178014	0.0003168878659375085
55407.391576896516	1.0003482506594386	0.00031694100547961535
55407.41201078849	0.9996251259029194	0.00031688468449766994
55407.43244478022	1.0001949201492226	0.00031693118797921944
55407.47331246323	1.0001557783893034	0.00031693199205526514
55407.49374645427	0.9997979565356073	0.0003168904396992674
55407.51418024531	0.9997334660309822	0.00031689016911840847
55407.53461413588	0.999871247409808	0.0003169110055360638
55407.55504812645	1.0004944409413246	0.00031695798893149977
55407.59591580667	1.0001017067341167	0.0003169271140521186
55407.61634979654	1.000224686166689	0.0003169288183684683
55407.63678368595	0.9982899792409743	0.000316793921005941
55407.65721757536	0.9975820734856877	0.0003167385443214741
55407.67765146453	0.9969153507094796	0.00031668365691910804
55407.69808535348	0.9965155410691462	0.0003165445379847277
55407.71851924219	0.9963480360570386	0.00031664430126152114
55407.73895313066	0.995692771506858	0.00031647529346589447
55407.75938701891	0.9958473091654925	0.0003166089833880872
55407.77982090692	0.9959567665512957	0.00031661737631119303
55407.800254794696	0.9956512231246153	0.0003165287198094549
55407.820688682245	0.9952454762765668	0.0003164485071912352
55407.84112266956	0.9949027543321131	0.0003164732365664372
55407.861556456635	0.9956131281230645	0.00031653175008332666
55407.881990343485	0.9949145924132038	0.00031647892783066953
55407.902424230335	0.9954385058906335	0.00031645292365857275
55407.92285811671	0.9947844789921452	0.00031646952911388063
55407.94329200286	0.9952458289856468	0.00031656372176521553
55407.963725889014	0.9950051247605641	0.0003164846150306191
55407.98415977469	0.9951354543561673	0.0003165537590048762
55408.004593760146	0.9948636951415808	0.00031642091297227144
55408.04546143058	0.994523417818325	0.0003165125954936764
55408.065895415566	0.9953848319934315	0.0003165756589397272
55408.08632920032	0.9950122208271883	0.00031654559809015954
55408.1067630846	0.9959906076357368	0.0003166227668105232
55408.12719706889	0.9956556414323678	0.00031659897438331006
55408.147630852945	0.9956486143025853	0.0003165962587709311
55408.16806473676	0.995479543971657	0.00031653111632795546
55408.18849872012	0.9959532119198778	0.00031661752327228026
55408.20893260348	0.9966523215676497	0.00031666156755735705
55408.22936638659	0.9974443415285205	0.00031672178141894724
55408.249800369485	0.9982084732939582	0.00031677917800692734
55408.27023425214	0.9998522926070939	0.000316905572304505
55408.29066803456	1.0000148035721717	0.0003169174788659952
55408.311102016756	1.0003879975309098	0.0003169453261582817
55408.33153589872	1.0001716663216664	0.00031693679513188143
55408.35196988044	0.9992450843648019	0.0003168712385188578
55408.37240366193	0.999866752457547	0.0003169108306134959
55408.41327152445	1.0010112207892348	0.0003169908086717662
55408.45413918581	1.0000700999404832	0.000316924106823733
55408.474573166364	1.000113328375582	0.0003169240495242482
55408.49500694646	1.000454462981453	0.00031694625684856534
55408.51544082632	0.9997652308623237	0.00031689904105669184
55408.535874806184	1.0001383259489776	0.0003169274938089879
55408.55630858558	1.0007001877179436	0.0003169693781434723
55408.576742464975	1.0002294677975871	0.0003169312720735468
55408.59717634391	1.0000420797540435	0.00031692545163306874
55408.61761022284	0.9998999304318701	0.00031692428132512536
55408.6380441013	0.9997933160210416	0.00031691053044093277
55408.65847797977	0.9993170014215974	0.0003168747608016307
55408.678911858005	0.9998566006276911	0.0003169109479724411
55408.699345836	0.9998286601489637	0.0003169171983590529
55408.71977971354	0.9997261180619793	0.000316897548394754
55408.74021349107	1.0003251317854633	0.0003169420036749962
55408.76064746837	1.0000239448347203	0.00031692370620479423
55408.78108134544	1.0000428762775107	0.0003169262268280086
55408.80151512228	0.9998359294003986	0.00031690021255395084
55408.82194909888	0.999620204012833	0.0003168991340182156
55408.84238297502	1.0001932592991691	0.00031693362486246525
55408.862816751156	1.000043068420003	0.00031692379632461236
55408.88325072729	0.9993721935108922	0.0003168687923274123
55408.90368460296	1.0004276462817792	0.00031696404015044155
55408.9241183784	0.999558050553865	0.0003168919104179702
55408.944552353605	0.9999917251378491	0.00031692732086376253
55408.96498622858	1.0005760893041087	0.00031696086520458314
55408.98542000332	1.0002074117210886	0.000316950768840634
55409.005853977826	1.0004283478122022	0.000316950657560769
55409.026287852335	1.000312123150333	0.00031694266590249923
55409.04672172638	0.9995968432566849	0.00031689864890680055
55409.087589473995	0.9995888856054252	0.0003168972066964005
55409.108023447334	1.0002858778829649	0.000316938977173364
55409.12845732045	1.0002222795816853	0.00031694076687274346
55409.14889109356	1.0001628158508877	0.0003169295473958041
55409.16932506621	0.999897542894299	0.0003169199889454758
55409.189758938846	1.00008728539783	0.0003169392107907514
55409.21019271103	1.0003238892872839	0.0003169509432009486
55409.2306266832	1.0001541853767921	0.0003169459102410106
55409.25106055492	1.000000422745131	0.0003169297275988516
55409.27149432663	1.000035943730563	0.00031692637094977213
55409.29192829812	0.999926239697205	0.00031692463834737204
55409.31236206936	0.9997631841366974	0.0003169125456009858
55409.33279594014	0.999943568427156	0.00031692674626974195
55409.35322991092	0.99965307345943	0.00031690136424907965
55409.37366368147	1.0008200169814394	0.0003169879286513801
55409.39409755179	0.9997422137644297	0.0003169158358505594
55409.414531521645	1.0010203696773339	0.0003170109836198203
55409.43496529149	1.0000359184654182	0.0003169276675966469
55409.45539926111	0.9999420189135063	0.0003169247288457952
55409.496266899645	1.0000018042625216	0.0003169301801163396
55409.51670086857	1.0000211094774996	0.0003169290580084499
55409.53713473726	1.0000474264768284	0.0003169286152155697
55409.557568605705	1.0004889870006395	0.00031695984546154345
55409.57800247393	0.9989729986461234	0.00031686172886758157
55409.59843634191	0.9997991055168376	0.0003169117701244058
55409.61887020967	1.000828149794708	0.00031699173554381116
55409.63930407743	1.0002256679798638	0.00031695422013892986
55409.65973794472	1.0001824035292004	0.00031695897468364266
55409.68017181177	0.9992122770256019	0.0003168855882108854
55409.7006057786	1.0001273878935935	0.00031694731298800887
55409.72103954542	1.0003431463371832	0.0003169565256703434
55409.74147341178	0.9997116662290254	0.000316900548200143
55409.761907377906	0.9997312794056025	0.00031692102254059765
55409.78234114403	1.000166949693576	0.00031696597496721655
55409.80277510969	1.0004419693981148	0.00031696046663831124
55409.82320897512	1.0000076717820088	0.0003169333218249365
55409.84364274054	1.0003234280712412	0.00031696104388672774
55409.864076705504	0.9996521013296682	0.00031691386411140894
55409.88451057047	0.9999202981117155	0.0003169383765306205
55409.904944334965	1.0000562547337635	0.000316940418524913
55409.92537829946	1.0000827368132237	0.0003169439735158689
55409.94581216349	0.999667923542113	0.0003169199587628138
55409.966246027514	1.0004526537358103	0.00031697149583141546
55409.98667989108	1.0004346390572874	0.0003169657826557483
55410.027547617974	0.9996197737964602	0.0003169115701295959
55410.04798148084	0.9997981298439071	0.0003169246456797674
55410.08884910634	1.000387668681273	0.0003169675045083836
55410.10928306874	1.0003126861918223	0.00031696403548775643
55410.12971693068	0.9998974322206219	0.0003169389444407424
55410.15015079261	1.0001707656523988	0.0003169605808898915
55410.17058465431	1.0002898665794653	0.0003169693474742929
55410.19101851578	0.9998198563308559	0.00031693202869544345
55410.211452477015	1.0000512010904372	0.0003169543295763274
55410.23188623802	1.000448217938037	0.0003169732580742108
55410.25232009879	1.0003952281466402	0.0003169756563753377
55410.272754059326	1.0000442505800717	0.00031695830694596495
55410.29318781963	0.9999331834209914	0.00031694474327486884
55410.31362167971	0.9997465491842887	0.00031691917302289314
55410.33405563954	0.9991759541496468	0.00031689684980366206
55410.35448939915	1.0005489992906733	0.0003169854494478687
55410.374923258525	1.0000040852760321	0.0003169374231060043
55410.39535721766	1.0003048006964335	0.00031696950981860195
55410.41579097657	0.9999644490771203	0.0003169464855892061
55410.43622483525	0.9996315505456959	0.00031692423620258294
55410.456658793686	1.0005400522133814	0.0003169991764570545
55410.47709255213	0.9995644617393399	0.0003169162886590478
55410.49752651011	0.9995067489542505	0.000316915639395142
55410.51796036785	1.0000232455781721	0.0003169463830897412
55410.53839422536	1.00030101131331	0.00031696359253780644
55410.579261939914	0.9993992105674542	0.0003169113743518154
55410.59969579673	0.9998095885050252	0.00031694002219102824
55410.62012965331	0.9996977085476446	0.00031693155035993184
55410.640563509885	0.9999172488532432	0.0003169438153258961
55410.660997366	1.000159592416975	0.0003169664117928481
55410.68143122212	1.00100249337121	0.000317019264873768
55410.70186507776	0.9994656727018975	0.00031692617021999536
55410.72229883341	0.9998163495921087	0.0003169455711764822
55410.742732788596	0.9999810587997479	0.0003169537771321742
55410.763166643774	1.0002216311353593	0.000316965783578662
55410.78360039849	1.0001918856577399	0.0003169589717833349
55410.80403435321	1.000159188099141	0.0003169690963127102
55410.82446820746	1.0000858282101197	0.00031695162074059596
55410.84490216171	0.9997025207888379	0.0003169373626389374
55410.8653359155	1.0003154723653656	0.000316974267924063
55410.88576976928	1.000077544451191	0.00031696871036541774
55410.9062037226	1.000170817398185	0.00031697194935002094
55410.92663747592	0.9991200134870811	0.0003168932882282304
55410.94707132901	0.9994519456329585	0.00031691967721457097
55410.96750528163	0.9997059480733899	0.0003169533647050087
55411.00837288664	1.0006055214065719	0.0003170129761139744
55411.028806838796	1.0000636202316322	0.0003169719068311207
55411.04924069048	1.0002833806895708	0.00031698701197809405
55411.06967444217	0.9996815549014215	0.0003169408652460587
55411.0901083941	0.9994282735135323	0.0003169207319935318
55411.11054224532	0.999583386789929	0.0003169363904215854
55411.13097599608	1.0000092630275954	0.000316973199162621
55411.15140994684	1.0005275340138036	0.0003170188931023479
55411.17184379736	0.9994991558616017	0.0003169381496494848
55411.19227774766	0.9997835621111865	0.00031696202892256785
55411.21271149772	1.0000348333154805	0.0003169690749165
55411.2740130465	1.000159373929899	0.00031699634520042076
55411.29444689563	0.9996616713373733	0.00031694949648010005
55411.314880844526	0.9990172580002845	0.0003169128096255861
55411.33531459319	1.0003780795495227	0.0003170076304880808
55411.355748441616	0.999645403340352	0.0003169568776540242
55411.376182289816	1.0006093778788157	0.0003170352268499281
55411.39661613778	0.9996501778953545	0.0003169485047639408
55411.45791768028	1.000420448129188	0.0003170057064825224
55411.47835152731	1.0001118869505685	0.0003169905977933998
55411.49878537411	1.000027893218474	0.00031697633774753855
55411.51921922068	0.9998582934326008	0.00031696930989488277
55411.53965316701	0.9998539277022497	0.00031696566198309003
55411.56008701335	1.000001512596145	0.0003169874449457562
55411.58052075922	0.9997536124487756	0.0003169607793314813
55411.60095470485	1.0002033278947755	0.000316998945546422
55411.62138855026	0.9998314463265222	0.00031696999216853186
55411.64182229543	0.9998131326826255	0.00031697646201677245
55411.6622562406	1.0002512625828073	0.0003169968797988268
55411.682690085305	1.0002759737778775	0.0003170121686257767
55411.70312382978	1.0001174433040931	0.00031700150992712307
55411.72355777425	0.9993040242018514	0.00031693529568224644
55411.743991618256	1.0000222946364534	0.000316985417543022
55411.76442536203	0.9998140238584874	0.0003169725671074753
55411.7848593058	0.9995914360846884	0.0003169539308925866
55411.80529314911	1.0005564911625606	0.0003170244435750122
55411.82572689219	1.0001922840759612	0.000317001999466834
55411.84616083526	0.9998800311964179	0.0003169879537091637
55411.86659467787	0.9994438699836106	0.0003169403664389952
55411.887028620244	0.999816691865799	0.00031697753721172413
55411.90746236262	0.999641188472788	0.00031696799339656615
55411.927896204536	0.9996591860532642	0.0003169601470435119
55411.94833014645	1.000058872344397	0.0003169866837341727
55411.96876388789	1.0001523672241015	0.0003169952283572425
55411.989197729104	1.0000801836731001	0.00031698572185581925
55412.00963167031	1.0000519847079135	0.0003169918092199786
55412.03006551106	1.000584733379642	0.0003170271285604083
55412.05049925181	0.9996759637275611	0.0003169633284026325
55412.070933192095	1.0000898231280388	0.0003169999690590939
55412.09136693237	0.9999041383197683	0.0003169847880730212
55412.11180077219	1.000093354230846	0.0003170010309737095