55403.795207866766	0.9999562510941526	0.0003167104423134697
55403.81564179738	0.9999639819829192	0.0003167196680747564
55403.83607572777	0.9996712622396872	0.0003166873444711318
55403.856509657926	0.9996527367347133	0.00031668779305042325
55403.87694358784	1.0000244985279407	0.00031672101364600447
55403.897377517766	1.0001507944300256	0.00031672508420192664
55403.917811447216	0.9999644639557689	0.0003167121825964594
55403.93824537644	0.9994800482658655	0.0003166700574504805
55403.95867940567	0.9999967207841178	0.00031670111198061257
55403.97911323466	1.0000469970153805	0.000316709481973054
55403.99954716318	1.0005431305451986	0.00031675256471975713
55404.019981191705	1.0003596509944728	0.00031672377288581626
55404.04041501999	0.9994340874038745	0.0003166718319277289
55404.06084894805	0.9993101144281563	0.00031666077375266195
55404.08128297588	1.0000449991783398	0.00031671328526640413
55404.101716803474	0.9998669465434322	0.000316690963230283
55404.12215083083	1.000534464387154	0.0003167403290502501
55404.14258475796	0.9996248966404606	0.00031667680887372224
55404.16301858485	1.0001155264135795	0.00031670859334689
55404.183452611745	1.0000981070296524	0.0003167114279615747
55404.224320364374	1.0000294218366375	0.00031670068522212687
55404.244754390566	1.0006322651655264	0.0003168002393445668
55404.28562224202	1.0000371330927447	0.00031670234715606136
55404.30605616752	0.9996111309805052	0.0003166731552879227
55404.32649009279	0.9996773975010647	0.00031667426221059435
55404.34692401782	1.0003966701722617	0.00031683680585504223
55404.36735804262	1.0000909953222676	0.0003168270108569278
55404.387791867186	1.000004373777584	0.00031669646522206984
55404.408225791514	0.9998323743423964	0.00031669717127221506
55404.42865981562	0.99972429714048	0.00031668698003114564
55404.44909363949	0.99977423821428	0.0003166824746557
55404.46952766312	0.9998675840218412	0.0003166836477387995
55404.48996148675	0.9997761423941889	0.00031679729638985966
55404.510395409925	0.9995207259852972	0.00031666646100154234
55404.53082943286	0.9996582345907411	0.0003166689351501291
55404.551263255795	1.0001148660127663	0.0003167016263954887
55404.5716971785	0.9998596281374382	0.00031674789262682275
55404.592131200734	0.9997947319501659	0.0003167386789231391
55404.61256502297	0.9996243119837063	0.00031667016270360164
55404.65343296675	0.9999497696247905	0.00031675332993639176
55404.673866788056	0.9998494906590726	0.00031667812269554234
55404.694300709365	1.000799613111731	0.0003168009234696947
55404.71473473067	0.999879588098415	0.00031667945793764207
55404.73516855151	1.0003466370829555	0.0003167134915091119
55404.75560247212	1.0001188002641872	0.00031669530782767316
55404.77603649249	0.9996072900949043	0.0003166631498987583
55404.796470412635	0.9994113569483415	0.00031664807247675826
55404.81690423278	0.9992728504214052	0.0003166366514479183
55404.83733825245	1.0007903293865346	0.00031675237458421885
55404.85777217213	0.9996682511128601	0.0003166625635318303
55404.87820609134	0.9992146554523146	0.00031663878378152146
55404.89864001055	1.0001484123583657	0.0003167041857065747
55404.91907392953	1.0000351233825917	0.0003166915857107602
55404.939507948046	0.9995814867423118	0.0003166617202388039
55404.95994176655	0.9998094634843322	0.0003166762478984174
55404.980375684834	0.9993076591530332	0.00031669353153400285
55405.00080970288	1.0006943617691668	0.0003168580900904267
55405.02124352069	1.0001760479735609	0.0003167555320765342
55405.041677438276	0.9997722067557582	0.00031678774754609367
55405.06211145563	1.0000369859982534	0.00031669627365662003
55405.08254527274	0.9998752977619529	0.0003166656865428256
55405.102979189855	0.9999257151445234	0.0003167962327702084
55405.12341310651	1.00026974683584	0.00031676731278996545
55405.14384702292	1.0001910023453462	0.0003166959036426404
55405.16428093934	0.9998233148689551	0.0003167200140604422
55405.18471485529	1.000450500923275	0.00031677332202882105
55405.20514877124	0.9999324365663974	0.000316676013055864
55405.22558278696	1.0002896923273954	0.00031677895631160524
55405.246016602214	1.0000603449569443	0.0003167929772341998
55405.26645051746	1.0004334137011253	0.0003167125044587665
55405.286884532485	1.0005999347380872	0.00031672741776753085
55405.307318447274	1.000230405960416	0.0003167658756261339
55405.32775226182	1.0004056194227429	0.0003167690840900633
55405.34818627615	0.9996079080003608	0.00031665771924092813
55405.36862019023	1.0000402136072266	0.00031674260528831845
55405.38905400409	0.9998997205582182	0.0003167404884750791
55405.409488017714	1.0001947850188344	0.0003166903114536094
55405.42992193111	0.999558328352943	0.00031677284590529893
55405.47078975742	0.9998162793768096	0.00031677984567616755
55405.491223670106	0.9994952619054921	0.0003166584027686004
55405.5116574828	1.0000023949397399	0.00031673988785084484
55405.53209149503	1.0003335343012623	0.00031671299941776434
55405.552525407256	0.9999604496004465	0.0003167996863091668
55405.57295941901	0.9998653652000222	0.0003168078281635802
55405.593393230774	1.0005263290810391	0.0003168478088868906
55405.6138271423	0.9999650985454176	0.00031687380127096946
55405.634261153595	1.0003794576060814	0.000316896668068162
55405.65469496466	1.0000091587719697	0.00031687304703980447
55405.67512887549	0.9996953986690126	0.00031672087776343506
55405.69556288608	0.9999478818704044	0.00031692434689846634
55405.71599669645	0.9997344316611738	0.0003169243727323361
55405.73643060657	1.0002942191973523	0.00031695536644282867
55405.75686461647	0.999749671431328	0.0003168627344063698
55405.77729852614	0.9993221005877201	0.00031678501991499043
55405.79773233557	1.0003742058558078	0.0003169675841088374
55405.818166345	1.000304414667192	0.0003169447503774739
55405.83860025397	1.000040848772623	0.0003169249825526095
55405.879468071435	0.9995039355270758	0.00031689179609165194
55405.89990187994	0.9996562362474595	0.0003168486086377564
55405.92033588797	0.9998959202216454	0.0003169109510128532
55405.96120360381	1.0004288198569051	0.00031694718060760573
55405.98163761114	1.0003026612111137	0.00031688658378272247
55406.00207151848	0.9999014076007767	0.00031680199244122855
55406.022505325585	0.9998557065501905	0.00031691933555669694
55406.04293933245	0.9996878864473991	0.0003169002582283044
55406.06337323909	1.0002991971840605	0.00031694026396531823
55406.0838070455	1.0008304507772234	0.0003169884641294222
55406.10424105167	1.000165141444253	0.00031694125904581816
55406.12467495761	1.0002010353249768	0.0003169400975008927
55406.16554276902	1.0002366951629609	0.00031693201364112205
55406.185976674264	0.9997688287081635	0.0003169030859583317
55406.22684448428	0.9998993765271019	0.00031691673945838394
55406.24727838882	1.000771933434775	0.00031697691298325774
55406.26771239337	1.0009094396660199	0.00031699037085569957
55406.28814629744	1.0002490243456645	0.00031693971259682505
55406.30858010152	1.0000101296922248	0.0003169220286790857
55406.329014105366	1.0000413303239948	0.00031691859758258424
55406.34944800897	1.0001930461025683	0.000316932902334858
55406.36988181212	1.000013955375905	0.00031691618749146743
55406.39031581527	1.0000015007927876	0.0003169158580520141
55406.410749718176	0.9993724380863231	0.00031688274538942693
55406.43118352086	1.0004696360535463	0.0003169540020301202
55406.4516175233	1.000009580883656	0.0003169173758475471
55406.47205142552	1.0001663011597164	0.0003169388799248042
55406.4924852275	0.999775706282346	0.0003169011754061049
55406.53335303076	0.9999349688361864	0.00031691238712895116
55406.55378693228	0.9996029226514658	0.00031689164247876553
55406.574220933326	1.0003535801208914	0.00031694171292278965
55406.594654834145	0.9997776675787807	0.0003169101564918959
55406.615088734965	0.999783255089818	0.0003168978337022139
55406.63552263532	0.9996806717998383	0.00031689242845392624
55406.655956535666	0.9992473580274323	0.00031686751544169917
55406.676390435554	0.9994542825074854	0.0003168816937048474
55406.696824335435	0.9999773456470956	0.0003169237687889414
55406.71725823509	1.0000908672405835	0.00031692400631981403
55406.73769213428	0.999948484610019	0.00031690911937316395
55406.75812603347	0.9997231685454324	0.00031689796203789516
55406.77855993242	1.0004248481038824	0.0003169438348770203
55406.798993931145	1.0001244301355114	0.00031693443251238485
55406.81942772963	1.0003937761473978	0.000316945754200723
55406.83986162765	0.9996641987170892	0.0003168969377864155
55406.86029562568	1.0000176874255693	0.00031692194667445596
55406.880729423705	0.999606766531073	0.00031689908182148973
55406.90116332126	1.000588102144775	0.0003169643063082633
55406.921597318586	0.999802185741263	0.00031690878676989296
55406.94203111567	0.9994323959302573	0.0003168712534949859
55406.962465112534	1.0005352213437695	0.0003169608162336078
55406.98289900916	1.000201756053867	0.0003169320406497392
55407.00333280579	1.0001100446952127	0.0003169223802855706
55407.02376680195	1.0007156085324764	0.00031697360908319297
55407.04420069811	1.0002583471388173	0.0003169316112481336
55407.0646344938	1.0001325711292184	0.00031692248351322005
55407.0850684895	0.9998786266566944	0.00031690485037881013
55407.10550238473	1.0001785039914737	0.00031692131224531176
55407.125936279954	1.0002348012105668	0.00031692943840204733
55407.14637017472	1.0002452084412754	0.0003169346304500924
55407.166804069486	1.0004849714905377	0.0003169466658773761
55407.18723796401	1.0001072482571594	0.00031692387408180475
55407.20767185831	1.0004426638959416	0.00031693665303481495
55407.22810575215	0.9995736486080636	0.000316893204954991
55407.268973539576	1.0000134057180767	0.0003169207691085922
55407.289407432945	0.9998824144642624	0.0003169066986795687
55407.309841326074	1.0001624552684099	0.00031693503206898496
55407.33027521898	1.0001232788767074	0.000316925704551803
55407.35070911165	1.0001746542092762	0.00031692298415085063
55407.37114310431	0.9995673677115419	0.00031688899324880734
55407.391576896516	1.0003516652895512	0.0003169420873391583
55407.41201078849	0.9996283942160337	0.0003168857205644346
55407.43244478022	1.0001980465387927	0.00031693217863648095
55407.47331246323	1.0001586176991333	0.00031693289178322736
55407.49374645427	0.9998006517846757	0.0003168912939705297
55407.51418024531	0.9997360183815115	0.0003168909781488334
55407.53461413588	0.9998736577165491	0.00031691176948715744
55407.55504812645	1.000496710654359	0.0003169587079796518
55407.59591580667	1.0001036927987135	0.00031692774342582806
55407.61634979654	1.000226531814611	0.0003169294031760852
55407.63678368595	0.9982916814701641	0.00031679446118551883
55407.65721757536	0.9975836353336118	0.00031673904021795333
55407.67765146453	0.9969167730432246	0.000316684108742677
55407.69808535348	0.9965168250635134	0.0003165449458473119
55407.71851924219	0.9963491827702223	0.00031664466569260514
55407.73895313066	0.9956937812048053	0.00031647561439265354
55407.75938701891	0.9958481834857592	0.00031660926136006963
55407.77982090692	0.9959575061993512	0.00031661761144733
55407.800254794696	0.9956518286320357	0.0003165289123070727
55407.820688682245	0.9952459485229458	0.0003164486573468151
55407.84112266956	0.9949030943227221	0.0003164733447156286
55407.861556456635	0.9956133370777486	0.00031653181651554815
55407.881990343485	0.9949146709712513	0.0003164789528197157
55407.902424230335	0.9954384551389265	0.00031645290752445104
55407.92285811671	0.9947843000037774	0.00031646947217253745
55407.94329200286	0.9952455226101157	0.0003165636243145399
55407.963725889014	0.9950046922390714	0.0003164844774570583
55407.98415977469	0.9951348966225693	0.00031655358158916237
55408.004593760146	0.9948630135464211	0.00031642069618783783
55408.04546143058	0.9945224919440836	0.0003165123008290622
55408.065895415566	0.9953837847220318	0.0003165753258618835
55408.08632920032	0.9950110546105766	0.0003165452270789024
55408.1067630846	0.9959893220546563	0.0003166223581277148
55408.12719706889	0.9956542393662026	0.00031659852855375666
55408.147630852945	0.9956470966155051	0.0003165957761769269
55408.16806473676	0.9954779122380665	0.0003165305974881078
55408.18849872012	0.995951466381423	0.00031661696835859983
55408.20893260348	0.9966504630504006	0.000316660977059575
55408.22936638659	0.9974423710689625	0.0003167211557324448
55408.249800369485	0.9982063921723429	0.00031677851756773827
55408.27023425214	0.9998501001481652	0.0003169048773994108
55408.29066803456	1.0000125042716126	0.0003169167501882459
55408.311102016756	1.0003855923083704	0.0003169445641299046
55408.33153589872	1.0001691580595942	0.0003169360003077834
55408.35196988044	0.999242476460554	0.00031687041152469797
55408.37240366193	0.9998640424199544	0.00031690997165877784
55408.41327152445	1.001008311024488	0.00031698988723486213
55408.45413918581	1.0000670027496665	0.0003169231253181032
55408.474573166364	1.0001101383598952	0.00031692303864611977
55408.49500694646	1.0004511807735972	0.0003169452170376269
55408.51544082632	0.9997618615053091	0.0003168979730599523
55408.535874806184	1.0001348675369135	0.0003169263978947133
55408.55630858558	1.0006966411782356	0.00031696825478554796
55408.576742464975	1.0002258384555995	0.0003169301220854591
55408.59717634391	1.000038368324144	0.00031692427543596576
55408.61761022284	0.9998961384726716	0.00031692307944090946
55408.6380441013	0.9997894451291658	0.000316909303460938
55408.65847797977	0.9993130547967792	0.00031687350936110344
55408.678911858005	0.9998525759871678	0.00031690967233687225
55408.699345836	0.9998245614831269	0.00031691589919876094
55408.71977971354	0.9997219474420276	0.0003168962263734383
55408.74021349107	1.0003208880154362	0.00031694065908319024
55408.76064746837	1.0000196334872826	0.00031692233986930216
55408.78108134544	1.0000384977768602	0.0003169248392258135
55408.80151512228	0.9998314865412844	0.0003168988043799133
55408.82194909888	0.9996156986619694	0.0003168977057339718
55408.84238297502	1.0001886896887462	0.00031693217687910595
55408.862816751156	1.0000384396453659	0.0003169223294189593
55408.88325072729	0.9993675098532617	0.0003168673072901592
55408.90368460296	1.0004229014597172	0.00031696253685534946
55408.9241183784	0.9995532555231278	0.0003168903902396774
55408.944552353605	0.9999868755120825	0.0003169257838721428
55408.96498622858	1.0005711861482907	0.00031695931199086263
55408.98542000332	1.0002024615480827	0.0003169492002048473
55409.005853977826	1.0004233495690662	0.0003169490740426169
55409.026287852335	1.0003070803793261	0.00031694106813191406
55409.04672172638	0.9995917608802638	0.0003168970376589941
55409.087589473995	0.9995837224562023	0.0003168955698358971
55409.108023447334	1.0002806735107561	0.00031693732817637105
55409.12845732045	1.0002170397980823	0.0003169391065407679
55409.14889109356	1.0001575425186653	0.00031692787639307535
55409.16932506621	0.9998922389902967	0.00031691830786003886
55409.189758938846	1.0000819503937264	0.0003169375200663367
55409.21019271103	1.0003185248045054	0.0003169492434735957
55409.2306266832	1.0001487954765016	0.0003169442021975122
55409.25106055492	0.9999950092344247	0.00031692801189710343
55409.27149432663	1.0000305074720865	0.0003169246481180266
55409.29192829812	0.9999207833655772	0.0003169229089738851
55409.31236206936	0.9997577099115104	0.0003169108103394091
55409.33279594014	0.999938076309357	0.0003169250055724875
55409.35322991092	0.9996475679169943	0.00031689961892967324
55409.37366368147	1.0008144918549204	0.000316986178687969
55409.39409755179	0.9997366833211994	0.0003169140827135859
55409.414531521645	1.0010148227585107	0.00031700922697805206
55409.43496529149	1.0000303694777597	0.0003169259090320957
55409.45539926111	0.9999364647921246	0.0003169229685053159
55409.496266899645	0.9999962440913577	0.0003169284179334705
55409.51670086857	1.000015549128799	0.0003169272958095732
55409.53713473726	1.0000418677652831	0.0003169268535843652
55409.557568605705	1.0004834294689646	0.00031695808480809923
55409.57800247393	0.9989674550066389	0.0003168599704945388
55409.59843634191	0.999793564607536	0.00031691001379219346
55409.61887020967	1.0008226123398625	0.00031698998166886035
55409.63930407743	1.0002201448390498	0.00031695246995110186
55409.65973794472	1.0001768934300532	0.0003169572285267717
55409.68017181177	0.9992067868760485	0.000316883847090094
55409.7006057786	1.0001219091444726	0.00031694557673437413
55409.72103954542	1.000337684641633	0.00031695479514412127
55409.74147341178	0.9997062280008753	0.00031689882432560975
55409.761907377906	0.9997258628792762	0.000316919305468123
55409.78234114403	1.000161554406293	0.0003169642651301794
55409.80277510969	1.0004365980079775	0.00031695876487211535
55409.82320897512	1.000002329858959	0.00031693162880450787
55409.84364274054	1.0003181133633545	0.0003169593598760244
55409.864076705504	0.9996468208198641	0.000316912190062243
55409.88451057047	0.9999150485649676	0.0003169367126151795
55409.904944334965	1.0000510385889643	0.0003169387654107928
55409.92537829946	1.0000775563699258	0.0003169423317414207
55409.94581216349	0.9996627827847809	0.00031691832901301054
55409.966246027514	1.0004475482141646	0.00031696987825878276
55409.98667989108	1.0004295745926617	0.00031696417809116094
55410.027547617974	0.9996148003601718	0.00031690999339057535
55410.04798148084	0.9997932014794811	0.00031692308344424917
55410.08884910634	1.0003828343330972	0.000316965972770913
55410.10928306874	1.0003079031169324	0.00031696251989894096
55410.12971693068	0.9998927036407769	0.0003169374456159065
55410.15015079261	1.0001660899128284	0.00031695909911779694
55410.17058465431	1.0002852460201992	0.00031696788332304587
55410.19101851578	0.999815295238931	0.00031693058287887184
55410.211452477015	1.00004669782684	0.00031695290232051015
55410.23188623802	1.000443773355675	0.00031697184989163145
55410.25232009879	1.0003908458160677	0.0003169742678320195
55410.272754059326	1.000039933319337	0.0003169569386148613
55410.29318781963	0.9999289316891705	0.00031694339562077277
55410.31362167971	0.9997423647955038	0.00031691784657367016
55410.33405563954	0.999171840159112	0.0003168955450178181
55410.35448939915	1.000544949236992	0.0003169841663442053
55410.374923258525	1.0000001084542136	0.00031693616270749405
55410.39535721766	1.0003008951873282	0.00031696827226850146
55410.41579097657	0.9999606188269821	0.00031694527156172613
55410.43622483525	0.9996277969095335	0.0003169230461458334
55410.456658793686	1.0005363719941542	0.00031699801046028946
55410.47709255213	0.9995608632668582	0.00031691514774759354
55410.49752651011	0.999503230235776	0.00031691452370791293
55410.51796036785	1.0000198060068075	0.0003169452929553787
55410.53839422536	1.0002976531392485	0.0003169625284391973
55410.579261939914	0.9993960240116323	0.00031691036388895505
55410.59969579673	0.9998064869598341	0.00031693903900001564
55410.62012965331	0.9996946949656412	0.0003169305949719098
55410.640563509885	0.9999143235371881	0.0003169428880883346
55410.660997366	1.0001567566192704	0.0003169655130836523
55410.68143122212	1.0009997467513203	0.0003170183950143778
55410.70186507776	0.9994630229735678	0.0003169253300027928
55410.72229883341	0.9998137928739663	0.0003169447606871436
55410.742732788596	0.9999785968350051	0.00031695299678836914
55410.763166643774	1.0002192649788817	0.0003169650337542045
55410.78360039849	1.0001896171571862	0.0003169582528996754
55410.80403435321	1.0001570184291737	0.0003169684087038405
55410.82446820746	1.000083758605729	0.00031695096483242547
55410.84490216171	0.9997005529882754	0.000316936738783833
55410.8653359155	1.0003136055570752	0.0003169736763804874
55410.88576976928	1.0000757813734529	0.0003169681515682725
55410.9062037226	1.000169158548823	0.00031697142363110696
55410.92663747592	0.9991184617421044	0.0003168927960575587
55410.94707132901	0.9994504998337482	0.00031691921876109445
55410.96750528163	0.9997046094444755	0.00031695294029727224
55411.00837288664	1.0006043999271348	0.00031701262080558726
55411.028806838796	1.0000626099892576	0.00031697158663304004
55411.04924069048	1.0002824818651943	0.00031698672714315743
55411.06967444217	0.9996807691602334	0.00031694061613323795
55411.0901083941	0.9994276014404881	0.00031692051887780676
55411.11054224532	0.999582829037071	0.00031693621357573146
55411.13097599608	1.000008820432683	0.0003169730588731951
55411.15140994684	1.0005272075535185	0.0003170187896628375
55411.17184379736	0.9994989468713731	0.00031693808337931745
55411.19227774766	0.9997834711049314	0.00031696200007079597
55411.21271149772	1.0000348612176324	0.00031696908376031114
55411.2740130465	1.000159763672987	0.0003169964687278682
55411.29444689563	0.9996621830509478	0.00031694965872235104
55411.314880844526	0.9990178922492584	0.00031691301082493746
55411.33531459319	1.0003788384580103	0.0003170078709769383
55411.355748441616	0.9996462861462309	0.00031695715756467445
55411.376182289816	1.0006103868417897	0.0003170355465319263
55411.39661613778	0.9996513117928145	0.0003169488642768109
55411.45791768028	1.0004219650377535	0.00031700618714909846
55411.47835152731	1.0001135320585322	0.00031699111921881595
55411.49878537411	1.0000296674821667	0.00031697690013145934
55411.51921922068	0.999860197289003	0.0003169699134444596
55411.53965316701	0.9998559620500359	0.00031696630689568667
55411.56008701335	1.0000036783530284	0.0003169881314624587
55411.58052075922	0.9997559093192182	0.00031696150752874564
55411.60095470485	1.0002057580688903	0.0003169997157524495
55411.62138855026	0.9998340083615751	0.00031697080439366607
55411.64182229543	0.9998158279605581	0.0003169773165161137
55411.6622562406	1.0002540929046202	0.0003169977767766333
55411.682690085305	1.0002789385329771	0.0003170131082299142
55411.70312382978	1.0001205424133097	0.00031700249223405884
55411.72355777425	0.999307255973135	0.00031693632065799216
55411.743991618256	1.0000256644619565	0.0003169864857047518
55411.76442536203	0.999817529121533	0.0003169736783863726
55411.7848593058	0.999595077099612	0.0003169550853982685
55411.80529314911	1.0005602727633935	0.00031702564176812814
55411.82572689219	1.0001962017126453	0.0003170032411267446
55411.84616083526	0.9998840853581611	0.00031698923898379163
55411.86659467787	0.999448060426613	0.0003169416952985547
55411.887028620244	0.9998210223217122	0.00031697891012063986
55411.90746236262	0.9996456569258221	0.00031696941026154545
55411.927896204536	0.9996637936658467	0.0003169616079709781
55411.94833014645	1.000063621238927	0.0003169881889818837
55411.96876388789	1.0001572563039758	0.00031699677793612855
55411.989197729104	1.0000852124077615	0.00031698731576510034
55412.00963167031	1.0000571535666276	0.0003169934476206823
55412.03006551106	1.0005900455792733	0.00031702881168762305
55412.05049925181	0.9996814117946569	0.00031696505579985193
55412.070933192095	1.0000954144218133	0.0003170017413398556
55412.09136693237	0.9999098697245721	0.00031698660501533336
55412.11180077219	1.0000992280885568	0.0003170028928188485