55162.982937988316	0.9997093434502177	0.00031580170192343235
55163.00337091974	1.0003510782727472	0.00031585169419815623
55163.04423648271	0.9999911034846867	0.0003158181860871462
55163.06466941422	1.0005574733105298	0.0003158608615208252
55163.085102245794	0.9996931095882131	0.0003157935357140044
55163.1464007408	1.0000811821593356	0.00031587367463931895
55163.16683347255	1.0000485001106818	0.0003158487296758657
55163.18726630435	1.0001562398519732	0.00031582673306522843
55163.20769923618	0.9997060720399276	0.00031579733418956967
55163.22813196805	0.9997596459632232	0.0003158038154269229
55163.248564799964	1.0003004113022116	0.0003158403949172242
55163.268997731946	1.0004787471653602	0.00031585293777924655
55163.30986329599	0.999732996343806	0.00031580213847261246
55163.350729060214	1.0001632353840901	0.00031582805277391576
55163.37116179239	0.9995187549862637	0.0003157887020760079
55163.391594624605	1.0001457863068277	0.00031583473096288443
55163.41202745688	1.000228872976454	0.000315843211619978
55163.45289312153	0.9999753747662683	0.00031582885082961183
55163.47332595392	1.0003909047952988	0.00031585175640049196
55163.49375878636	0.9997158508721231	0.00031581061491416215
55163.51419161884	1.0001731576350361	0.00031584987285039
55163.53462445137	1.0002093098422762	0.0003158418456229097
55163.55505728393	1.0000227091922989	0.000315830160772373
55163.57549011655	1.000160405602329	0.000315835445026465
55163.6163557819	0.9997318122039334	0.0003158143240146776
55163.63678861467	1.0001109536655628	0.0003158409911318765
55163.657221347436	1.0004692659386607	0.00031587658346280724
55163.67765428028	0.9996891993525847	0.0003158151057110251
55163.69808711317	1.0000045786777605	0.00031583400555045997
55163.71851984611	1.000159369071644	0.0003158459147942215
55163.73895277907	1.0004151138264432	0.00031587010467325834
55163.75938561207	0.9997261614957147	0.00031582355072324133
55163.77981834516	0.9998026582363049	0.00031583024658298154
55163.820684111415	1.0002939422164971	0.0003158595611904627
55163.84111694462	0.9995894494641763	0.0003158150560786237
55163.86154967788	0.9996526554823874	0.00031581985381825883
55163.881982611136	1.000156555659392	0.00031585400908315915
55163.902415444485	0.999751704435345	0.0003158362870052884
55163.922848177855	1.0004430597338354	0.00031587296105336344
55163.94328111129	1.000516643631839	0.0003158856199705189
55163.96371394479	1.0004375755453006	0.00031587170215264745
55163.984146678304	0.9999051364857856	0.0003158481496344336
55164.00457961186	1.0002684781534283	0.00031587080697025017
55164.02501244547	0.9999466367208993	0.00031583893524548894
55164.04544517916	0.9997716630872295	0.0003158434991163479
55164.06587801286	0.9997750901091654	0.0003158404205975506
55164.086310946615	0.9999920458849374	0.0003158520570461714
55164.12717651427	1.000229921598475	0.000315873254677174
55164.14760944814	1.000090931313023	0.00031586721434270467
55164.168042282094	0.9997365967245051	0.0003158356306298328
55164.18847501608	1.000058594379062	0.00031586084036106725
55164.20890795013	0.9999711836960206	0.00031587025114180754
55164.2293407842	0.9995372044179186	0.00031583212053202066
55164.249773518335	0.9995559836625787	0.00031583649265279573
55164.27020635253	1.0002579884733749	0.0003158825137443837
55164.290639286744	0.9997807282762339	0.000315862163627535
55164.311072021024	0.9993779091553334	0.000315830133918224
55164.33150485536	1.0003201681035003	0.000315897036547989
55164.351937789725	0.9996797121098742	0.0003158527627990593
55164.392803358634	0.9996229359300992	0.0003158503868623946
55164.41323629314	1.0000303029268143	0.00031587976152504694
55164.43366902771	1.0001836011322849	0.0003158936966438031
55164.45410186231	0.9999294347612477	0.0003158657899258529
55164.474534696994	0.9997991443215097	0.00031587231206047325
55164.49496753171	0.999802616878429	0.0003158718807861023
55164.55626603612	1.0002756427140995	0.0003159015196769829
55164.57669887104	1.0003475405589115	0.0003159048826452463
55164.59713160602	1.0001678396906986	0.0003158954949031732
55164.61756454102	0.999739311006832	0.0003158702181072474
55164.637997376085	1.0000328886768963	0.00031588772175697184
55164.65843021117	0.9994926659334324	0.00031585864214730817
55164.67886304633	0.9992888124960431	0.00031584597804630517
55164.69929588154	0.9999928203455637	0.000315883974029275
55164.7197287168	0.9997867031586553	0.0003158848691276839
55164.7401614521	1.000216708658668	0.0003159015731094893
55164.76059438746	0.9999785920418631	0.0003158913626488602
55164.78102722287	1.0002756325741682	0.0003159182928138192
55164.80145995834	1.0001148715527777	0.00031589482713332976
55164.821892893844	0.9999290102854644	0.0003158846012658712
55164.8423257294	1.0002359880866387	0.00031590397357806113
55164.86275846502	1.0001289058237326	0.0003159030751113136
55164.883191400695	0.9997996590759171	0.00031587323231794883
55164.903624236395	1.00035857922277	0.00031591078276215395
55164.92405697216	0.9994199213754711	0.0003158593932090817
55164.94448980795	0.9997409397643788	0.0003158740637095675
55165.005788315735	1.0002545407617325	0.0003159092738557395
55165.02622125173	0.9999259097280363	0.0003158872999191726
55165.04665408781	0.9997983799424387	0.0003158819140049033
55165.067086823925	0.9998377218204513	0.0003158888317904658
55165.08751976012	0.999925067330007	0.00031589444374461993
55165.10795259632	1.0003406970511564	0.00031593029079059014
55165.12838533264	1.0002715578967514	0.0003159130527767349
55165.14881816895	0.9995316693937789	0.00031585280387920407
55165.169251105326	0.999987422454729	0.000315901668681934
55165.18968384176	0.9998223104177235	0.00031589588295745326
55165.21011667825	1.000067874634927	0.0003159113517280971
55165.2305496148	0.9998178084028947	0.00031589323969532926
55165.250982351405	0.9997348391993057	0.00031589394787973795
55165.271415188035	1.000239688736797	0.0003159265840644721
55165.29184812473	0.9995085063817822	0.0003158827883056172
55165.31228096149	1.0007744146696684	0.0003159713110460096
55165.3327136983	1.0000098102769428	0.0003159128970330716
55165.35314663516	0.9999002866209064	0.000315903286374611
55165.37357937206	0.9996913607409346	0.0003158884301438302
55165.39401220904	0.999914159779946	0.0003159200853463186
55165.41444504606	1.000625834032082	0.00031595352827400413
55165.43487788313	1.0001166043699998	0.0003159162017264429
55165.45531072027	1.0005138265362172	0.0003159519318052492
55165.47574355745	1.0004443664136038	0.0003159555791025185
55165.49617639467	0.9994879878064846	0.0003158678139807069
55165.51660923194	1.000076486196267	0.00031590897471849927
55165.53704206931	0.9997331250332706	0.00031588622694169637
55165.5574749067	1.0001536040511587	0.0003159159529288804
55165.577907744155	0.9999275987636052	0.00031589784430246327
55165.59834058166	1.000233613117468	0.00031591065275438313
55165.63920625682	0.999684529795058	0.0003158871270528558
55165.659639094505	0.999498978962273	0.00031586613278970576
55165.68007183222	1.0002460606255217	0.0003159146226067907
55165.700504770015	1.000280669054673	0.00031592335223763784
55165.720937607846	1.0000372345881612	0.00031590625341393943
55165.741370345735	0.9994741117149425	0.0003158572965361231
55165.761803283676	1.0004709623877108	0.0003159377677659768
55165.78223612168	0.9993995409443385	0.00031586295768749184
55165.82310169784	0.9998637856143339	0.0003158989824978847
55165.843534635984	1.0002069394079176	0.0003159065502152388
55165.86396747422	0.9999394110411485	0.00031591237797658347
55165.88440021251	1.0000564968579677	0.0003159134547353576
55165.90483315081	0.9997721014618418	0.0003158955790993835
55165.92526598922	1.0001564233441393	0.00031590873312208674
55165.945698727664	1.0003495137449416	0.0003159293302065759
55165.98656450475	1.000343637253018	0.00031592739681422034
55166.00699724333	0.999895995970879	0.00031589837235669507
55166.027430182	0.9993119888826983	0.0003158593613221446
55166.06829575953	0.9998408203395254	0.0003158997303459527
55166.08872859837	1.000162769456937	0.0003159144176272709
55166.10916153725	1.000001894015268	0.0003159104222633725
55166.15002711523	1.000158896531597	0.0003159162446857733
55166.170460054316	1.00005215545496	0.00031591881198744077
55166.19089289342	0.9999201659216106	0.0003159025319058947
55166.21132563262	0.9998904859760165	0.0003158933355055688
55166.23175857185	1.0002496155626015	0.00031592650910098653
55166.25219141116	0.9999375424930455	0.0003158965907753256
55166.27262415053	0.9996522779852159	0.0003158838080072718
55166.29305698993	0.9997195705700946	0.0003158922204917383
55166.31348992939	1.0007397591711493	0.00031596590802112446
55166.333922668935	0.9996832856558748	0.0003158820748319691
55166.35435550854	1.0004434771554096	0.00031594759411682905
55166.37478834817	0.9995769052325747	0.00031588420525814896
55166.4769525473	1.000515775806845	0.00031595040793081365
55166.497385287315	0.9998318164380321	0.000315896797373792
55166.53825106722	0.9999038312591604	0.0003159042604583951
55166.55868380738	0.9997516952410609	0.0003158998024765848
55166.57911674762	1.0004381170024168	0.00031593916025209187
55166.599549587925	0.9998876041370736	0.00031590256576324177
55166.61998232829	0.9999866342903568	0.00031591225881551265
55166.640415268674	1.0004519286074811	0.00031594442062847207
55166.66084810915	1.000151121671819	0.0003159295048918139
55166.68128084972	1.0003788911523144	0.0003159360093187468
55166.70171369028	1.00003927416494	0.00031592202637276205
55166.722146630964	1.0000525889062999	0.0003159295609821656
55166.74257947164	1.0004172997577245	0.00031594731047715263
55166.76301221244	1.0004713876390838	0.00031595238489731084
55166.78344515327	1.0002130176644015	0.0003159395711027985
55166.803877994156	0.9999467778252228	0.00031591144573680455
55166.82431073512	0.9998249433035328	0.0003158984863186979
55166.844743676156	0.9985410790951222	0.0003158093427736262
55166.86517651721	0.9969689137869672	0.00031569285104351416
55166.88560925836	0.9958008383934748	0.0003156170143607505
55166.90604219957	0.9959459337407343	0.00031561946329028466
55166.926475040804	0.9961560386252287	0.00031564129517181095
55166.94690778215	0.9962500409969975	0.0003156408272706116
55166.96734062353	0.9954855914713934	0.0003155800695366285
55166.987773564964	0.9960415769841634	0.0003156304417294284
55167.00820640649	0.9953913430332977	0.00031557713366159746
55167.02863914805	0.9952272154963782	0.0003155658738211694
55167.04907208966	0.9951856221706314	0.0003155695403568068
55167.06950493136	0.9950081528976952	0.0003155552290513265
55167.08993767312	0.9954537843600233	0.0003155795354789493
55167.13080345681	0.995539992350846	0.0003155981234535182
55167.15123619874	0.9956191920195558	0.00031559931095574104
55167.171669040734	0.9949333444660268	0.000315563495762227
55167.19210198281	0.9956248540319682	0.0003156057264104572
55167.212534724946	0.9954019632839876	0.00031558258176333164
55167.23296756714	0.9952676017078173	0.0003155786554398487
55167.25340050936	0.9961945124156404	0.0003156552616395596
55167.273833251704	0.9949745231240685	0.00031556745815891044
55167.294266094075	0.9954846744060938	0.00031559842432207736
55167.3146989365	0.9951671626705885	0.00031558074829960916
55167.33513187899	0.9960757048835348	0.00031564958937624696
55167.35556462159	0.9964443547744101	0.0003156748141731825
55167.37599746419	0.9958873719260095	0.00031562685176744147
55167.39643030691	0.9967271418392155	0.00031569217610814316
55167.41686314966	0.9973218308782371	0.00031573279678568235
55167.43729599246	0.99829206971214	0.00031581203521582657
55167.457728835354	0.9991869536249778	0.0003158883063059708
55167.4781616783	1.000012849317451	0.0003159390798420461
55167.49859452131	1.0000268886915071	0.000315947960033502
55167.51902736438	0.9999517173109082	0.00031595012792994773
55167.53946020751	0.9997910054634535	0.00031593430346926835
55167.55989295075	1.0001581919106592	0.00031594650581779656
55167.58032579399	1.000114767809741	0.0003159663694040266
55167.60075873732	0.9998654377440849	0.00031593474501218007
55167.641624324184	0.9996566340871955	0.00031592587854541014
55167.70292285496	0.999604433336697	0.0003159218025110334
55167.72335579866	0.9999086752752242	0.0003159413066365362
55167.74378864246	0.9999038736258207	0.0003159420845832189
55167.764221386315	0.9997949569767174	0.00031593512431352745
55167.78465433023	0.9992058494617436	0.00031589742386846516
55167.805087174194	0.9998051122342141	0.000315943311568045
55167.82551991825	0.9996655524157508	0.00031593177952614457
55167.84595276237	1.0004538576256214	0.00031599198630697506
55167.86638570654	1.0000252508452971	0.0003159599671447663
55167.88681855079	1.0005876123307575	0.0003159954399389886
55167.907251295095	0.999989538019854	0.000315951794493634
55167.92768423947	0.99998838032545	0.0003159640464042148
55167.948117083906	1.0001399418503332	0.00031598187005211153
55167.96854982843	1.0007979019139688	0.00031601110018298544
55167.98898277299	1.0001108738022808	0.00031596847759950825
55168.009415617635	1.0001309773769205	0.0003159691915636202
55168.02984836235	1.0000302643501913	0.0003159611788670876
55168.05028120713	1.0001023438048848	0.00031596420570454423
55168.07071415196	1.000373805137784	0.0003159874398608979
55168.09114689688	0.9997799423471575	0.00031595120253529395
55168.13201268688	1.000044749093272	0.00031596206717001085
55168.15244543199	1.0003069882628637	0.000315983822908903
55168.172878277175	0.999826141853439	0.00031594807719976186
55168.2137440677	1.0000183529653428	0.00031596023219553765
55168.2341768131	0.9996871512750573	0.0003159346260647133
55168.25460965854	1.0007660134365406	0.00031602226799012375
55168.27504260406	0.9998079708940516	0.00031594366149672535
55168.29547534964	0.999661092549716	0.00031594131001107977
55168.31590819528	1.0003478472917755	0.0003159970202824957
55168.336341140996	0.9999988857211681	0.00031596777114743975
55168.356773886786	1.0001536234550932	0.0003159730502781861
55168.37720673265	0.9997864583096462	0.0003159495524175211
55168.39763957857	0.9999962814374477	0.00031598354705103646
55168.418072424545	0.9998723500743764	0.0003159530900314073
55168.43850527061	1.0003346938764046	0.0003159875255693672
55168.45893801674	0.9992636171346942	0.0003159135285231778
55168.4998038092	0.9995412402017086	0.00031593435675372327
55168.520236555545	0.9998196246700866	0.0003159499607533841
55168.54066950193	0.999985583570976	0.0003159676390478519
55168.5611023484	1.0003108520786563	0.00031599205788273736
55168.58153509496	1.0005171040364162	0.00031601040947471507
55168.60196804156	0.9999369867723221	0.0003159664744205187
55168.62240088824	0.9992541820597436	0.00031591528881447
55168.64283363499	0.9997254993766109	0.0003159465744839142
55168.66326658181	0.9998107847357242	0.00031596220587348117
55168.68369942869	1.0004251568112792	0.000315999902244771
55168.70413217566	1.0005447811622994	0.0003160107993848954
55168.72456502268	0.9996974571629684	0.00031595398745697096
55168.744997969785	0.9998872230472376	0.00031596524359551423
55168.76543081696	1.0003952339571158	0.00031600169551524544
55168.7858635642	0.999626815039416	0.00031594836575157576
55168.80629651152	0.9998167283243697	0.0003159694853870423
55168.826729358894	1.0003802366144376	0.0003159998173715272
55168.847162106336	0.9997731491217232	0.0003159515277846247
55168.86759505386	0.9992849261427442	0.0003159266364728373
55168.888027901456	1.0004683697266648	0.00031601189871265615
55168.908460649116	1.000201322031566	0.0003159952384752738
55168.92889349684	1.000084221465017	0.0003159846299438829
55168.96975919252	1.0005205125069703	0.00031601353477366315
55168.99019204048	0.9993468909251998	0.0003159326111159447
55169.0106249885	0.9995512545944284	0.00031594107144713773
55169.03105773658	0.9998950790037381	0.0003159627887588589
55169.051490584745	0.9999121206875358	0.0003159654817804303
55169.07192353298	0.9995843296294248	0.0003159443795197409
55169.09235638128	1.0002022066617458	0.0003159911652184877
55169.11278912968	0.999706118991557	0.000315952139758149
55169.1332219781	1.000267971406401	0.000316000445853172
55169.15365492664	0.9998814605649514	0.0003159721309228501
55169.17408767524	1.000330890195918	0.0003160086480315604
55169.194520523895	1.0001676517205476	0.00031598463237546645
55169.214953472634	0.9999856890480942	0.00031598485387443134
55169.23538622144	0.9997022397489448	0.00031597718867280107
55169.25581907033	0.9996879749946435	0.00031596489486293463
55169.27625201927	1.0007932128262322	0.0003160395953385242
55169.296684768306	1.000675364209947	0.0003160339751527998
55169.317117617415	1.0002584482026318	0.0003160021857235411
55169.337550466575	0.9996317437134361	0.00031595895954177327
55169.357983315844	1.0000053028258864	0.00031599041433252905
55169.46014746316	0.9998129630026451	0.0003159857241393686
55169.48058041287	1.0001502742509893	0.0003159999011185625
55169.501013262634	1.0003183919889769	0.000316020699289004
55169.54187896237	0.9999944815266558	0.0003159940346309392
55169.562311812355	0.9994545195538428	0.000315963626079937
55169.5827445624	0.9994634834251704	0.00031597047191108004
55169.603177412544	1.0000399469866756	0.0003160002516705406
55169.623610362745	0.999464337442135	0.000315968795511254
55169.644043213026	1.0000410272005233	0.0003160029499036421
55169.664475963385	1.0000205601793528	0.000315998127976291
55169.70534176432	1.000529825685665	0.00031604554202345454
55169.72577451491	0.9999239643269202	0.0003160093991101017
55169.74620746556	0.9999926298758004	0.00031600982148061375
55169.78707306709	1.0002554923798985	0.0003160251001284696
55169.80750591799	0.9997335971541353	0.00031599855324120627
55169.82793886894	0.9998019683399939	0.0003159987825471822
55169.84837161997	0.9998556610337115	0.00031600420266930483
55169.86880447109	0.9998496621279718	0.00031602077541821767
55169.88923742224	0.9999387839687337	0.00031601469974487694
55169.90967027352	0.9996632336017234	0.0003159979517273255
55169.93010302485	0.999971582003665	0.00031602540092956244
55169.97096882775	0.9998978828393713	0.0003160350779954405
55169.99140157932	0.9998758653387949	0.0003160275967560507
55170.01183443095	1.0006620615581405	0.00031607898498421156
55170.03226738267	0.9996850376565418	0.00031601211161339334
55170.05270013447	1.0007072365078706	0.0003160839252471876
55170.073132986334	0.9999687631450238	0.00031603067676280413
55170.09356593828	1.0001777358517074	0.0003160407166293846
55170.1139986903	0.9999522344750807	0.0003160295762813668
55170.1344315424	0.9999583156386298	0.0003160288321875644
55170.175297246846	0.9992436121606691	0.0003159985630418697
55170.19573009916	1.0001074148699238	0.00031603792789584433
55170.216162951576	0.9997896510850097	0.00031601022349508445
55170.23659580405	0.9992653250248106	0.00031597840793508097
55170.257028656626	0.9997895520467373	0.0003160328513124103
55170.297894461975	1.0000935406916778	0.00031603475786766514
55170.31832721477	1.0001224083527689	0.0003160420933184257
55170.33876006765	0.9999083518393612	0.0003160176733912403
55170.3591929206	1.0000554477130152	0.0003160383342645995
55170.37962577363	0.9996155460390822	0.00031600375231802675
55170.40005862674	0.999514777193405	0.00031600232018670214
55170.42049147993	1.0003401773875953	0.00031605286674891487
55170.44092433319	1.0000163720043074	0.00031602266840540346
55170.461357186534	1.0000710195032456	0.00031604525763149967
55170.481789939964	1.000128889827167	0.00031603588190762065
55170.50222289346	0.999523108082653	0.0003159898078441385
55170.52265574704	1.0002118329487795	0.00031604398296585786
55170.56352145443	1.0002858729411779	0.00031603734751736105
55170.583954308255	1.0001075331523939	0.00031602908407611766
55170.62482001613	1.000517945546427	0.00031606198339084946
55170.645252870185	0.9997634392032717	0.0003160097958722279
55170.66568562433	1.0001048123860163	0.0003160409982618902
55170.70655143283	1.0004370532691131	0.00031605700744821057
55170.726984187204	1.0000061081950464	0.000316032182696046
55170.747417041646	1.0002392667832074	0.000316038994761314
55170.767849996184	1.000227668585059	0.00031604000323786204
55170.8087156055	1.0000602311561817	0.0003160275678575553
55170.82914856027	1.0002847121926592	0.0003160499241440936
55170.849581415125	0.9996804007785633	0.000315997385648039
55170.87001417006	1.000240344656167	0.0003160451332659032
55170.89044702508	1.0000672879032801	0.0003160266740329735
55170.91087998017	1.0001535224374412	0.0003160273889502413
55170.93131273535	0.9996727256964771	0.0003160042130785372
55170.9517455906	0.9998204551146109	0.0003160124193238551
55170.972178545955	0.9997763799491325	0.0003160085233476075
55170.99261130136	1.000526573888916	0.00031605960153222983
55171.01304415687	1.0007229185292095	0.0003160771873520071
55171.033477112454	1.0005759454033059	0.0003160611759915523
55171.05390986812	0.9999565352407525	0.0003160240001221709
55171.07434272386	0.9996414281888771	0.0003160070469380325
55171.094775679696	0.9997581707067892	0.0003160076501502691
55171.11520853559	0.999846905237372	0.00031601541427929945
55171.1356412916	1.0004175188857007	0.0003160519391212587
55171.15607414768	0.9998552694834695	0.0003160157865171282
55171.17650710382	1.0000133657503052	0.00031602061754454987
55171.19693986006	0.99962405580841	0.0003159976708780767
55171.21737271638	0.9998214779955142	0.00031601871860396214
55171.237805672776	0.99994685391593	0.00031603438230340717
55171.25823842927	0.9997862082249528	0.00031601129619968386
55171.278671285836	1.0004052238692882	0.0003160553170940731
55171.299104242484	1.0001773283956388	0.00031603140906576025