56366.969638236566	0.9999844916811595	0.0003099818221323754
56366.990071835986	0.999615632780854	0.0003099376490006319
56367.01050553564	0.9998903236747275	0.00030996593364222494
56367.03093923552	0.9993359366859591	0.00030991787932587816
56367.051372935755	1.0002364177310035	0.0003099909801847199
56367.07180663611	0.9998098625997751	0.0003099532003007298
56367.0922403368	0.9995364793412934	0.00030993653751471234
56367.11267403785	0.9999503252687822	0.0003099725127805603
56367.13310783902	0.999774487304177	0.00030993556896076956
56367.15354144053	0.99966668564012	0.00030993380404542847
56367.173975142396	1.0004001565727185	0.00030999522407063377
56367.19440894437	0.9997194605853341	0.00030993166771506385
56367.2148425467	0.9999460320325365	0.0003099607773564246
56367.23527624927	0.9998074103584084	0.0003099467694204691
56367.255710052064	1.0002723862520568	0.00030998276416754195
56367.2761437552	1.0002213474947028	0.00030997892111196777
56367.29657745858	0.9998319073773794	0.00030995063580627446
56367.31701116219	1.0003072214106932	0.00030998217031499734
56367.33744486615	0.9999356403466219	0.00030995635954599607
56367.35787857034	0.9998839119712932	0.00030994970496011547
56367.37831227477	1.0001120974351543	0.0003099695674257122
56367.419179784316	0.9998245666865657	0.00030994686417159606
56367.46004709514	1.0000063972878717	0.00030995933771163915
56367.48048090085	0.9998481277316446	0.00030994631919642284
56367.500914506905	0.9997698652361725	0.0003099489181750358
56367.52134831319	0.9998783745812538	0.0003099466217231119
56367.54178201971	1.0003802412695593	0.0003099792946963609
56367.562215626574	1.0005711210337231	0.0003100063111783672
56367.58264943356	0.9995746817570367	0.00030992094530544627
56367.6030831409	0.9993068810084211	0.0003099030843933675
56367.62351674859	0.9991527932428453	0.0003099055261971528
56367.6439505565	0.9996299670768664	0.00030995130356735684
56367.664384164535	0.9999191198411737	0.00030995953172818964
56367.68481797303	1.0000539943165312	0.0003099779866451503
56367.70525168165	0.9997527793220025	0.0003099560902473798
56367.725685390615	1.0005418451170918	0.0003100156460317598
56367.74611909981	0.9993549442394974	0.00030991870430006934
56367.76655280924	0.9997836535942893	0.0003099550726709209
56367.78698651902	1.0003774085502457	0.000309996166838482
56367.80742022903	0.999741342525324	0.0003099451998993333
56367.82785393928	0.9998359870804853	0.00030995318664107235
56367.848287649875	0.9998746415235206	0.0003099607900349048
56367.88915507164	0.9995886427760593	0.0003099396723519497
56367.909588883056	0.9997967055136805	0.00030994636093027267
56367.93002259458	1.000102794543501	0.00030998000844987606
56367.950456206454	1.0003082779074128	0.0003099924205992184
56367.970890018565	0.9997598841031764	0.0003099523541232193
56367.9913237309	0.9993697851035723	0.00030991054614328396
56368.01175734359	1.0006487405570932	0.0003100089372415997
56368.03219115652	1.0005602521325803	0.00031000703113203895
56368.05262486967	0.9992757865772907	0.0003099124001341059
56368.07305868318	0.999894263199848	0.0003099584245660402
56368.0934922968	1.0004390530139822	0.00030999341577099
56368.11392601077	1.0004168933739437	0.0003100023364070749
56368.13435982509	0.9994272022516862	0.0003099243463932469
56368.15479343952	0.9996065109266364	0.0003099314951218224
56368.17522715431	1.0000842175733273	0.0003099673462337462
56368.19566096933	0.9999939453850082	0.00030994248371141625
56368.21609458458	1.0002312672780596	0.0003099773089443296
56368.23652830018	0.9998651293780868	0.00030994121712267503
56368.277395732075	1.000698311400149	0.0003100144363792203
56368.29782954849	1.0003076145190086	0.00030998446113020283
56368.31826316503	0.9993487622793052	0.00030991813216780124
56368.33869688191	1.0000318253705474	0.00030995990975602855
56368.35913069914	0.999673859164728	0.0003099327543884401
56368.379564316485	0.9995435032309936	0.00030993740233740583
56368.399998034176	1.0003269678951052	0.00030999390728142566
56368.42043185211	0.9996357524480509	0.0003099285392150079
56368.44086557027	1.0001323587317315	0.0003099735087355559
56368.46129928878	1.0003261671666257	0.00031000647090608364
56368.481733007524	1.000032335715555	0.00030996041277053045
56368.5021667265	1.0003335224894068	0.0003099816664785396
56368.52260044582	0.9998505376014831	0.00030994791660261784
56368.54303416527	0.9993425139445395	0.00030991500715660714
56368.56346788506	1.0001128380538102	0.00030998057049914387
56368.5839017052	0.9999804663795818	0.0003099705893286039
56368.60433532546	1.0001448651995137	0.0003099777745657673
56368.624769046066	1.0001510325302299	0.0003099809969621524
56368.6452028669	1.000106105539126	0.00031000721781831113
56368.665636487975	1.000147520268153	0.00030999201244900324
56368.6860703094	1.0000341543135554	0.0003099825454625916
56368.70650403105	1.0000017143185778	0.0003099774982529703
56368.72693765294	1.0003841032114678	0.0003100158888938313
56368.74737147506	1.0004762356893881	0.00031002650246107094
56368.76780519752	1.000547806541489	0.00031003699131223393
56368.78823882023	1.0002831983451586	0.00031003657061141594
56368.808672643165	0.9995093312891024	0.000309965468199564
56368.82910636633	0.9998592423649986	0.00031000073947390247
56368.84954018985	1.0009944822371248	0.00031009736986649465
56368.8699738136	1.0003832548233729	0.0003100457669488764
56368.890407537576	0.9997499292210649	0.0003100012209919064
56368.91084136191	1.0000857668610204	0.0003100304676862203
56368.93127498648	1.0003173297885044	0.0003100394873653602
56368.95170871127	0.9998116754542705	0.0003100128556156476
56368.9721424363	1.0003834409816001	0.0003100500093860062
56368.99257616157	1.0007372713228495	0.00031007784680454854
56369.013009887174	1.0001661154494799	0.0003100390503228915
56369.03344361302	1.000306169049733	0.00031004943976863656
56369.05387733922	0.9996125971170975	0.00030999731570417695
56369.074311165525	0.9997860938830527	0.0003100041271003119
56369.094744792186	1.0002851202968848	0.0003100458467660571
56369.11517851908	1.0003499857471732	0.00031004670191973145
56369.13561234632	1.000432280452323	0.00031004274591753917
56369.15604607368	1.000613014149258	0.0003100699070662364
56369.17647970139	1.000092293742112	0.0003100407703943515
56369.19691352944	1.0001651755130954	0.00031003581168396696
56369.21734725762	1.0004146818965356	0.000310058226087745
56369.237781086136	0.9998190736042841	0.0003100089719011709
56369.25821471489	1.0006002600520667	0.0003100726547935131
56369.278648443884	0.9998324244697124	0.00031001265509351576
56369.2990822731	1.0004160376042799	0.00031005975289511947
56369.31951590267	1.000108367364143	0.0003100324179514095
56369.33994963248	1.0001099100660293	0.00031002975616823547
56369.36038346263	1.0006121325505726	0.0003100614548193761
56369.3808170929	0.9998446856828	0.0003099964411392102
56369.40125082352	0.9999524463015581	0.00031000820978536623
56369.421684654364	0.9997475379874247	0.00030999577715838206
56369.44211828545	1.0000378204419373	0.00031000408531353814
56369.462552116885	1.0005119596449537	0.0003100508917233979
56369.48298584855	1.0001066406415318	0.0003100210728294071
56369.50341948045	1.0001274341347886	0.0003100259290825142
56369.52385331258	1.000144932865136	0.0003100261779220282
56369.54428704506	1.000169970210705	0.0003100306116634245
56369.56472067777	1.0000687758120994	0.0003100241654787834
56369.58515451072	0.9997632366677661	0.00030999476532756403
56369.605588243896	1.000093739883408	0.00031002754108880933
56369.62602197743	1.0004901917935884	0.00031005318169493657
56369.64645571119	1.0002980183642574	0.00031003909177886003
56369.66688944518	1.0001889041947765	0.00031002825253535093
56369.687323179525	1.0003321869091752	0.0003100437525080366
56369.70775691399	1.0004149448036022	0.0003100464724965548
56369.72819064879	1.0004002792234787	0.00031004887129106333
56369.748624383836	1.000309150266435	0.000310038105213854
56369.76905811923	0.9998908060855308	0.0003099968554931827
56369.78949185485	1.0004845752772462	0.00031004628189674197
56369.80992569071	0.9998191696839248	0.0003099907055877114
56369.8303593268	0.9999285543831948	0.00030999902698229496
56369.85079316312	0.9999514261671638	0.0003099966170527218
56369.87122689979	0.9997823471440485	0.00030999200166783
56369.91209437383	1.000118819619362	0.0003100085551255125
56369.93252811132	1.0003401726049679	0.00031004270176782984
56369.95296174904	0.9996728785682997	0.0003099977586963012
56369.97339558687	0.9996671064369166	0.000309989173905358
56369.993829325176	1.0002194659748638	0.0003100325242501148
56370.0142631636	0.9998751625042382	0.00031001821741871184
56370.03469680236	1.0000739183343639	0.0003100248342753716
56370.05513054136	1.0000104504046665	0.000310024849053821
56370.07556438059	0.9997212634534116	0.00030999392310063396
56370.09599802017	1.0002387854919923	0.0003100318288816588
56370.11643175999	0.9996370444753234	0.0003099932883409397
56370.13686560004	0.9995771938804535	0.000309979660165034
56370.157299240316	1.000494279452691	0.00031005975323679277
56370.17773298095	0.9992277682660305	0.0003099612381718672
56370.19816682169	0.9994954011393167	0.000309978271172225
56370.21860056279	0.9996565736554505	0.00030998379485269566
56370.239034304235	1.0001536326398806	0.00031003271394759366
56370.2594679458	0.999509648680341	0.0003099692565031658
56370.279901787704	0.9996958758038421	0.00030998496556334496
56370.30033552985	0.9996979104090371	0.0003099791701569697
56370.32076927222	0.9994815961581163	0.00030996398494268374
56370.34120291495	1.000002465330122	0.0003100027404901237
56370.36163675791	0.99971054407181	0.0003099760775655929
56370.3820705011	1.000011812770651	0.0003099969331176108
56370.40250424452	0.9992806719485609	0.000309944941855091
56370.422937988296	1.0000735397698512	0.0003100062899431155
56370.44337173218	0.9998622991854984	0.0003099913440559889
56370.46380557642	0.9997638887490278	0.00030998478440066944
56370.48423922101	0.9999983559289035	0.00030999681052509603
56370.50467296572	0.9996934862019051	0.0003099689659286049
56370.52510681077	0.9999214423893732	0.000309995935520885
56370.545540456056	1.0001596885364339	0.000310011057521702
56370.56597430157	1.000044603021837	0.00031000698242908333
56370.58640804744	0.9995352729205842	0.0003099738636631017
56370.606841693545	1.0001212123120742	0.0003100051785856246
56370.627275539875	0.9996881258334294	0.0003099749583224532
56370.647709286444	0.999523499123431	0.00030996587617913585
56370.668142933246	1.000107646302305	0.000310008390576848
56370.709010527775	0.999720611886908	0.00030997527153038876
56370.72944417539	0.9999791446093714	0.0003100072823924181
56370.74987802335	0.9994972199578642	0.00030997182819063096
56370.77031177155	0.9998034214494615	0.0003099843279389474
56370.81117926864	0.9982109162135393	0.0003098593040529054
56370.83161301754	0.9970989940917813	0.0003097775777931824
56370.852046866785	0.9966471339821483	0.0003097325927484942
56370.87248051626	0.9965184765998739	0.0003097266815080822
56370.89291426597	0.995682317853101	0.0003096546300499079
56370.91334801603	0.9951946462689379	0.00030961290488391066
56370.9337817662	0.9951671283647399	0.0003096189545922868
56370.95421561673	0.9956759391485721	0.0003096621474664034
56370.97464926749	0.9949234808370176	0.0003096034468070574
56370.99508301859	0.9953769388177972	0.00030962862762429953
56371.01551686982	0.9954173557284587	0.00030963716186365364
56371.035950621386	0.9945650872528312	0.00030958821558565633
56371.05638427319	0.9950243674293215	0.00030961537774123007
56371.07681812535	0.9948100488645674	0.0003096057745193701
56371.097251877625	0.9948482749282836	0.00030960675745158895
56371.11768553024	0.9947012569082379	0.0003095945956057047
56371.1381193831	0.9947744326743726	0.00030959766886195004
56371.158553136294	0.995167378795608	0.00030963752556397323
56371.17898698962	0.9953416283318992	0.0003096480607658315
56371.19942064329	0.9949953131958638	0.00030961407088365793
56371.21985439719	0.9950411729846343	0.00030961336221148247
56371.240288251436	0.9951199395613914	0.000309623491399125
56371.260721905805	0.9954189071764231	0.00030966308586522135
56371.281155660516	0.9953549914557441	0.0003096524691961247
56371.30158951547	0.9957365031981296	0.00030968351370187324
56371.32202317065	0.9953013777030628	0.00030965826828548707
56371.34245702618	0.9957170585165157	0.0003096868880321415
56371.36289078183	0.9959949224144021	0.000309709603229146
56371.383324437826	0.9959940815239151	0.00030971102155980196
56371.40375829417	0.9964800643379988	0.00030974528288043245
56371.42419205063	0.9966834937141744	0.00030976760833825403
56371.444625807446	0.9975818645315948	0.00030984310152551653
56371.465059564485	0.9989119422302253	0.000309945493759407
56371.485493321765	1.0000262235081725	0.0003100295108172545
56371.50592707928	0.9998868812582031	0.0003100124170944838
56371.52636083713	1.000330303143527	0.00031004788695732717
56371.56722835355	0.9998021652328103	0.0003100093368332477
56371.587662112106	1.0002602471164102	0.00031004179386633687
56371.608095871015	1.0004765248556438	0.0003100568092831801
56371.62852973016	0.9994941155758263	0.00030998510646852267
56371.648963389525	0.9997127534317636	0.0003100121551857747
56371.66939714913	1.0000155869167444	0.000310017850928101
56371.689831008975	0.9997573591056178	0.000309996397420197
56371.71026466916	1.000135400048186	0.00031003299133599747
56371.73069852958	1.0000215671529122	0.00031002218124860306
56371.751132290236	0.9999907897343309	0.00031002807690602637
56371.77156595123	1.0002395318175894	0.00031003720138903315
56371.79199981247	0.999545661020232	0.00030999182904095884
56371.812433573825	0.9999243905667615	0.00031001133016834846
56371.83286723564	1.000179741248217	0.00031003863911402885
56371.85330109757	1.0002971032677623	0.00031004695836262805
56371.87373485974	0.9996388109453938	0.00030999737908867214
56371.89416852225	1.000480159455174	0.0003100597748172752
56371.914602385004	1.0004436722599794	0.0003100590569379486
56371.935036148105	1.0003869241410077	0.00031005670629941025
56371.955470011315	1.0004944077701334	0.00031006492031934995
56371.97590367488	1.0001411715861472	0.0003100466433032911
56371.99633743868	1.0004553041159143	0.00031007713358559844
56372.016771302704	0.9998786186888415	0.00031001844058439786
56372.037204967084	0.9999007382021136	0.000310039444917687
56372.05763873158	0.9995097264011009	0.00031000728481746627
56372.07807259642	1.0002877485028225	0.0003100556555300561
56372.0985063615	1.0002806608946058	0.00031007732283937727
56372.11894012692	0.9997358662442448	0.0003100271238045803
56372.13937389247	1.0006143659760351	0.00031010126830313466
56372.15980755836	0.9999244242456079	0.0003100548488049916
56372.18024142449	1.0001260403468097	0.0003100748079769936
56372.20067519096	1.0005332920281909	0.0003101073040463124
56372.22110895755	1.000069246812559	0.00030994406636499275
56372.241542724485	1.0003945847521052	0.00030995457128319033
56372.26197649166	1.0008692445185245	0.00031014351806766426
56372.28241015907	1.0004160435249296	0.0003100204499441978
56372.30284402671	1.0002533859977158	0.00031001113305031345
56372.32327779469	0.9999892474819091	0.0003099924935169246
56372.343711662914	0.9997924249703233	0.00030991081271508153
56372.36414533136	1.000037277495389	0.00031006138981112824
56372.38457910005	1.0008042439453648	0.00031005072582875184
56372.40501296909	0.9999594866462975	0.0003100583802283262
56372.42544663836	1.0001496041866842	0.00030999776901711405
56372.44588040785	1.0002423258172117	0.000309945704427462
56372.46631427759	0.999930443780668	0.00030992307284560296
56372.48674794755	1.0006586387281424	0.00030998299778887105
56372.50718181787	0.9998710633610516	0.00031000011450593273
56372.52761558842	0.9995117410789358	0.00030991587884544007
56372.5480492592	1.0003973690315213	0.00031003598526730514
56372.56848313021	1.000369145161525	0.00030995777595253077
56372.60935057317	0.9997873527361852	0.00030992949978333995
56372.629784445	0.9997473530573731	0.0003099318315148952
56372.650218217066	0.9995954977628969	0.00030991645859077514
56372.670651989356	1.000041430787254	0.0003099534733919543
56372.691085762	0.9999069424230291	0.0003099492491993856
56372.71151953488	0.9999037190310658	0.00030994743761107377
56372.73195340799	0.9999066262281627	0.00030994927981788464
56372.75238708133	1.0003815683251132	0.00030999802773096517
56372.772820855025	1.0004637458544885	0.0003099886547157413
56372.793254728946	0.9997709847926354	0.0003099442708333981
56372.813688403105	0.9999582739956363	0.00030995231530169817
56372.8341221775	1.0012846222976006	0.0003100555779783616
56372.854556052116	0.9998918555528687	0.0003099559408901458
56372.8954236023	1.0002864192685204	0.00030996946112174284
56372.91585737773	1.000393132961109	0.00030999418104534995
56372.936291053404	1.000401418973023	0.0003099917293505139
56372.95672492943	0.999594988824398	0.0003099218764107347
56372.977158705675	0.9991995697923981	0.0003099073600984024
56372.99759238216	1.000184810932103	0.0003099888821366014
56373.018026258884	1.0000459703272209	0.0003099723099747644
56373.03846003583	1.0000524659835457	0.00030996780541521984
56373.05889371313	0.9997701815973424	0.00030995466041076143
56373.07932759067	0.9997261695319102	0.00030994509873868157
56373.09976136843	0.9998197976291601	0.0003099610857786887
56373.16106270324	1.0002102226295235	0.00030998695531544545
56373.18149658206	0.9997271507196571	0.0003099419445121054
56373.20193026111	0.9994825912992191	0.00030992589225542315
56373.22236404038	0.9999378635204896	0.0003099595471693176
56373.242797920015	0.9997809858509084	0.00030994498983482894
56373.26323159988	0.9992950899977315	0.0003099116884546647
56373.28366547997	1.000005708367329	0.00030997011812541295
56373.32453304085	0.9998552294841664	0.00030995903361297753
56373.344966821765	0.9996132031626853	0.00030993352989752346
56373.36540060291	0.9999283572434244	0.00030996885954345696
56373.38583438428	0.999357228861086	0.000309905364063238
56373.40626816589	0.9999309499179715	0.0003099592218906244
56373.42670194785	1.0001580490737856	0.0003099847192422872
56373.44713572992	1.000090689413462	0.0003099726321178692
56373.467569512344	0.9999142831420166	0.0003099585190604512
56373.488003295	0.9997491141298921	0.0003099445406247193
56373.508437178	0.9994489696387093	0.000309921716630484
56373.528870861126	0.9999742533327447	0.0003099680798910638
56373.5493046446	1.0000186335717547	0.00030997208899568354
56373.5697385283	0.9998437743394086	0.00030995901081900905
56373.590172212236	0.9998907155654119	0.00030996167093332933
56373.61060599641	0.9995404574912754	0.0003099397953025159
56373.63103988092	1.0003583635497153	0.00031005225004577185
56373.651473565675	1.0001874073730037	0.00030997661990374227
56373.692341235874	1.000154989523892	0.0003099855969408296
56373.712774921325	1.0001950033313483	0.0003099840924120672
56373.73320880713	0.9999981307213118	0.0003099687370818998
56373.753642593154	0.9998682813890389	0.00030996142850642027
56373.77407627942	0.999585534789208	0.000309930526078326
56373.79451016592	1.000086386135446	0.00031008864477537635
56373.81494395276	0.9996761233077789	0.00030993958830637157
56373.83537773973	0.9998982122552323	0.00030996782271916213
56373.85581152704	0.9995429538146923	0.0003099347639325299
56373.87624531458	1.0001195744838227	0.000309974889175394
56373.896679202364	0.9999371051133786	0.00030995998309669347
56373.91711289049	1.000032475457037	0.00030996696880580815
56373.93754667885	0.9999366008851057	0.0003099684870573787
56373.957980567444	0.9997452612873448	0.00030995350589920194
56373.97841435627	0.9999455417530138	0.00031019047658541703
56373.998848045325	1.0001198981809207	0.0003100890266014986
56374.01928193462	1.0001592279091986	0.0003101981755955898
56374.039715724255	1.0003122615990419	0.0003102169014845303
56374.06014951413	1.0006314506078866	0.00031024186776950236
56374.08058330424	0.9993750247201327	0.0003099232506517189
56374.1010170947	0.9995904986375259	0.00031016319757373696
56374.121450885264	0.9994236204139206	0.0003099436030830204
56374.14188467619	0.9997525711145303	0.00031018236829452307
56374.16231846734	0.9997123683673063	0.0003101847343442612
56374.20318605035	0.9998756473657283	0.0003102020979504646
56374.22361974232	1.0007593924926421	0.0003102686122201679
56374.2440536344	0.9993923921484077	0.0003099424028672152
56374.26448742684	0.9996793360046724	0.000310185959939497
56374.30535501252	0.9995768207540492	0.00031018642610581405
56374.325788805654	1.0002757826421946	0.00031024387995862054
56374.36665639285	0.9997658492916242	0.00031021433607190783
56374.3870901868	1.0005366582974067	0.00031027217188973953
56374.407524080976	1.0001354979306105	0.00031023615835279103
56374.42795777551	1.0001762098687221	0.0003102491815136934
56374.448391670274	1.0004137775824002	0.00031026186032935386
56374.468825465265	0.9998934120309512	0.00031023049439017424
56374.489259260496	0.999921955356353	0.00031021940413162403
56374.50969305596	0.9997286593066147	0.0003102203463328058
56374.530126851765	1.0000085245689334	0.00031024631908536124
56374.550560647695	0.9998118562804118	0.0003102207493745184
56374.57099444397	1.00011090773597	0.00031023863064728814
56374.59142824048	1.0001551121453898	0.0003102505487120525
56374.61186203734	1.000109261299647	0.0003102419571716046
56374.632295834315	1.000494618961228	0.00031029181171189537
56374.652729631634	0.999663222130145	0.0003102022939979727
56374.673163529194	0.9998154210136625	0.0003102250937927763
56374.69359732699	1.0004369513598605	0.0003102718564877071
56374.714031025	0.9999415977469986	0.00031022692432688433
56374.73446492326	0.9993535093197702	0.0003101943157262405
56374.75489862187	0.9999561188787777	0.0003102442499521545
56374.7753324207	1.0000538027020922	0.0003102477711717224
56374.795766319774	0.9999090428255114	0.000310233438179812
56374.81620001908	1.0000165594434098	0.00031023804651402945
56374.83663391873	1.000159761315416	0.000310250876752683
56374.8570677185	0.9997291781044921	0.00031021751279964276
56374.87750141862	1.0001618391747524	0.0003102540565703789
56374.897935318964	0.9997850954308078	0.00031021904450367557
56374.91836911955	1.0004515798872842	0.0003102700049722377
56374.938802820485	0.9995228108291059	0.00031018175689436514
56374.95923672153	1.0000127113118495	0.0003102304332339071
56374.97967052293	0.999771234867278	0.0003102282145513288
56375.000104224564	0.9999855228268859	0.0003102344694978122
56375.020538126424	1.0000037258501235	0.00031022675186304056
56375.04097192864	0.9997957395442439	0.00031021057872742563
56375.06140583097	1.000056021032425	0.0003102351265140187
56375.10227333656	1.000167201698718	0.000310245722889595
56375.1227072397	0.9997602250356078	0.00031022049267035443
56375.14314104308	1.0004014039008988	0.0003102684363066805
56375.16357474681	1.000199569127726	0.00031025856625207143
56375.184008650656	1.0008970398528958	0.00031031082022933866
56375.204442454844	1.0002186013507632	0.00031025175898516003
56375.22487625927	0.9997847557226655	0.0003102346459195262
56375.245310063925	1.00028740303205	0.0003102649206048533
56375.265743868935	0.9996211470518774	0.0003102211966782344
56375.28617777406	1.0000414354709695	0.000310247497096089