55885.393194733784	1.0006465685432957	0.0003161919802329767
55885.41362757837	1.0001682377960521	0.0003161531400973244
55885.43406052283	0.9996114057564968	0.00031610829921527203
55885.45449326718	1.0004334312992043	0.00031617606932784163
55885.47492621153	0.9997580883745011	0.00031612101199998634
55885.495359055756	1.0003838674091232	0.0003161657074409306
55885.51579189999	1.000813165889877	0.0003161885478862491
55885.53622474411	0.9995305038048388	0.00031609633650627914
55885.55665758822	1.0000709137816461	0.00031613176405228833
55885.57709043222	1.0006801795561588	0.0003161883289591587
55885.59752327622	1.0003083921900828	0.0003161577881638471
55885.6179561201	1.0004471781023418	0.00031615530372544685
55885.638388963984	0.999892655202913	0.0003161181032337875
55885.65882180775	0.999776492423738	0.00031611056876568183
55885.67925465151	1.000091544757312	0.00031613937032849476
55885.699687495166	0.999977024846189	0.0003161296548518966
55885.7201203387	1.0001630890562292	0.0003161158924364528
55885.74055318223	0.9997715958472881	0.0003161102449164138
55885.760986125766	1.0003845178490929	0.0003161467979030837
55885.781418869185	1.000223677169821	0.00031614201424975377
55885.80185171248	1.0000187742090083	0.0003161217957017878
55885.822284655784	0.9999329426444041	0.00031610425705039014
55885.84271739908	1.0005221947179903	0.00031616199031286055
55885.863150342266	1.0010111100470425	0.0003161949960808448
55885.883583185336	1.000031873447193	0.0003161081000523231
55885.904015928405	0.9996905034922822	0.00031608783689267365
55885.92444887135	0.9993447637463029	0.0003160509211350293
55885.944881714306	0.9999064552395817	0.0003160984148333969
55885.96531445725	1.0001127345360283	0.00031611174768304926
55885.98574740009	1.000154303601395	0.000316111862516402
55886.02661298553	1.0002371445534148	0.0003161088007168053
55886.04704592813	1.0000317908923133	0.0003160908904387787
55886.06747877073	0.9996636540526078	0.000316052695509552
55886.08791171321	0.9999328436351013	0.0003160830320875749
55886.1083444557	1.000113788329956	0.0003161003587213647
55886.12877729807	0.9997284364447511	0.0003160615676495118
55886.14921024044	0.9999698366727411	0.0003160733302554484
55886.16964298281	0.9997745112518311	0.00031606828304581874
55886.210508767195	1.0000348019942686	0.00031609895428761405
55886.23094160922	0.9996876438018252	0.00031606169443163434
55886.251374351355	0.9998550629253128	0.0003160713529862091
55886.271807293255	1.000443743372552	0.000316110829960653
55886.29224013528	0.9998822134818867	0.0003160805369385321
55886.31267297718	0.9999565578646032	0.0003160757044199423
55886.333105818965	1.0000654912845321	0.0003160821814846041
55886.353538560754	1.0003924633609793	0.000316117496276336
55886.37397150243	0.9997194569937047	0.00031605720573166983
55886.39440434409	1.0003966924467613	0.0003161073229105164
55886.41483708565	1.000053963984673	0.00031607783457350097
55886.43527002721	0.9998592040955755	0.0003160621816603252
55886.455702868756	0.9999338274660998	0.00031606708015887445
55886.47613581008	1.0000046382105738	0.00031607635652780054
55886.49656855152	0.9997002180765266	0.00031604871014749824
55886.51700139284	0.9994440162325559	0.0003160260796273385
55886.537434334045	0.9992852664040983	0.0003160169256398462
55886.55786707525	0.99995132846249	0.00031605671580122124
55886.57829991645	0.9999286752564227	0.0003160621415154372
55886.59873285743	0.9997537951843145	0.0003160345740184107
55886.61916559852	1.000192354371141	0.00031607044099058064
55886.639598439484	0.9997306723574277	0.00031603395273095334
55886.66003138034	1.0002754053756808	0.00031608149114991117
55886.6804641212	1.0001105454238597	0.0003160709273029725
55886.70089706205	1.0001824600640592	0.00031607944758015846
55886.72132990279	0.9998946370116552	0.00031605130436869136
55886.741762743535	0.9996837075356555	0.0003160527526949903
55886.76219558415	0.9994271523533842	0.0003160105840784775
55886.78262842466	0.9996618782729579	0.00031602138693971734
55886.80306126528	0.9998159220266926	0.00031604055896280667
55886.82349410567	1.0004010896928117	0.0003160782484479869
55886.843926946065	0.9997065665540303	0.0003160273077031655
55886.86435978646	0.9996152336570804	0.0003160095661946632
55886.88479272673	0.9994028422091432	0.0003159872581536784
55886.905225467	0.9993497827407065	0.000315988239302868
55886.925658407155	0.999730541378914	0.0003160015087340783
55886.946091247315	0.9997718257755495	0.0003160106495368948
55886.966523987474	0.9996642553862672	0.0003160060795832605
55886.98695692751	0.9997818034731716	0.00031600753718633007
55887.00738966744	0.9997950239418376	0.0003160022301970483
55887.02782250736	0.9996544560651479	0.0003159760445975957
55887.04825544717	0.9992031125263569	0.00031594719708844687
55887.06868818698	0.9997354730004039	0.0003159760465934091
55887.08912112679	0.9997134048132182	0.0003159773589374935
55887.109553966475	0.9997988024968073	0.0003159826359568456
55887.12998670617	1.0003856820192991	0.00031601824109120835
55887.150419645746	1.0006143975713817	0.00031604164194565265
55887.17085248532	0.9997502183495721	0.00031596550640171074
55887.19128522478	0.9999029935405276	0.000315975117423965
55887.21171816424	0.9997301169162989	0.0003159511801571842
55887.232151003576	0.9997630656004025	0.00031595765018447403
55887.25258374292	0.9999709327963704	0.00031597128669717876
55887.27301668215	0.999965771628176	0.0003159580977722417
55887.29344952137	1.0001946219666755	0.0003159822681967811
55887.3138824606	0.9999229399050039	0.0003159640196838774
55887.33431519971	0.9999542397235667	0.00031595888729522853
55887.3547480387	1.0001453996954468	0.0003159743569565482
55887.37518097781	0.9997482774340436	0.00031593726290615656
55887.39561381669	1.000417236963629	0.0003159954092872608
55887.41604655556	0.9996998565264884	0.0003159292218141328
55887.43647949444	1.0001256357115444	0.00031595084354268585
55887.456912333204	1.000032990872568	0.0003159477128357606
55887.47734507196	0.9993589420045956	0.00031590086085783476
55887.49777801072	1.0002156939131603	0.0003159599011985099
55887.51821084937	0.9999225976639415	0.0003159456275171332
55887.53864368789	0.9997416555669595	0.0003159108395703658
55887.55907652642	1.0000901487765306	0.00031594903652160155
55887.57950936495	1.000274853890894	0.0003159445567674742
55887.59994220336	1.0004555984850423	0.0003159628438014433
55887.62037504177	1.000058790672506	0.0003159329606004068
55887.640807780066	1.0001845572516022	0.00031594061604787326
55887.66124071836	0.999707737640142	0.0003159062259079222
55887.702106494835	1.0009991614431168	0.0003159979011517592
55887.72253923289	0.9997851737480434	0.0003158969649424411
55887.742972070955	1.0000340088754112	0.0003159195742000389
55887.76340500901	1.0003352608487543	0.00031593783548450593
55887.78383774696	1.0004811807440765	0.0003159505227248816
55887.80427058491	1.0003391935168633	0.0003159323147330242
55887.82470352274	1.0000628253160113	0.00031591182993914415
55887.84513626056	0.9996109130243389	0.00031586167726571824
55887.865569098394	0.9997899029289367	0.000315882296410707
55887.8860020361	1.0000785593873989	0.00031590027210017836
55887.9064348737	0.9992063227827596	0.00031584890359156277
55887.926867711416	1.000479494347435	0.00031592986220104727
55887.9473005489	0.9997897370171163	0.0003158842201648813
55887.96773338649	0.9998952820451886	0.0003158804048728909
55887.98816622397	0.9999304674196192	0.0003158840587850896
55888.00859906133	1.000034233274934	0.00031588302367987787
55888.029031898695	0.9996243151616565	0.00031584506146009627
55888.04946473606	0.99990130991875	0.00031588182368511855
55888.06989757331	1.000047673562874	0.00031588612551337365
55888.09033041055	0.9999670706952268	0.00031587658251820976
55888.110763347686	1.0002829946035088	0.00031591091805710834
55888.13119608481	0.9999397104570803	0.0003158779217002755
55888.15162902183	1.0003595868270625	0.00031590560281337285
55888.172061858844	1.0000745636890997	0.0003158988506098416
55888.19249459586	1.0001163161929982	0.0003158790347217242
55888.21292753275	1.0001709150256923	0.0003158804297436377
55888.23336036965	1.0006678806332194	0.00031592484172619686
55888.253793106545	0.9997078530150201	0.0003158506136125603
55888.27422604333	1.0006030202303464	0.0003159157431803242
55888.294658779996	0.9999516449381517	0.0003158687225766988
55888.31509171666	1.0001139461845399	0.00031587303803755123
55888.335524553324	1.00005702422345	0.00031586110614182267
55888.355957289874	1.0000310221779114	0.0003158695484279598
55888.37639022642	1.0001620427392555	0.00031588170993433984
55888.39682306297	1.0004290658478907	0.0003158915402902936
55888.4172557994	0.9997876907574123	0.0003158419037888625
55888.43768873583	1.0003795784684693	0.00031588032516765446
55888.45812157215	1.000092929350265	0.0003158620664875257
55888.478554408466	0.9996778275577579	0.0003158231992956745
55888.49898724466	0.9998770131845582	0.0003158324571076308
55888.51942008086	1.0003191874296071	0.0003158632343697008
55888.539853017064	1.0000940465774621	0.0003158469259027479
55888.56028575314	0.9993772146041261	0.00031579107138456834
55888.580718589226	1.0001684668699766	0.0003158523747062389
55888.642017097125	1.0000775791495466	0.00031583762474293926
55888.66245003298	0.9998652151998526	0.00031582671025154145
55888.68288286882	0.9997761110199277	0.0003158181224371547
55888.70331570456	1.0000431805264525	0.00031583488225319587
55888.72374854029	0.9999488072339274	0.0003158221436431421
55888.74418137602	1.0003554776898547	0.00031585503486369464
55888.76461431164	0.9998185084497136	0.0003158251547727174
55888.78504704726	0.9999455242142263	0.00031582078925642874
55888.80547988276	0.9995905943828929	0.00031579458394156014
55888.82591271826	0.9994633555420415	0.00031577604672476423
55888.84634555376	1.0004887016401833	0.00031586564707998733
55888.86677838914	1.0000639462946956	0.0003158269124317638
55888.88721122453	0.999783380758272	0.0003158001522264614
55888.90764405992	1.0003590006293606	0.00031584917945693184
55888.92807699518	0.9995357717830144	0.0003157812649078373
55888.94850973033	0.999878991484342	0.0003158133267940752
55888.968942565596	0.9994981564574782	0.00031578659337092274
55888.98937550075	0.9997929654355538	0.00031579639716837194
55889.00980823579	1.0000021603536877	0.0003158125153852112
55889.030241070825	1.0003076957831705	0.00031584025686577026
55889.050674005855	0.9996356873118338	0.00031579412947391395
55889.071106740776	1.0002389688857636	0.0003158363542298529
55889.11197251061	1.0004774476709237	0.0003158488109876792
55889.15283818021	1.0001548557243625	0.00031582370337661576
55889.19370384959	0.9998057847133708	0.00031579738996294614
55889.21413668427	0.9997326421390915	0.00031578973749807235
55889.23456951884	0.9987604462598367	0.0003157064456855759
55889.25500235341	0.9973258004756107	0.0003155987077998072
55889.27543528798	0.9963930938828811	0.00031551847207589767
55889.29586802243	0.9960541637304989	0.0003154908085480238
55889.31630095689	0.9952958414603388	0.0003154287979831879
55889.33673379122	0.9956045167845637	0.0003154384122099477
55889.35716652556	0.9953689250137312	0.0003154323983931318
55889.3775994599	0.9955086232021937	0.00031543671806135007
55889.418465028335	0.9946453414974842	0.0003153625411341221
55889.43889796256	0.9950520764451409	0.00031539744718843854
55889.45933079666	0.9951722552216905	0.00031540409523599496
55889.47976353076	0.9947357708855548	0.0003153654465841582
55889.50019646475	0.9947143594766742	0.0003153688857717411
55889.520629298735	0.9951123123795487	0.0003153942137375351
55889.541062132725	0.9946212660455583	0.00031536125746411216
55889.5614949666	0.9947357301187338	0.0003153616580995216
55889.58192770058	0.9951570207282514	0.0003154048537139485
55889.60236063434	0.9948109273377942	0.0003153695040710781
55889.622793468094	0.9958102896684701	0.0003154442759254728
55889.64322630184	0.995530240460427	0.0003154156257379876
55889.6636591356	0.9952282648189659	0.00031540190855620497
55889.68409196924	0.9952804632750133	0.00031540181904640653
55889.704524902874	0.9951993989531455	0.000315398820146187
55889.7249576364	0.9953494722100277	0.0003154056845726016
55889.74539046992	0.9949052762867814	0.0003153607058629907
55889.76582340344	0.9956283936686335	0.0003154205849518454
55889.78625623696	0.9960413401136424	0.0003154522002580959
55889.80668897037	0.9957024570776047	0.00031543945336843593
55889.827121903654	0.9968207751889774	0.0003155125671815722
55889.84755473706	0.9979076060581794	0.00031561305061686494
55889.86798747035	0.9991961132834567	0.00031570459196220965
55889.90885323681	0.9996453085892023	0.0003157458519501647
55889.92928616998	0.9992543509498862	0.00031570200165198465
55889.94971890304	0.9998275013084224	0.00031574683510774586
55889.970151736095	1.0001041820107148	0.0003157664299965699
55889.99058466915	0.9999841711463631	0.00031576340468654924
55890.011017402205	1.0001086530066166	0.0003157681254776706
55890.03145023515	0.9998557050709906	0.0003157475447044342
55890.05188316808	1.0000082287027596	0.0003157593703272726
55890.09274873385	0.9998442902768426	0.0003157454803767706
55890.11318166655	0.9998542438441343	0.0003157499394881514
55890.133614399376	0.9996238415924431	0.0003157196521844132
55890.154047332086	0.9999633008320503	0.00031575079900382676
55890.17448006479	0.9995192388153521	0.000315715099751913
55890.19491289738	1.0001749095451944	0.0003157696394742994
55890.21534582997	1.0000619425820987	0.00031575419828834946
55890.235778562565	0.9995339647253123	0.00031571349647304255
55890.25621139515	0.9997357788056527	0.0003157285382936282
55890.27664432763	0.9996628670394864	0.00031572319714416304
55890.297077060095	1.0007490247274557	0.0003158075519653218
55890.317509992456	0.999877528781677	0.00031573333276218956
55890.337942824815	1.0003067352320345	0.00031576096774232773
55890.35837565717	1.0001721393607828	0.00031575365857997094
55890.37880848953	0.9993632243913639	0.0003156982368029139
55890.39924132177	0.9998979650497161	0.00031573468195963825
55890.41967415389	1.000192040060488	0.00031576162160951805
55890.440106986134	1.000051064400582	0.0003157427325135454
55890.46053981826	1.0005561452597624	0.0003157751369403101
55890.48097265038	1.000354211302811	0.0003157678237469572
55890.50140558239	1.0000931153038009	0.0003157517215441178
55890.5218383144	0.9999249125176826	0.00031573119075358586
55890.542271246406	1.0002417919417181	0.0003157684295871258
55890.56270407842	1.0003760970668971	0.00031576595125009104
55890.58313681031	1.0005705896393207	0.0003157860732683005
55890.6035697422	1.0001411509516878	0.0003157445497386488
55890.624002573975	1.0001766594275991	0.00031575311699067783
55890.64443530587	1.000161041568619	0.00031575101746908636
55890.66486823764	1.0002858936125238	0.000315761253884727
55890.6853010693	1.0000064248488076	0.00031573190125383955
55890.70573380096	1.000191419071857	0.0003157643507602813
55890.72616673262	1.0008032375361555	0.00031578557644336506
55890.74659956428	1.0001301052812424	0.00031574614437909326
55890.76703239582	1.0000101492578555	0.0003157411832562533
55890.78746522736	1.0001844601427834	0.00031574584460937434
55890.807898058905	0.9998680491949155	0.0003157253983075637
55890.828330890334	0.9998452679550915	0.0003157197063884237
55890.84876372187	1.0002372904687142	0.00031576204252489043
55890.86919655318	1.0002909591383453	0.0003157653153964913
55890.88962938461	1.0005235217644308	0.00031577213178281044
55890.91006221592	1.000095738649479	0.0003157429166344639
55890.93049514723	1.0003735614525382	0.0003157734408209865
55890.950927878424	1.0002757986963446	0.0003157675118130266
55890.97136070961	1.0000096354913295	0.00031573792360180204
55890.99179364081	0.9995897921350642	0.000315707423379777
55891.012226472	1.0000469254090918	0.0003157479756326548
55891.053092134156	0.9998237841377438	0.00031573101927462565
55891.07352496523	0.9999503548565214	0.0003157382110390479
55891.09395769619	1.0000366207930573	0.00031574877889426525
55891.11439062715	0.9999933933150557	0.00031574481341518847
55891.13482345811	1.0001418635843946	0.00031575582409511694
55891.15525638907	0.9999921702739608	0.0003157477187115247
55891.19612195076	1.0006609854278599	0.00031579275396902774
55891.21655488149	1.0002293482167692	0.00031576477392760316
55891.236987612334	1.0001328559863059	0.0003157569731176427
55891.25742044306	1.000166399211363	0.00031575532483326725
55891.27785337367	0.999795091906222	0.0003157370269724561
55891.2982861044	0.9998377712281535	0.0003157415892667165
55891.31871903501	0.9996067164962275	0.00031571764749170383
55891.33915186562	1.0000242685088605	0.0003157485806870842
55891.35958459612	1.0004439995577172	0.00031578421805553673
55891.38001752661	0.9999788981328974	0.00031575492885823047
55891.400450357105	0.9999285747734837	0.000315747131043228
55891.4208831876	0.9996586201098907	0.00031572686848536176
55891.44131601809	1.0001496036306972	0.00031576723234910415
55891.46174884847	1.0000751107974009	0.0003157674128604732
55891.48218167874	1.0002552389526895	0.0003157807863477823
55891.50261450911	0.9998590734651754	0.0003157519081049418
55891.523047339375	1.0001395087177027	0.00031577398141325604
55891.54348016964	1.000220759657881	0.0003157900976841151
55891.563912999896	0.9995666025783426	0.00031573234574263184
55891.584345830044	0.9995201458671725	0.0003157348295515135
55891.60477866019	1.0003476682740775	0.000315810309950593
55891.62521149033	0.9999471591114615	0.0003157700268375854
55891.64564432048	1.0002027177786192	0.0003157992077716207
55891.66607725051	1.0002440966235364	0.00031580184187058555
55891.686509980536	0.9997479335334938	0.00031576729232516576
55891.70694291057	1.0001476622159862	0.0003157880928502256
55891.72737574048	1.0005706510057775	0.00031581107481784516
55891.74780847039	1.0001392208786561	0.00031578120026937043
55891.76824140031	0.9994491010397741	0.00031573501008897684
55891.78867423022	1.0001536531428208	0.0003157869634568354
55891.82953988981	1.0000421063009808	0.00031577591400474577
55891.8499727196	0.9996800428330909	0.000315764066562649
55891.8704054494	1.0003449311547714	0.0003157994932213842
55891.890838379084	1.0003728350799537	0.00031581194502945464
55891.911271208766	0.9998424381981272	0.0003157623437060839
55891.95213686801	1.0002856734522025	0.00031579080145342856
55891.972569697566	0.9999918862401781	0.0003157976172497971
55891.99300262713	1.0006770710426478	0.00031583475305257453
55892.0134353567	0.9998911250048641	0.0003157704632510554
55892.03386818615	0.9999847043118621	0.0003158065905613731
55892.054301115706	1.0002036922070876	0.0003157910627750031
55892.07473384504	0.9997660502539389	0.0003157575402250982
55892.09516667448	1.0000200982119323	0.0003157792782427378
55892.11559950381	1.000033277322968	0.0003157826872272944
55892.176898091806	0.9996257143643608	0.0003157566962107768
55892.19733082108	1.0000572276217223	0.0003157878646860446
55892.21776375029	0.9999230452299676	0.0003157823583399478
55892.23819657945	1.0003392567409406	0.0003158043469187542
55892.258629308664	1.000360181476073	0.0003158133364299562
55892.27906223776	0.9999127877488405	0.0003157734472012001
55892.29949506686	0.9995037663590376	0.00031574076602423613
55892.31992789596	0.9999842830722286	0.0003157790407827312
55892.34036072499	1.0002533661679869	0.0003157932739502398
55892.360793554035	1.0001857157214065	0.00031579576480007625
55892.38122648302	0.999983005326448	0.00031578610755818407
55892.401659211995	0.9998806397746752	0.0003157723532042739
55892.42209204092	1.0003201518026466	0.00031579745370005185
55892.44252496979	1.0002874470316703	0.0003158033254966121
55892.462957698706	1.0003144335037566	0.0003157962136609413
55892.483390527515	0.9995609260755421	0.0003157423468652617
55892.503823456325	0.9995508886083592	0.00031574248201494574
55892.52425618513	0.9994406354196885	0.0003157318450117141
55892.54468911388	1.0005861877732865	0.00031581917209116224
55892.56512194263	0.9993098197430238	0.0003157133859832024
55892.585554671314	1.0000824236781523	0.0003157802265347218
55892.60598760001	0.9994313681549738	0.0003157213690437006
55892.62642042864	0.9999882245016927	0.0003157759170424439
55892.64685325727	0.9995471617199859	0.00031574214995959106
55892.667286085845	0.9996934786738886	0.0003157426068122661
55892.68771891448	0.9999791990907108	0.0003157710344856429
55892.70815174299	1.0001133094443424	0.0003157851890460668
55892.72858457151	0.9995810469049308	0.00031573888857489696
55892.74901739997	1.00052129566474	0.0003158130974827103
55892.76945022842	0.9998265851650627	0.00031574054167220395
55892.81031588528	0.9996993738126361	0.00031574885696668
55892.83074881362	1.0003338185730402	0.00031580065049466874
55892.85118154202	0.9999946861197044	0.0003157637782751328
55892.871614370306	1.000683708106763	0.00031583043005327643
55892.91248002687	1.0004186773913233	0.000315800099742356
55892.93291295515	0.9992076596977905	0.00031572192436273336
55892.953345783375	0.9998413926916091	0.00031576092449478606
55892.97377851154	0.9997102201552082	0.0003157555707777232
55893.014644267874	0.9996893445521985	0.00031574668773510383
55893.035076995984	1.0002299967731019	0.00031579908580676037
55893.05550992409	0.9998022784627656	0.0003157656574267723
55893.07594275214	0.9997136842360844	0.00031576407308611643
55893.096375680194	0.9994465061675941	0.00031573718000965287
55893.11680840819	1.000411742502625	0.0003158116147533949
55893.137241236174	0.9998801579327047	0.0003157756797539848
55893.15767416411	1.0000355542802608	0.0003157872610447624
55893.1781068921	0.9997163389648408	0.00031576966689195586
55893.198539719975	1.000068909755352	0.00031579164133004246
55893.23940537573	1.0000549191155716	0.0003157851920280107
55893.2598382036	0.9996329856638414	0.00031575559067597723
55893.28027113136	0.9992979434740731	0.00031573009167511565
55893.300703959176	1.0003329506881729	0.00031580837063563763
55893.32113678694	0.9996959067037632	0.00031576354981970256
55893.3415696147	0.9999806144840646	0.0003157835960538262
55893.362002442394	0.9994347328174176	0.00031574046382717796
55893.3824352701	1.0002777971641303	0.0003158074183071744
55893.40286809774	1.0006430633023682	0.000315838291012637
55893.42330092538	1.0004003363280616	0.00031583057578618334
55893.443733753025	1.00013463215239	0.00031579855284117535
55893.46416658061	1.0000274981097568	0.0003158008789627532
55893.48459930819	0.9992100191358946	0.0003157292142241257
55893.50503223572	0.9999885355675511	0.00031579361930463495
55893.52546506325	1.0002203546329762	0.0003158140818669486
55893.54589799077	1.0000678499497058	0.00031579724472481207
55893.56633071824	0.9997117731332901	0.0003157680248625718
55893.58676354571	0.9996526942658077	0.00031576094183645816
55893.607196473116	0.9998046924843829	0.0003157814134401976
55893.627629200586	1.000363636936985	0.00031582330583162106
55893.64806202794	1.0004794630570317	0.000315831732699111
55893.66849495529	0.9997380756587229	0.00031577717030882113
55893.68892768264	1.0002436758644042	0.0003158104426180113