55644.58088175631	1.0002795134932079	0.00031502775977352833
55644.601315725	0.9996222583834159	0.00031498609591594555
55644.62174969392	1.0000166509843342	0.0003150002620405132
55644.64218366307	1.0001940431632128	0.00031501809378320605
55644.66261763246	0.9999499224401698	0.00031500411588734754
55644.68305160196	0.9996268163450456	0.00031497843298279593
55644.723919541895	1.0003508838857171	0.0003150163257511968
55644.7443536121	1.0004181114482773	0.00031502126845344347
55644.76478748264	1.0001653699572326	0.0003149984340362386
55644.78522155331	0.9997408724417256	0.0003149707417967086
55644.82608939546	0.9995855107623745	0.000314958157461078
55644.866957438426	0.9996494550169083	0.00031496960726225265
55644.88739131025	0.9993987244775386	0.0003149432467595626
55644.907825382434	0.9999870517301545	0.0003149731644130165
55644.92825935461	0.9999136384271208	0.0003149697495156294
55644.94869322714	1.000011706644617	0.0003149739252192717
55644.969127299904	0.9999104569175234	0.0003149684108682836
55644.9895612729	0.9995800782088996	0.0003149343920026737
55645.00999534601	0.9999254176219146	0.0003149586122989072
55645.03042921947	1.0003742850105422	0.0003149908940351464
55645.05086319304	0.9997033347414314	0.0003149342988554455
55645.07129716697	1.0003552449823594	0.0003149855697583579
55645.091731141016	1.0008105551973854	0.00031501005954691146
55645.11216511529	0.9997523742114227	0.0003149307385786999
55645.132599189914	0.9998495953454551	0.00031494204639492704
55645.15303306454	0.9999556981731944	0.00031494144486196086
55645.173467139626	1.000476488469006	0.0003149724237991171
55645.19390101472	1.00003202696871	0.0003149459855757433
55645.21433499016	1.0000514611433249	0.0003149392103179566
55645.255203041736	1.0002083038396845	0.00031495626872792465
55645.27563691776	1.0000970105002953	0.0003149438790253587
55645.296070994125	1.000718566444856	0.0003149901691724761
55645.316504970615	0.9997453705140028	0.00031492592563759535
55645.33693884734	0.9998782557884217	0.00031492755486839125
55645.3573729244	1.000980160207391	0.0003150040938218301
55645.37780690159	1.000114250630112	0.00031493250340330545
55645.39824097901	0.9992581798011662	0.0003148784719256706
55645.41867485666	0.999589357909402	0.0003148985544167046
55645.439108834544	1.0000186417260821	0.000314928330032155
55645.45954291255	0.9998848290904119	0.00031491589693002144
55645.47997679089	1.0002041105294472	0.00031493842469743327
55645.50041076948	1.0004069609264061	0.0003149398583235549
55645.52084484818	1.000605028449995	0.0003149567889356619
55645.54127872722	1.0006248764880314	0.0003149535016208495
55645.56171280639	0.9992351584515088	0.0003148508107489552
55645.582146785906	0.9998256720058802	0.00031489039939230933
55645.60258066553	0.9998677261732044	0.0003149029043405416
55645.6230147454	1.000261566650985	0.0003149163057378971
55645.643448725496	1.0002571636558468	0.0003149213352145542
55645.66388260582	1.0003338690658126	0.0003149297651128816
55645.68431668627	0.9999754746044496	0.0003149073071449311
55645.704750667064	1.0000944720887102	0.0003149114829387566
55645.72518464809	1.0003466358628221	0.00031493439862078054
55645.74561862923	1.0002724162519936	0.00031491469177811907
55645.76605261073	1.000008853897636	0.0003147837224571163
55645.78648659233	1.000014374987835	0.0003148799699964343
55645.80692057418	1.0000157038912323	0.0003147714624826542
55645.82735455637	1.000095611402923	0.00031488997464658696
55645.847788538675	0.9998600729336942	0.00031481144646847587
55645.86822252122	0.9995122544626776	0.0003147325013495792
55645.88865650388	1.0004849868404524	0.00031479394075111726
55645.90909058688	1.0013409449533999	0.00031497605480112015
55645.94995855348	0.9994893618591876	0.0003147159750591425
55645.97039253718	1.000095807578766	0.00031475578467198885
55645.990826421	1.0006762126017281	0.00031485031460558565
55646.01126050517	1.0002825951644359	0.000314762601192342
55646.03169448946	1.0005246441440978	0.00031478493382752266
55646.05212837398	1.000093506175367	0.000314747583114684
55646.072562458736	1.0001492839340713	0.00031474580282688186
55646.09299644372	1.0000854123678928	0.00031474053966916167
55646.11343032882	0.9996911470799429	0.00031470884543884396
55646.13386441427	1.0001240749105098	0.00031474166034783344
55646.15429839995	1.000054714000555	0.00031473860327972366
55646.17473248576	1.0001906513555978	0.00031473887916941273
55646.19516637179	1.0003833954909873	0.0003147552427251788
55646.21560035817	1.0004284258891967	0.00031474348365959206
55646.23603444467	0.9998298921019462	0.0003147089488210305
55646.2564683314	0.9998734413677901	0.0003147122274232015
55646.276902318365	0.9995573849958814	0.00031468912069708394
55646.31777029288	0.9998823033456938	0.0003147076958355897
55646.33820438054	1.0002425782697433	0.00031473350533540046
55646.35863836832	1.0002881422288477	0.0003147385081480298
55646.379072356445	1.0006962378819158	0.0003147557726459835
55646.41994023317	0.9997845178491072	0.0003146803837896948
55646.440374221886	0.9996086256087637	0.00031467644468538233
55646.460808310825	0.9999095629545177	0.0003146956913994383
55646.481242300004	0.9997724224850818	0.00031467803702570963
55646.50167618941	1.0003703663964127	0.00031472342146411
55646.52211027894	1.0003511186311977	0.00031471247444410865
55646.542544268814	1.0000813091374308	0.00031469615351020774
55646.58341224914	0.9995603673275195	0.0003146595004502636
55646.64471422121	0.9994173875330561	0.0003146389694034968
55646.66514821237	1.0001251235616964	0.0003146738228972013
55646.70601619526	1.0003777557424338	0.0003146957192760321
55646.746884279084	0.9997237490202726	0.00031464885963822616
55646.76731817129	1.0001730132404083	0.00031468820094280057
55646.78775226373	0.9995795630729087	0.00031464378512972445
55646.828620149296	1.0000735875943543	0.0003146737178437114
55646.84905424243	0.9999462313805471	0.0003146663399306589
55646.869488235796	0.9999901285364989	0.00031472811854671505
55646.88992212928	1.0002912851519792	0.0003147203415188127
55646.910356223	0.9998111017623391	0.0003146395158363864
55646.93079021706	0.999714839819736	0.00031462622646776255
55646.95122431125	0.999764874263096	0.00031463783115941873
55646.97165820566	1.0000639920876764	0.0003146592623817205
55646.99209220031	0.9998377022317267	0.0003146466418175074
55647.01252619519	0.9997807114470143	0.0003146314788379667
55647.03296019019	0.999915659003341	0.00031465144528060063
55647.05339418553	1.0002651115745427	0.00031466095593130067
55647.09426217669	0.9994104620247795	0.00031460860282416317
55647.114696272736	0.9997527143411352	0.0003146298652463871
55647.1351302689	0.9995398432590369	0.0003146145166156922
55647.155564165296	0.9998846973429781	0.00031463281438142646
55647.1759982618	0.9995671622184955	0.00031461568047630315
55647.196432258665	0.999910062232032	0.00031464169017226477
55647.21686615575	1.0000322388442684	0.0003146488832412503
55647.237300252964	1.0000317765325994	0.0003146406812006444
55647.25773425041	0.9994586994068957	0.0003146237894196842
55647.31903624413	0.9993227566817205	0.0003145941978342968
55647.3394703425	0.9997983511759737	0.0003146169189469007
55647.35990424111	0.999594431553032	0.0003146044701128892
55647.38033823983	0.9999393971938753	0.00031463189483479996
55647.4007723389	0.9998768885672353	0.00031462740470035287
55647.42120623809	1.0002951266465474	0.00031465272678531553
55647.441640237514	0.9995815771651893	0.00031460045045011075
55647.46207433716	1.0000540659277986	0.00031463905474187333
55647.48250823705	0.9995046416745098	0.0003146039233950275
55647.502942337174	0.9997195668692155	0.00031461518939579166
55647.523376337405	0.9998692160469644	0.000314626409624139
55647.54381033788	1.000025485124377	0.00031463761301887236
55647.5642443387	1.0001506182287183	0.0003146389628104089
55647.58467833963	1.0002786102627774	0.00031465809601111024
55647.605112340796	1.0005429080941184	0.00031466769386992747
55647.6255463422	0.9999398044625941	0.00031464029321137015
55647.64598034383	1.0000374616856624	0.0003146445051940811
55647.66641434558	1.0005928516880012	0.00031469025307889997
55647.68684834768	0.9995940868541823	0.0003146156730342751
55647.70728234989	1.0000342614490667	0.0003146501835404485
55647.72771635234	1.0005588072825533	0.0003146774225756064
55647.74815035502	0.9988595955516812	0.00031456815465240984
55647.76858435793	0.9993902214999932	0.0003145998226310228
55647.78901846108	1.0001069827303282	0.0003146381494276314
55647.80945236446	0.9998015024092277	0.0003146200726271926
55647.82988636795	1.0001556869940307	0.00031474020380160237
55647.85032047168	0.9997835978500373	0.0003146158080009461
55647.870754375646	0.9999600768677488	0.0003146315583689794
55647.891188379836	0.9997335867595274	0.00031460848092253446
55647.911622484266	0.9999714737085132	0.0003146247612023709
55647.952490493815	0.9998547848523678	0.00031461858976245834
55647.97292449883	1.0004395159253356	0.00031465457794311127
55647.99335840419	0.9997948043433681	0.0003146118864246327
55648.01379250966	0.9999457215231006	0.0003146225834540678
55648.03422651537	0.9997609362448225	0.0003146034935307074
55648.05466042131	0.9997050730989461	0.0003145948011437162
55648.07509452736	0.999858485636775	0.0003146072249090018
55648.09552853377	0.9995576541255373	0.00031457797125129783
55648.11596264029	1.0000609786052679	0.00031461644766415237
55648.13639654716	1.0001292975560236	0.00031463167517937335
55648.17726466137	1.000500665100518	0.0003146541568927499
55648.19769856882	0.999902246627823	0.0003146254868469827
55648.218132576396	0.9999796012376312	0.00031462906321736756
55648.23856668431	0.9999305651310313	0.00031463154379567006
55648.25900069235	1.0001001304337114	0.0003146473140212332
55648.27943460062	0.9999577901855601	0.0003146274891022582
55648.29986870912	1.000048551757694	0.0003146362793880756
55648.32030261785	1.000471246601589	0.0003146634507066753
55648.34073672682	0.9999396076919822	0.0003146300600605316
55648.36117073602	0.9996194807486827	0.0003146055757212089
55648.402038755004	0.9994461825134074	0.0003145939572508041
55648.42247276478	0.9974341119881968	0.00031444861217629224
55648.4429066748	0.9962668297122738	0.0003143675016371466
55648.46334078505	0.9963342364563105	0.00031437004459571825
55648.48377479541	0.9959048027571228	0.00031434113595591763
55648.504208906124	0.9955588625807394	0.00031430944517959466
55648.524642816956	0.9952042738006233	0.00031429033392370466
55648.54507682801	0.9953073128988078	0.0003142904125257829
55648.56551093931	0.9955396975078743	0.00031430829221435597
55648.58594485084	0.9952620780631811	0.00031428562140681763
55648.6063788626	0.9947741677190871	0.00031426289454414356
55648.62681297448	0.9953023004196959	0.0003142935954724691
55648.64724688671	0.995406783833913	0.00031430207986000975
55648.667680899045	0.9950915959376908	0.00031427896713681137
55648.688115011624	0.9946680210615126	0.0003142360027034015
55648.708548924435	0.9946769730243892	0.000314236491998602
55648.72898303747	0.9953685487169628	0.00031427589289146897
55648.74941705063	0.9948503805948153	0.00031423973748339706
55648.76985106414	0.9952867748734058	0.0003142703527664452
55648.79028507776	0.9955073784005053	0.0003142826056186049
55648.81071909162	0.9947877906781121	0.00031422286022359165
55648.83115310571	0.9951794904192093	0.00031424848692780026
55648.85158711991	0.9944587219099928	0.00031419883163217514
55648.87202113447	0.9955084755391698	0.000314260216044919
55648.89245524914	0.9954648538651022	0.0003142601755486662
55648.91288926416	0.9964051543976797	0.0003143223917645563
55648.9333231793	0.9951774127966209	0.00031423244480834143
55648.95375729467	0.9951455750186385	0.0003142306680954707
55648.97419121015	0.995656769462015	0.0003142620227286694
55648.99462522599	0.9961131633728859	0.0003143030393580391
55649.01505934194	0.9975219441632289	0.00031439747404261593
55649.035493258125	0.9988046843761001	0.0003144831277901122
55649.055927274545	0.999627534768693	0.00031454040059483956
55649.096795308076	1.0005564163023855	0.00031461204022963774
55649.117229425196	0.9994530393930398	0.0003145366667912391
55649.13766344242	1.0005810305750615	0.0003145994096622531
55649.15809735989	1.0003823949315889	0.0003145968493596186
55649.17853147759	1.0006026794959622	0.0003146000733220294
55649.198965495525	1.0003428199280913	0.0003145936329382437
55649.21939941368	0.9994693046776011	0.00031453440104270474
55649.23983353197	0.9999613624169624	0.0003145599963372267
55649.260267550475	1.0002233724266962	0.0003145825156565316
55649.280701669224	1.0003065398317639	0.00031458489030323925
55649.301135588204	0.9999455779429464	0.0003145498128866555
55649.32156960742	1.0002254978688658	0.00031457476941837247
55649.36243764642	1.0002086651448363	0.00031457891453179267
55649.40330578624	0.9998149309048615	0.00031454736283257923
55649.4237398065	1.0006117507634573	0.0003147233762249152
55649.4646078476	0.9994911564789556	0.0003145324375005564
55649.48504186856	1.0002812145372528	0.00031457950744845825
55649.50547588963	0.9998430658397146	0.00031462003556465365
55649.52590991094	1.0000399389806998	0.00031461979040889576
55649.54634393248	1.0003935505360773	0.00031470421193342715
55649.56677795413	0.9996633125363373	0.00031453109520142476
55649.587211976024	0.9991696581255518	0.0003145524556674343
55649.64851404309	0.9993651665434159	0.0003146253344528273
55649.66894816591	1.0005619258633123	0.0003147079869383585
55649.68938208896	0.9998484451455822	0.0003146461943802893
55649.70981611213	0.9997512531299597	0.0003146427415053541
55649.73025023553	0.9999942131139187	0.0003146578494766972
55649.75068415917	1.0002735596178511	0.00031467570793091375
55649.77111818304	0.9998444874925038	0.0003146588667786003
55649.791552307026	0.9998023609332686	0.000314657121779411
55649.81198623124	0.9997195208686058	0.00031465205160037735
55649.85285438037	1.0000235370190191	0.00031465927424972277
55649.87328830529	1.0000539012105722	0.00031466395825516073
55649.89372243044	0.9995730012718728	0.0003146285464148864
55649.9345903812	1.0001882695235018	0.0003146785388719103
55649.95502450693	0.9994683440085435	0.0003146287521708198
55649.97545853289	0.9998356192704826	0.00031463876519944293
55649.99589255909	0.9995888530100607	0.0003146167171626403
55650.016326585406	1.0001629855681815	0.00031465892403432746
55650.036760611954	0.9998830987554993	0.0003146378032418956
55650.05719473873	0.9998988813279202	0.0003146455048569572
55650.07762866574	0.9998076956819679	0.00031462690209990945
55650.098062692865	0.9998867663960274	0.0003146295129325651
55650.118496820345	0.9997974636105628	0.0003146353787857117
55650.13893084794	1.000129532552438	0.0003146552761471225
55650.15936477577	0.9996177751152376	0.0003146250156416068
55650.179798903824	0.9997402444298703	0.0003146207057911021
55650.20023293212	1.0000140201436907	0.0003146350850235174
55650.22066686052	0.9997633593130208	0.00031462315198246615
55650.241100989166	0.9997068212393879	0.00031461850928671373
55650.26153491804	0.999754793856264	0.0003146284907513139
55650.30240307649	0.9998402130767867	0.00031463114518085725
55650.322837005944	0.9996094008341763	0.0003146158910204556
55650.34327113563	0.9998299396488288	0.000314632828854882
55650.36370516555	0.999596701057786	0.00031461615609351516
55650.38413909571	1.0001043726730383	0.00031464357294118606
55650.40457322598	1.0000789241284975	0.00031464139316984705
55650.4250072566	0.9996212498349988	0.0003146089801937568
55650.44544138734	0.9997289496050437	0.0003146301676640921
55650.4658753183	1.00012262644803	0.00031465497791178826
55650.48630934951	0.9994325580393574	0.0003146052908473078
55650.50674348083	0.9997101451528729	0.0003146285443144921
55650.52717741249	1.0001273925151095	0.00031465776380650267
55650.54761144428	1.0000631576306052	0.0003146418721013223
55650.5680455763	0.9999131397094576	0.00031462284034684704
55650.58847950843	0.9998927279338256	0.0003146416995362674
55650.60891354091	0.999597180924689	0.00031460925613067156
55650.629347673515	1.0001028680225614	0.00031464757622841436
55650.64978170634	0.9993967851903355	0.00031459815527466327
55650.67021573941	1.0002727071417377	0.0003146514374374226
55650.71108380612	1.0003930587765764	0.0003146659256770591
55650.73151783977	0.9999369932907932	0.00031463991180612065
55650.75195187365	1.0008576713143755	0.00031470585336161583
55650.77238590776	1.0000906621238672	0.00031465435587289516
55650.79281994211	0.9998547468909461	0.00031462985670661865
55650.81325397657	1.0003702353896489	0.0003146630226669845
55650.83368811126	1.000121075092327	0.00031465385402835815
55650.85412214619	1.0001795183122402	0.00031465972802560444
55650.874556081355	1.0004765651083916	0.00031467666665880906
55650.894990216744	0.9995708018191265	0.00031462507356256486
55650.915424152256	1.0004474717460399	0.0003146736163455122
55650.935858188	1.0004880314963513	0.0003146819435712724
55650.95629232397	1.0004648659180375	0.00031467461038299955
55650.976726260065	0.9995388300466603	0.0003146063396712373
55651.01759443306	1.0002509741792045	0.0003146594005065348
55651.038028369854	0.9998391001171805	0.00031462930694557396
55651.05846250687	0.999647603492445	0.00031462291364621107
55651.078896544015	1.000187986617476	0.000314663734401467
55651.09933048139	0.9995450102518151	0.00031461784711887787
55651.119764619114	0.9999364612789505	0.00031464771447708
55651.14019865683	0.9998474338981959	0.0003146340823946256
55651.160632694904	1.0002652033449748	0.0003146591587164795
55651.18106673309	0.9997785077207342	0.0003146230803304946
55651.201500771625	0.9996297233108231	0.00031460783091692723
55651.22193481028	1.0001294270024772	0.0003146569736683874
55651.24236884905	1.0003075562188068	0.0003146569898505235
55651.262802888166	0.9999426421128913	0.0003146355665989598
55651.283237027405	0.999561304852065	0.00031461906026150545
55651.30367106687	1.0001728832938226	0.00031465862853868014
55651.32410500657	0.9998721831402693	0.00031462893408516117
55651.34453914639	0.9996904584298856	0.00031462287514603477
55651.36497318655	1.000192954256132	0.0003146441115805892
55651.385407126836	0.9998651184381605	0.00031462726596399084
55651.42627530798	0.9996997478738353	0.00031460933137571277
55651.467143390066	0.9998077633622879	0.00031462414237065243
55651.50801147296	0.9995871048458022	0.00031460496911669825
55651.52844551464	1.0003612385560867	0.0003146684434705603
55651.54887945666	1.0002888014225346	0.00031467034367706464
55651.56931359881	1.0008675344209415	0.0003147013623766493
55651.589747641076	0.9994524938216944	0.00031460370779520596
55651.61018158369	0.999727332992937	0.0003146224071639698
55651.63061572641	1.0006241952177173	0.0003146711726950248
55651.651049769374	1.0000704337628052	0.0003146360074011899
55651.67148391262	0.9999821764085938	0.00031464014470078107
55651.69191785599	1.0000531843977056	0.00031463484965347865
55651.712351899536	1.0001186210625292	0.0003146325700566625
55651.732786043365	0.9998672562811937	0.0003146183917883897
55651.753219987375	1.0004313955774307	0.00031466482439784
55651.77365403156	1.0000860723382325	0.0003146350582259312
55651.79408817597	1.0002108119026079	0.00031463501868778674
55651.814522220564	1.0000292379201243	0.0003146211277802487
55651.83495626539	1.0003755181838425	0.00031466071641114024
55651.85539031038	1.0000474761618365	0.0003146258856426856
55651.875824355615	1.0004283280461144	0.0003146448383179495
55651.89625840108	1.000640291637632	0.00031466933842444396
55651.91669244671	0.9998487639272532	0.00031460924253036524
55651.93712649253	1.0002350031759188	0.00031462747147366176
55651.957560538576	1.0001708502686641	0.00031463629762239215
55651.97799458485	1.0005931457460484	0.00031465548129241424
55651.998428631305	0.999870618599312	0.00031459405438971253
55652.01886277793	1.0011219498819244	0.00031468801919822833
55652.03929672479	1.0003367864219361	0.0003146219201019538
55652.080164819155	1.0004780555639134	0.00031462426183635284
55652.10059886659	0.9998007365185666	0.00031458663947501266
55652.14146696217	0.9997933760792214	0.00031458789123074764
55652.18233515852	0.9993484304640019	0.00031455956961728174
55652.20276910701	1.000714201517327	0.000314647086503646
55652.22320325573	1.0002525772528783	0.0003146158033421112
55652.24363730463	1.0002527774037966	0.00031460314568082336
55652.264071253696	0.9995145702803712	0.0003145649348608864
55652.304939452544	0.999258937465521	0.00031454940981720286
55652.32537340226	0.9998832062215423	0.00031458131050832595
55652.34580755214	1.0000377715341418	0.0003146015672044884
55652.36624160226	1.0004294362127901	0.0003146181289507758
55652.38667565261	0.9997758718460411	0.0003145801988248775
55652.40710970314	0.999731975919965	0.0003145678455538014
55652.427543753845	0.9999960990800636	0.0003145811632483517
55652.447977904776	0.9992497829583574	0.0003145380290402679
55652.46841195589	1.000370983612454	0.0003146048732358534
55652.48884590723	0.9999059293534116	0.00031457682968862776
55652.5092800588	1.0005218454536895	0.0003146181661348507
55652.5297141105	0.9999562620427853	0.00031457518221014925
55652.55014806248	0.99999962663056	0.000314583720226322
55652.570582214634	1.00037857000156	0.0003146050983723741
55652.61145041953	0.9998036168495081	0.0003145586698826625
55652.63188437227	0.9996608258335621	0.00031456299777310866
55652.652318425244	0.99997993866468	0.0003145768749995787
55652.67275257839	1.0001310353714867	0.0003145842733254466
55652.69318653171	1.0002666234478443	0.0003145866972482928
55652.734054639055	0.9999271729238491	0.0003145662426964396
55652.75448869301	0.9999433269837129	0.00031457048803095264
55652.77492274721	1.0001476180022193	0.00031457866295376397
55652.79535680158	1.0004023299557168	0.00031458929921216063
55652.81579085612	1.000054539339979	0.0003145612410301521
55652.8362250109	0.999823821647935	0.00031455915152276174
55652.85665896591	1.0000184844656348	0.00031456154870688314
55652.87709302103	0.9998097691720567	0.0003145443466739855