56129.41234433863	1.0001950623381752	0.0003297601891013588
56129.4532126547	0.9995703563804411	0.0003297243131903971
56129.473646762504	1.000130046269461	0.00032976067865641195
56129.51451497764	0.9999723731174023	0.00032974403655154183
56129.555383192084	0.9999795582534726	0.00032974339041256617
56129.57581729896	1.000258085960845	0.00032976517930794266
56129.596251405834	1.0003788568948468	0.0003297719664439493
56129.616685612236	1.000044044296855	0.0003297481754617094
56129.65755372505	1.0001218691776466	0.0003297460384057355
56129.67798793099	1.0002332671320937	0.0003297546926726186
56129.69842193693	1.0000606136810544	0.00032975523216283994
56129.718856042644	0.9995407275510971	0.00032971163434149085
56129.73929024835	1.0001373010335926	0.0003297462370299677
56129.75972425359	1.00043597876023	0.0003297612735026198
56129.78015845883	0.9999403068687699	0.00032973223702694083
56129.80059256384	0.9997981148216933	0.00032972312152484984
56129.821026568854	0.999507123000851	0.00032971849286560066
56129.841460773394	1.0010849421755648	0.00032981291306536704
56129.86189487794	1.0002379358573794	0.0003297545571007011
56129.882328982254	0.9993549444452722	0.0003296940009249066
56129.90276308656	0.9997904169182855	0.0003297150998305295
56129.92319719041	1.000085819624896	0.00032974247416955833
56129.943631294256	1.0000489110558448	0.00032973142086503097
56129.964065397864	1.0007859424085468	0.0003297758326228296
56129.98449950148	0.9997239313373948	0.00032971642778878836
56130.00493360463	0.9999283907843313	0.0003297198851044657
56130.02536770777	0.9984667928580385	0.00032950873365577936
56130.04580181069	0.9969289658957159	0.0003294090799432841
56130.066235913604	0.9967318507938853	0.00032939336450770883
56130.08667001605	0.9960256779505906	0.00032935814863717833
56130.1071041185	0.9962078594016557	0.0003293603865270903
56130.12753832095	0.9956650388220203	0.00032933649371067586
56130.14797232293	0.9954076646787917	0.00032930232211630267
56130.16840642491	0.9953847640529023	0.0003293062710286173
56130.18884062643	0.995074579196472	0.00032927860228432784
56130.20927462818	0.9958985514427705	0.00032933915605710376
56130.229708729465	0.9953283440888359	0.000329291710626434
56130.25014293075	0.9954310895007196	0.0003293064067937117
56130.2705769318	0.9951059322146079	0.00032928671026940284
56130.29101113262	0.9947046105761201	0.0003292587654118869
56130.31144523321	0.9951804548678622	0.00032927298593683166
56130.33187923379	0.9948929961199702	0.00032925317626452343
56130.352313434145	0.9952693860072612	0.00032929221991941256
56130.37274753427	0.9954274254678313	0.00032928992920165185
56130.39318153415	0.9951582833634736	0.00032928200950249387
56130.41361573404	0.9947828815297415	0.00032925182946435096
56130.4340498337	0.9955011905299802	0.0003292978003641921
56130.454483933114	0.9950854723948245	0.0003292712335620234
56130.47491803254	0.9957613968753208	0.00032931107816616114
56130.4953521315	0.9949286615218881	0.0003292577725904837
56130.51578623045	0.9957190386131397	0.0003293137013607976
56130.53622032917	0.9954820229370337	0.0003292934310312318
56130.5566544279	0.9958575410347804	0.0003293101704456666
56130.59752272441	0.9958229550171328	0.0003293192386230257
56130.63839092046	0.9973395625130514	0.00032941672619644084
56130.65882501802	0.9994280113648573	0.00032955248306300273
56130.67925901558	0.9996831912616113	0.00032957369961662033
56130.699693212904	0.999594121424707	0.0003295660772606116
56130.72012721023	0.9997018758514816	0.000329570237422098
56130.740561307095	0.999874645276302	0.0003295821341598047
56130.76099550395	0.9999646529129012	0.0003295930938732792
56130.78142950058	1.000461219029806	0.00032962494928445756
56130.80186369721	0.9997186606051517	0.0003295774376849155
56130.82229779337	0.9994465437469523	0.0003295562802432236
56130.84273178953	0.9998428155356905	0.00032956599780101996
56130.86316598546	0.9995760238089934	0.00032954754479429027
56130.88360008116	1.0000269427664183	0.0003296000607581258
56130.904034076855	1.0000480295821095	0.00032957975531805315
56130.92446827232	0.99958300676572	0.00032955101109503784
56130.96533646255	0.999855993208413	0.0003295606086350892
56130.98577055754	1.0005350827300337	0.0003296100288539984
56131.006204652076	1.000108321213761	0.0003295797165065894
56131.02663874661	1.0002425389789427	0.0003295925350966875
56131.047072841146	0.9995530396805707	0.0003295379573473
56131.06750693521	0.9996656829935963	0.0003295622452409764
56131.08794112928	1.0002180006353822	0.0003295950283266699
56131.108375223106	1.000429220367288	0.0003295902241912554
56131.12880921671	1.0001089291143683	0.0003295763569877643
56131.14924341031	0.9999030470525264	0.0003295645835609952
56131.16967750344	1.000324127494722	0.0003295945413829293
56131.19011149658	1.0001983016590383	0.0003295707171231136
56131.210545689486	0.9999235804946377	0.0003295651396249829
56131.25141377482	1.0001494931447736	0.0003295761913213783
56131.29228205946	0.9997797558201574	0.000329546258000232
56131.31271625167	1.0004483632018728	0.00032958933001235016
56131.33315024341	1.0004856978982388	0.00032959772633696735
56131.35358433514	0.9996484889860242	0.00032953556582219356
56131.37401842665	0.9998198856392314	0.00032954174810757234
56131.39445251816	0.9998504807626665	0.00032954030130677355
56131.4148865092	0.999499129129637	0.00032951323529903934
56131.435320700235	0.9995240480636833	0.0003295298639476359
56131.455754791044	0.9998124662879031	0.0003295286868965488
56131.476188881614	1.000351251353108	0.0003295723819181286
56131.49662297219	0.9998331335728174	0.00032953638162571607
56131.5170570623	0.9997461375391389	0.00032952523387342567
56131.537491152405	1.0000081502928286	0.0003295447503865618
56131.557925242516	0.9999738813287747	0.0003295539909734375
56131.57835933216	1.0002962816476533	0.000329555737595297
56131.5987935218	0.9999417490919307	0.00032953860765051876
56131.61922751121	1.0002163877599213	0.0003295515382812053
56131.63966160039	0.9999054306336855	0.00032953592714712946
56131.66009578933	1.0002840993426356	0.00032956378837101534
56131.68052987828	1.0001914273969639	0.0003295509448877671
56131.70096386699	1.0005491573182745	0.0003295789619198238
56131.721398055466	0.9999464066176175	0.0003295320564839566
56131.741832143714	1.0001380828940367	0.0003295367835569369
56131.76226613196	0.9994882210275595	0.0003294965207908556
56131.78270031974	0.9999252825242618	0.000329534387001779
56131.80313440752	0.9995597690575196	0.00032951019731866134
56131.8235683953	0.999972202830402	0.0003295357159448738
56131.84400258261	0.9997994212879637	0.0003295235897616613
56131.86443666993	1.0003191419627924	0.00032955129365885274
56131.884870857015	1.0001250724544835	0.00032954067186582835
56131.90530484386	0.999699889533932	0.00032951380754553
56131.94617311709	1.0000617261624642	0.00032953310342404376
56131.96660710347	0.9994009669687709	0.0003294809214943371
56131.987041189626	0.9998778163496365	0.0003295172462515133
56132.007475275546	1.0003778645778618	0.0003295404718437421
56132.02790936146	1.0006994498710142	0.0003295615188245914
56132.048343447146	0.999658227066013	0.0003295013905064887
56132.06877753259	1.0002003468629794	0.0003295277947228572
56132.089211617815	1.000282024248215	0.0003295476210190753
56132.109645802804	0.9999852200633057	0.00032951931038547526
56132.130079887786	0.999767321655647	0.0003295110947464026
56132.170948057064	0.9999297549960554	0.0003295121541779912
56132.19138214158	1.0000719563455527	0.0003295167957278229
56132.21181612564	1.0000381888869345	0.0003295156828210081
56132.232250309695	0.9996949899085215	0.00032949308494211084
56132.25268439351	1.0001943018241517	0.0003295257391533383
56132.2731183771	1.0001477626129127	0.0003295182332967779
56132.293552560695	0.9995526125673523	0.0003294843896154003
56132.31398664405	1.0000440424608281	0.0003295139143890947
56132.33442062717	0.9998439629763747	0.00032949675203149435
56132.354854810066	1.0000551961166761	0.00032952819927879284
56132.37528889272	1.0001580835821222	0.000329515826269155
56132.39572307538	1.0004166381211896	0.0003295296629265695
56132.436591139995	0.9996466170880683	0.00032948644159132485
56132.45702532196	1.0000248642889564	0.00032949978153921445
56132.47745930392	0.9991631788814379	0.0003294408442081696
56132.49789338564	0.9999083786239134	0.0003294840897069414
56132.51832756714	0.9997327856850945	0.00032947888321927313
56132.5387615484	1.0001403276833738	0.0003295056820777096
56132.55919562942	0.9998187220871885	0.0003294860232168372
56132.579629810454	0.999902946370104	0.0003294879116701023
56132.60006389125	0.9992744928332977	0.0003294562060280766
56132.62049797181	0.999932263410468	0.00032947691004893274
56132.64093205214	1.0000062695528373	0.00032949151946482045
56132.66136613247	1.0003587437909636	0.0003295168205286656
56132.681800212566	0.9998318960286439	0.0003294832352402887
56132.70223429243	1.0002863893329943	0.00032950073196160915
56132.722668372066	0.9999356359185788	0.0003294730852777789
56132.74310245169	1.0005471993438546	0.00032952040055339154
56132.76353653086	0.9997580737052006	0.0003294629780715231
56132.78397051003	0.9998013588956145	0.00032945479230252775
56132.804404688955	0.9996743042851883	0.00032946210811466467
56132.82483876789	0.9999216977637898	0.00032946005914768036
56132.84527274636	0.9993916789492466	0.00032943316543691527
56132.86570692482	0.9997098027911038	0.0003294591821380486
56132.88614100306	1.0000455887501298	0.00032947707553487605
56132.92700915906	1.0001952221824135	0.0003294773050975199
56132.9474432366	1.0000569609096612	0.00032947706516352795
56132.967877414136	0.9999757387064487	0.00032947214301585673
56132.98831139143	0.9997523490634121	0.00032945143628205863
56133.02917964557	1.000247751000665	0.00032948554067681936
56133.04961362241	0.9996485873787906	0.00032943589013756033
56133.07004769902	1.000065799902245	0.0003294594723666139
56133.09048187539	0.9998451106914913	0.000329454954800071
56133.11091595176	0.9997519032072082	0.00032943400042173847
56133.131349927666	1.0003506448423356	0.00032949010121402825
56133.15178410357	1.0000221291502525	0.00032945537038615993
56133.21308633013	1.0002629165693027	0.0003294791247774674
56133.23352040533	0.9998926956303543	0.0003294499774942104
56133.25395448031	0.9997030152782174	0.00032943728809274435
56133.294822629556	1.0000119647669892	0.0003294387948911975
56133.31525680407	1.0003312594937215	0.0003294674548919058
56133.335690778345	1.0005743653321388	0.0003294795296481108
56133.356124852384	1.000017377773414	0.0003294510925343646
56133.39699299977	1.0002279294532879	0.00032946067875195927
56133.4378611467	0.9999699512703625	0.0003294339957048653
56133.45829521981	1.0001914878878595	0.0003294524118410028
56133.478729392686	1.0000362189394287	0.00032943269346998456
56133.499163365566	0.9998534290484379	0.00032942873684576213
56133.51959743821	0.9996289317790755	0.00032940872085188085
56133.56046558281	1.0000688769122985	0.0003294344443915339
56133.58089965476	0.9999655349133796	0.0003294234512965251
56133.6013338267	1.0002279924151958	0.0003294368519603577
56133.62176779842	0.9998781970474502	0.0003294216243168873
56133.642201869894	1.0005101716817293	0.00032946337630760205
56133.66263604115	0.9995320318895181	0.0003293915169937774
56133.683070112165	1.0007410625064417	0.00032947807593416566
56133.70350418318	1.0003740350154808	0.00032945149235415406
56133.72393825396	1.0003005921473251	0.00032944686200183195
56133.744372324516	0.99976230921831	0.0003294147746315127
56133.76480639483	0.9997901221680335	0.00032953183879003617
56133.78524046515	1.0002914601854629	0.00032949808448168874
56133.80567453524	0.9996774323816566	0.0003295152221644342
56133.846542674706	1.0005696599131206	0.00032956297347634797
56133.866976744095	0.9999967067346746	0.0003295117358489025
56133.88741091348	1.0000235248330174	0.0003295199362367379
56133.94871312001	1.0005659954531587	0.0003295454590218611
56133.9691470887	0.9996943128416023	0.00032948819390642945
56133.98958125692	0.999612047176349	0.000329492351420966
56134.01001532514	1.0002137208022734	0.00032951874417657713
56134.03044929313	1.0003424571500634	0.00032953203674259996
56134.05088346089	0.9992791870057475	0.00032946748161425847
56134.071317528644	1.0004271176435935	0.0003295302869785236
56134.09175149617	1.0001733194054423	0.00032950878370046347
56134.11218566323	0.9997215383502753	0.0003294981745744069
56134.132619730284	0.9992452927160165	0.00032947487725973297
56134.153053697344	1.000281355854004	0.00032951884412926453
56134.17348786394	1.000073414829585	0.0003295130649811
56134.19392193053	0.999703345838695	0.0003294832430079017
56134.21435589689	0.9998615830341675	0.000329494577725915
56134.23479006302	0.9999544992773021	0.00032949110374583945
56134.275658194805	1.000303378148154	0.0003295146663968892
56134.296092260236	0.9997823250982812	0.000329485490489059
56134.31652632566	0.9998570133242977	0.00032948376128084223
56134.33696049086	0.9998865243666819	0.00032948061366792436
56134.357394456056	1.0000933360750681	0.00032949160761835256
56134.37782852078	0.9999876012860819	0.00032948403459676193
56134.398262685514	1.000333980560253	0.0003295031132625512
56134.41869665001	0.9998600322553223	0.00032947632111479284
56134.43913071427	0.9998184817451758	0.0003294744147016508
56134.45956487831	1.0005046995473326	0.00032951148523008994
56134.47999884234	1.0004481117775763	0.0003295008060751384
56134.500432906134	1.000097427264035	0.0003294957862736492