55885.393194733784	1.000447532992351	0.0003161290874524802
55885.41362757837	0.9999781789045524	0.00031609306248929763
55885.43406052283	0.9994301496174829	0.00031605098037167334
55885.45449326718	1.0002605522107164	0.0003161214327783652
55885.47492621153	0.9995936705492611	0.0003160690234940567
55885.495359055756	1.0002275223325525	0.0003161162954568419
55885.51579189999	1.0006647606294492	0.0003161416619684848
55885.53622474411	0.999390115230122	0.00031605193934782687
55885.55665758822	0.9999381116415417	0.00031608978405442753
55885.57709043222	1.0005547968964816	0.00031614871137258734
55885.59752327622	1.0001903890106192	0.0003161204920414644
55885.6179561201	1.0003363295822043	0.00031612027404240235
55885.638388963984	0.9997888742221308	0.00031608529266494704
55885.65882180775	0.9996795696694626	0.0003160799236092769
55885.67925465151	1.0000012824376039	0.00031611083746761173
55885.699687495166	0.9998933075468915	0.0003161031887229012
55885.7201203387	1.0000857383212616	0.00031609144462700807
55885.74055318223	0.9997005031205283	0.000316087766643015
55885.760986125766	1.0003194628886174	0.00031612623889094887
55885.781418869185	1.0001645645473705	0.00031612333044536516
55885.80185171248	0.9999654577422704	0.0003161049415210061
55885.822284655784	0.9998852694453721	0.00031608918633862685
55885.84271739908	1.0004799921550567	0.0003161486544304945
55885.863150342266	1.0009742467624798	0.0003161833518683073
55885.883583185336	1.0000002611458114	0.00031609810746629314
55885.904015928405	0.999663977148063	0.0003160794496420839
55885.92444887135	0.9993231838331925	0.0003160440963117411
55885.944881714306	0.9998896686178452	0.00031609310811245967
55885.96531445725	1.0001006179090302	0.000316107917906661
55885.98574740009	1.0001467289046886	0.0003161094684343336
55886.02661298553	1.0002382676108226	0.0003161091556409673
55886.04704592813	1.0000370718017808	0.0003160925596330894
55886.06747877073	0.9996729649492215	0.00031605563923363405
55886.08791171321	0.9999460670677759	0.0003160872120709818
55886.1083444557	1.0001308034427707	0.0003161057365926902
55886.12877729807	0.9997491130907119	0.0003160681045178232
55886.14921024044	0.9999940691165301	0.00031608098971569183
55886.16964298281	0.999802172465108	0.000316077027849861
55886.210508767195	1.0000689957498143	0.00031610976252183714
55886.23094160922	0.9997249186568883	0.0003160734792665515
55886.251374351355	0.9998953271771441	0.0003160840812075537
55886.271807293255	1.0004869074297884	0.00031612446853458373
55886.29224013528	0.9999281205373538	0.00031609504897459555
55886.31267297718	1.0000051300360955	0.0003160910575702356
55886.333105818965	1.0001166265157315	0.00031609834336157025
55886.353538560754	1.0004460711523009	0.00031613443598889297
55886.37397150243	0.9997753817480265	0.00031607488611335946
55886.39440434409	1.0004549099298432	0.00031612571858581455
55886.41483708565	1.0001143173314413	0.0003160969098992762
55886.43527002721	0.9999216043339175	0.0003160819067930096
55886.455702868756	0.9999981958394157	0.000316087426229034
55886.47613581008	1.0000708809015817	0.00031609729417910766
55886.49656855152	0.9997682173783546	0.00031607020768370465
55886.51700139284	0.9995136834973497	0.0003160481085476317
55886.537434334045	0.9993565182298315	0.00031603945852777266
55886.55786707525	1.0000241363076106	0.0003160797283296897
55886.57829991645	1.0000029032126208	0.00031608560383567755
55886.59873285743	0.9998293463479135	0.00031605845667824115
55886.61916559852	1.0002691914608586	0.0003160947222528051
55886.639598439484	0.9998086436303428	0.0003160586009389759
55886.66003138034	1.0003545081897818	0.0003161064872012994
55886.6804641212	1.0001906442040724	0.00031609624140035254
55886.70089706205	1.0002634951721114	0.000316105056439752
55886.72132990279	0.9999765019433122	0.0003160771806135221
55886.741762743535	0.9997663323574741	0.0003160788747595792
55886.76219558415	0.9995104584704153	0.00031603692478238805
55886.78262842466	0.9997458334568418	0.00031604792754732515
55886.80306126528	0.9999004478778198	0.00031606727747833394
55886.82349410567	1.0004861524586532	0.0003161051241584518
55886.843926946065	0.9997919880951769	0.00031605431116655326
55886.86435978646	0.9997009971951424	0.00031603667872511074
55886.88479272673	0.9994888705462636	0.00031601445825480085
55886.905225467	0.9994360240723765	0.0003160155082801772
55886.925658407155	0.9998169690008674	0.00031602882735424955
55886.946091247315	0.999858347429728	0.0003160379975411404
55886.966523987474	0.9997507964516866	0.00031603343627092717
55886.98695692751	0.9998683229241269	0.00031603488395191446
55887.00738966744	0.9998814534479169	0.00031602954771316096
55887.02782250736	0.999740724260663	0.00031600331270311755
55887.04825544717	0.9992891358213458	0.0003159743975831164
55887.06868818698	0.999821280371483	0.00031600316684132903
55887.08912112679	0.999798894021952	0.00031600437933580294
55887.109553966475	0.9998839293669887	0.00031600953998269914
55887.12998670617	1.000470436788537	0.000316045014818162
55887.150419645746	1.0006986984766237	0.0003160682681830673
55887.17085248532	0.9998339237382347	0.00031599196102510753
55887.19128522478	0.9999861401834206	0.00031600139224304365
55887.21171816424	0.9998126301267883	0.00031597725734120775
55887.232151003576	0.9998449159615022	0.0003159835175611051
55887.25258374292	1.0000520890792173	0.00031599693049768707
55887.27301668215	1.0000461721026244	0.0003159835018227476
55887.29344952137	1.0002742420769966	0.000316007421844382
55887.3138824606	1.0000016977278567	0.000315988906239928
55887.33431519971	1.000032118300149	0.0003159834948496782
55887.3547480387	1.0002223713025555	0.0003159986744748486
55887.37518097781	0.999824258084078	0.00031596127406891374
55887.39561381669	1.0004922695489098	0.0003160191093512138
55887.41604655556	0.9997738003189256	0.00031595258983269374
55887.43647949444	1.0001985397711646	0.00031597387474827874
55887.456912333204	1.0001047822988405	0.0003159703944244071
55887.47734507196	0.9994295461930652	0.000315923179089033
55887.49777801072	1.0002851860539024	0.00031598185319352116
55887.51821084937	0.9999908654814337	0.00031596719810518385
55887.53864368789	0.9998086765527042	0.00031593201769749245
55887.55907652642	1.0001559284508652	0.00031596981767293493
55887.57950936495	1.0003393520093873	0.00031596492899754725
55887.59994220336	1.0005187864823828	0.0003159827997688686
55887.62037504177	1.0001206054863503	0.00031595248878947817
55887.640807780066	1.0002450056294527	0.00031595971062156836
55887.66124071836	0.9997667586577221	0.0003159248764656912
55887.702106494835	1.00105538670978	0.00031601565048356854
55887.72253923289	0.999839862808609	0.0003159142447628484
55887.742972070955	1.000087221846667	0.0003159363846475556
55887.76340500901	1.0003869792727442	0.00031595416981517436
55887.78383774696	1.000531376395089	0.00031596637443951763
55887.80427058491	1.0003878332851104	0.0003159476763970178
55887.82470352274	1.0001098855324968	0.0003159266958842937
55887.84513626056	0.9996563696800771	0.00031587604086993394
55887.865569098394	0.9998337690852336	0.00031589615586472344
55887.8860020361	1.0001208238889956	0.0003159136224189401
55887.9064348737	0.9992469231580159	0.0003158617373614436
55887.926867711416	1.0005185035677102	0.00031594218047209207
55887.9473005489	0.9998270648697819	0.000315896013924302
55887.96773338649	0.9999309472824911	0.00031589167200236066
55887.98816622397	0.9999644561935969	0.00031589479604355605
55888.00859906133	1.0000665373747657	0.0003158932276472948
55888.029031898695	0.9996549089934923	0.00031585472800236614
55888.04946473606	0.9999302059910226	0.0003158909523300321
55888.06989757331	1.0000748594075426	0.00031589471273513127
55888.09033041055	0.999992532822497	0.00031588462567281103
55888.110763347686	1.0003067362419698	0.000315918416177983
55888.13119608481	0.9999617103185929	0.00031588487138980146
55888.15162902183	1.0003798565820743	0.00031591200384082355
55888.172061858844	1.0000930845896807	0.0003159047009048279
55888.19249459586	1.000133091205931	0.0003158843329803435
55888.21292753275	1.0001859413768042	0.00031588517546276965
55888.23336036965	1.0006811619121445	0.0003159290348116586
55888.253793106545	0.9997193693020875	0.00031585425210187075
55888.27422604333	1.0006127922796821	0.00031591882846406384
55888.294658779996	0.999959657202976	0.00031587125352293784
55888.31509171666	1.000120206664666	0.00031587501532912346
55888.335524553324	1.0000615326742492	0.0003158625301048787
55888.355957289874	1.000033780852324	0.0003158704197821695
55888.37639022642	1.0001630544774736	0.00031588202947215933
55888.39682306297	1.000428333349166	0.0003158913089993822
55888.4172557994	0.9997852192259469	0.00031584112300989256
55888.43768873583	1.000375369428358	0.0003158789961191736
55888.45812157215	1.0000869910944328	0.0003158601909920558
55888.478554408466	0.9996701677856826	0.0003158207793823224
55888.49898724466	0.9998676338844452	0.0003158294944558631
55888.51942008086	1.0003080921367031	0.0003158597308928637
55888.539853017064	1.0000812498116751	0.0003158428844636961
55888.56028575314	0.999362732345484	0.0003157864951665939
55888.580718589226	1.000152285770068	0.00031584726472826927
55888.642017097125	1.0000563952380812	0.000315830934585676
55888.66245003298	0.9998423889708087	0.0003158195001469025
55888.68288286882	0.9997516515129531	0.00031581039595171133
55888.70331570456	1.000017090607156	0.00031582664250240366
55888.72374854029	0.9999211084312696	0.0003158133953000585
55888.74418137602	1.0003261685089981	0.0003158457807010018
55888.76461431164	0.999787630113574	0.0003158154008471719
55888.78504704726	0.9999130707446092	0.0003158105392176612
55888.80547988276	0.9995565961081978	0.0003157838430731762
55888.82591271826	0.9994278202734526	0.000315764819513109
55888.84634555376	1.0004516022959522	0.0003158539343956236
55888.86677838914	1.000025351460106	0.0003158147239237295
55888.88721122453	0.9997433021073943	0.00031578749264010324
55888.90764405992	1.0003174200198846	0.000315836050968683
55888.92807699518	0.9994927647558134	0.0003157676777868629
55888.94850973033	0.9998345260326792	0.0003157992823123563
55888.968942565596	0.9994522827022273	0.00031577209978051217
55888.98937550075	0.9997456707691347	0.0003157814585903095
55889.00980823579	0.9999534668195601	0.0003157971373909373
55889.030241070825	1.0002576170546276	0.00031582444485257354
55889.050674005855	0.9995842922799104	0.0003157778933095077
55889.071106740776	1.0001862119325446	0.00031581969564697086
55889.11197251061	1.0004220766840457	0.0003158313304733414
55889.15283818021	1.0000969856560176	0.0003158054294671359
55889.19370384959	0.9997455051496928	0.00031577835013624314
55889.21413668427	0.9996711854266602	0.00031577032490887785
55889.23456951884	0.998697891431434	0.0003156866722127582
55889.25500235341	0.997262202086892	0.00031557858241120483
55889.27543528798	0.9963284456859716	0.0003154980005366662
55889.29586802243	0.9959884519813788	0.0003154699949681846
55889.31630095689	0.995229118629409	0.00031540765220774953
55889.33673379122	0.9955367357230663	0.00031541693706589575
55889.35716652556	0.9953001468588992	0.000315410602596829
55889.3775994599	0.9954388465243499	0.0003154146086333218
55889.418465028335	0.9945737234826961	0.00031533983390553294
55889.43889796256	0.9949795153968797	0.0003153744478199345
55889.45933079666	0.9950987969102959	0.00031538081378685743
55889.47976353076	0.9946614822471432	0.00031534189453112616
55889.50019646475	0.9946392356702659	0.0003153450681693348
55889.520629298735	0.9950363474018016	0.0003153701371442399
55889.541062132725	0.9945445539989929	0.00031533693463059415
55889.5614949666	0.99465825095076	0.0003153370948329769
55889.58192770058	0.9950787766768278	0.000315380055060993
55889.60236063434	0.994732005379005	0.000315344484664556
55889.622793468094	0.9957306094960503	0.0003154190355211957
55889.64322630184	0.9954499309977046	0.0003153901811473486
55889.6636591356	0.9951473553964232	0.0003153762672162308
55889.68409196924	0.9951989525780571	0.00031537598851617875
55889.704524902874	0.995117325362445	0.00031537280936513217
55889.7249576364	0.9952668442106957	0.0003153795014666455
55889.74539046992	0.9948221710544602	0.0003153343635313634
55889.76582340344	0.9955447413650914	0.00031539408343914886
55889.78625623696	0.9959571941743316	0.00031542555074001933
55889.80668897037	0.9956179089974362	0.000315412668458946
55889.827121903654	0.9967357290211328	0.0003154856484661788
55889.84755473706	0.9978220918383036	0.00031558600462218347
55889.86798747035	0.999110141183771	0.00031567742833908246
55889.90885323681	0.9995586879189866	0.0003157184921285572
55889.92928616998	0.9991675020625574	0.00031567456282467814
55889.94971890304	0.9997403689350682	0.00031571931859006064
55889.970151736095	1.000016820398878	0.0003157388470059329
55889.99058466915	0.9998966435470265	0.00031573576623629364
55890.011017402205	1.00002096667265	0.00031574043993648124
55890.03145023515	0.9997679217665189	0.0003157198233415291
55890.05188316808	0.9999203415004059	0.000315731619347952
55890.09274873385	0.9997563224314004	0.00031571770060157266
55890.11318166655	0.9997662705272714	0.0003157221578693333
55890.133614399376	0.999535912529915	0.000315691880804937
55890.154047332086	0.9998753944498536	0.00031572304147473246
55890.17448006479	0.9994314524779372	0.00031568737094870685
55890.19491289738	1.0000871751395652	0.0003157419404574868
55890.21534582997	0.9999743559863513	0.0003157265441659962
55890.235778562565	0.9994465905072959	0.00031568589839149147
55890.25621139515	0.9996485813575187	0.0003157010002946629
55890.27664432763	0.9995758985038231	0.0003156957298999191
55890.297077060095	1.0006622125847002	0.0003157801565548771
55890.317509992456	0.9997910708792962	0.0003157060317769423
55890.337942824815	1.0002205468509495	0.0003157337611609252
55890.35837565717	1.0000862969264777	0.00031572655818232285
55890.37880848953	0.9992778130758174	0.00031567125542010635
55890.39924132177	0.9998128974140434	0.0003157078204159278
55890.41967415389	1.0001073642695069	0.0003157348893781061
55890.440106986134	0.9999668445669904	0.00031571614207098037
55890.46053981826	1.0004723542152938	0.0003157486925187083
55890.48097265038	1.0002709353103607	0.0003157415371790503
55890.50140558239	1.0000103857961664	0.00031572560199178974
55890.5218383144	0.9998427481347518	0.0003157052469470705
55890.542271246406	1.0001601792903103	0.0003157426651179974
55890.56270407842	1.000295077491904	0.0003157403776450813
55890.58313681031	1.000490184457075	0.00031576069691101533
55890.6035697422	1.0000614359359954	0.0003157193837091207
55890.624002573975	1.000097622821405	0.00031572816534385925
55890.64443530587	1.0000827127610192	0.00031572628905069284
55890.66486823764	1.0002082867978837	0.00031573675566351126
55890.6853010693	0.9999295961452377	0.00031570764413703893
55890.70573380096	1.0001153573440469	0.00031574033777472503
55890.72616673262	1.0007279353401077	0.00031576181618111316
55890.74659956428	1.0000556833520182	0.00031572264899875653
55890.76703239582	0.9999365896083361	0.0003157179576811965
55890.78746522736	1.0001117647339308	0.00031572289556929016
55890.807898058905	0.9997962768366954	0.0003157027349607303
55890.828330890334	0.9997744202393465	0.0003156973349068254
55890.84876372187	1.000167361026496	0.0003157399666997659
55890.86919655318	1.0002219944216635	0.00031574354506525384
55890.88962938461	1.0004555317805028	0.0003157506736744324
55890.91006221592	1.0000287898086286	0.00031572178003577787
55890.93049514723	1.000307627777335	0.0003157526284921855
55890.950927878424	1.0002109261793541	0.0003157470328278288
55890.97136070961	0.9999458553845099	0.0003157177859973434
55890.99179364081	0.9995271338529995	0.0003156876335770603
55891.012226472	0.9999853540060607	0.0003157285354990271
55891.053092134156	0.99976451551156	0.00031571230303277097
55891.07352496523	0.9998922518636818	0.00031571986479323074
55891.09395769619	0.999979704478975	0.00031573080829569217
55891.11439062715	0.9999376891692442	0.0003157272250038617
55891.13482345811	1.00008737869867	0.0003157386226153877
55891.15525638907	0.9999389381241237	0.000315730910650049
55891.19612195076	1.000610258489537	0.00031577674535093774
55891.21655488149	1.0001799371445577	0.00031574917522909045
55891.236987612334	1.0000847590072748	0.00031574178817853787
55891.25742044306	1.0001196250180588	0.0003157405580898411
55891.27785337367	0.9997496735426004	0.0003157226837743189
55891.2982861044	0.9997937035133145	0.00031572767299877874
55891.31871903501	0.9995640248478426	0.00031570416368194835
55891.33915186562	0.9999829385851413	0.00031573553113902305
55891.35958459612	1.000404045036114	0.00031577160664763405
55891.38001752661	0.99994036640985	0.0003157427620200179
55891.400450357105	0.9998914607310427	0.0003157354115537386
55891.4208831876	0.9996229425179997	0.0003157156002642548
55891.44131601809	1.0001153461950874	0.0003157564165915509
55891.46174884847	1.0000423034962131	0.0003157570541619043
55891.48218167874	1.0002238830536578	0.0003157708872839561
55891.50261450911	0.9998291956305454	0.00031574247279196133
55891.523047339375	1.0001110969128921	0.00031576501095598885
55891.54348016964	1.0001938278598097	0.00031578159476607266
55891.563912999896	0.9995411769434586	0.00031572431456659687
55891.584345830044	0.9994962165137128	0.00031572727059398057
55891.60477866019	1.0003252214788447	0.0003158032234849724
55891.62521149033	0.9999262285009584	0.00031576341722888755
55891.64564432048	1.0001832942239237	0.0003157930750716431
55891.66607725051	1.0002261889460915	0.0003157961879731621
55891.686509980536	0.9997315542318925	0.00031576211897342045
55891.70694291057	1.0001327994288183	0.0003157834000519604
55891.72737574048	1.0005573079411052	0.00031580686333353744
55891.74780847039	1.0001274105687856	0.0003157774713146922
55891.76824140031	0.9994388258431447	0.00031573176406143216
55891.78867423022	1.0001448990725013	0.00031578419946024807
55891.82953988981	1.0000364079165627	0.00031577411466796127
55891.8499727196	0.9996758710999101	0.00031576274885760606
55891.8704054494	1.000342279837812	0.0003157986562255381
55891.890838379084	1.0003717038278557	0.0003158115878996798
55891.911271208766	0.9998428230502341	0.0003157624652470374
55891.95213686801	1.0002890764646108	0.00031579187578653585
55891.972569697566	0.9999967881581704	0.00031579916527637935
55891.99300262713	1.00068347049866	0.0003158367728556337
55892.0134353567	0.9998990049163657	0.0003157729517652977
55892.03386818615	0.9999940623165313	0.0003158095459261265
55892.054301115706	1.0002145209028004	0.00031579448168392554
55892.07473384504	0.9997783323772146	0.00031576141930564236
55892.09516667448	1.0000338313912263	0.0003157836148090261
55892.11559950381	1.0000484472338946	0.00031578747746312556
55892.176898091806	0.9996451095324653	0.00031576282265802116
55892.19733082108	1.0000780140111312	0.0003157944283999448
55892.21776375029	0.9999451960071524	0.00031578935370293285
55892.23819657945	1.0003627681262397	0.00031581176939830753
55892.258629308664	1.0003850275585489	0.00031582118032893303
55892.27906223776	0.9999389382834262	0.00031578170556588296
55892.29949506686	0.9995312022971041	0.0003157494329691675
55892.31992789596	1.0000130091184225	0.0003157881120086156
55892.34036072499	1.000283356508901	0.0003158027422992247
55892.360793554035	1.0002169389241653	0.0003158056231244252
55892.38122648302	1.000015434359127	0.00031579634837022484
55892.401659211995	0.9999142541137164	0.0003157829689503122
55892.42209204092	1.000354945745902	0.0003158084380220856
55892.44252496979	1.0003233793805528	0.0003158146697909983
55892.462957698706	1.0003514801953464	0.0003158079091884083
55892.483390527515	0.9995990302873989	0.0003157543832634074
55892.503823456325	0.9995900497926516	0.0003157548524201628
55892.52425618513	0.9994808204896802	0.0003157445398190301
55892.54468911388	1.0006274182706871	0.0003158321858442132
55892.56512194263	0.9993519647686963	0.00031572670092166745
55892.585554671314	1.000125537178366	0.00031579383980353024
55892.60598760001	0.999475355929976	0.00031573526482582976
55892.62642042864	1.0000331056554352	0.0003157900895968138
55892.64685325727	0.9995928565985562	0.0003157565842952127
55892.667286085845	0.9997399778928059	0.00031575729309852175
55892.68771891448	1.0000264724489494	0.0003157859623533908
55892.70815174299	1.0001613120220691	0.00031580034583174197
55892.72858457151	0.999629707333556	0.0003157542590040375
55892.74901739997	1.0005706457180832	0.00031582867475555263
55892.76945022842	0.9998765031352244	0.0003157563055328293
55892.81031588528	0.9997503617005182	0.0003157649611753448
55892.83074881362	1.0003853111168826	0.00031581690644697094
55892.85118154202	1.000046587774166	0.0003157801670247322
55892.871614370306	1.0007360256839173	0.00031584694224664795
55892.91248002687	1.0004715966964155	0.0003158168046702068
55892.93291295515	0.9992607479314222	0.00031573869877305795
55892.953345783375	0.9998946965604258	0.00031577775844367006
55892.97377851154	0.9997636466603056	0.00031577244538425576
55893.014644267874	0.9997428676318896	0.00031576359272186
55893.035076995984	1.000283514504329	0.00031581598277110906
55893.05550992409	0.9998556820333684	0.00031578252377519294
55893.07594275214	0.9997669336267185	0.0003157808921461544
55893.096375680194	0.9994995325531906	0.0003157539316830552
55893.11680840819	1.0004645504946763	0.00031582828526667756
55893.137241236174	0.99993260658457	0.000315792243747743
55893.15767416411	1.000087616696928	0.0003158037011082104
55893.1781068921	0.9997679262387672	0.00031578596121032267
55893.198539719975	1.0001199910001901	0.0003158077712486824
55893.23940537573	1.0001047495955644	0.00031580092689155925
55893.2598382036	0.999682067060276	0.00031577109409127525
55893.28027113136	0.9993462100570041	0.0003157453415940744
55893.300703959176	1.0003803961714175	0.00031582334932922875
55893.32113678694	0.9997423782807828	0.00031577822831345957
55893.3415696147	1.0000260808544443	0.00031579795386609775
55893.362002442394	0.9994790807284447	0.0003157544741767662
55893.3824352701	1.0003210107809108	0.00031582106169783037
55893.40286809774	1.0006850420655515	0.00031585154099288354
55893.42330092538	1.0004409747535856	0.0003158434055073122
55893.443733753025	1.0001738488298046	0.0003158109357440132
55893.46416658061	1.0000652172799072	0.0003158127903822989
55893.48459930819	0.9992461315927714	0.00031574062499605053
55893.50503223572	1.0000230137943678	0.0003158045074334948
55893.52546506325	1.0002530914602221	0.0003158244183402987
55893.54589799077	1.00009874462123	0.00031580700051502626
55893.56633071824	0.9997407309122047	0.00031577717143951335
55893.58676354571	0.9996796337386832	0.0003157694512251454
55893.607196473116	0.9998295269002093	0.00031578925721907825
55893.627629200586	1.0003862812020983	0.0003158304548186515
55893.64806202794	1.0004998104701792	0.0003158381559781363
55893.66849495529	0.9997560136615317	0.00031578283620462515
55893.68892768264	1.0002591293633964	0.0003158153218054278