56366.969638236566	1.0003358474080142	0.00031009073770989996
56366.990071835986	0.9999128316808155	0.0003100297975478524
56367.01050553564	1.0001397970006496	0.0003100432703566198
56367.03093923552	0.9995432606090657	0.0003099821754131337
56367.051372935755	1.0004072152823544	0.00031004391337073264
56367.07180663611	0.9999488067879464	0.00030999627468656846
56367.0922403368	0.9996481346087038	0.00030997115960974516
56367.11267403785	1.0000389132255139	0.0003099999739762381
56367.13310783902	0.9998437440446635	0.00030995703892978716
56367.15354144053	0.9997200803269851	0.0003099503583816423
56367.173975142396	1.0004408690510291	0.0003100078396962446
56367.19440894437	0.9997502769906862	0.00030994122137514585
56367.2148425467	0.9999695486296307	0.00030996806697254647
56367.23527624927	0.9998259164409701	0.0003099525064258615
56367.255710052064	1.0002879418729373	0.0003099875848288189
56367.2761437552	1.0002357599357883	0.0003099833876762432
56367.29657745858	0.9998467688279778	0.0003099552428967544
56367.31701116219	1.0003239367259376	0.00030998735017333083
56367.33744486615	0.9999553951354971	0.00030996248306254683
56367.35787857034	0.9999077317517608	0.00030995708875121333
56367.37831227477	1.000140843562577	0.00030997847685167076
56367.419179784316	0.999865096312635	0.00030995942840628755
56367.46004709514	1.0000604277617566	0.0003099760848544045
56367.48048090085	0.9999092321175194	0.0003099652611526693
56367.500914506905	0.9998381301843968	0.00030997008169234827
56367.52134831319	0.9999538021875837	0.0003099700030986481
56367.54178201971	1.0004627686008256	0.00031000486673675486
56367.562215626574	1.0006605524333654	0.00031003401965178177
56367.58264943356	0.9996706608143189	0.00030995070388247436
56367.6030831409	0.9994091617230229	0.000309934803487403
56367.62351674859	0.9992610212150694	0.0003099390950836216
56367.6439505565	0.9997437998574302	0.0003099865992466447
56367.664384164535	1.0000380842064807	0.00030999640884978003
56367.68481797303	1.0001775808388238	0.00031001629367814493
56367.70525168165	0.9998804085528282	0.0003099956594871021
56367.725685390615	1.0006731066406311	0.0003100563171203482
56367.74611909981	0.9994890050377854	0.0003099602790670151
56367.76655280924	0.999920138706523	0.0003099973860781553
56367.78698651902	1.0005157406578375	0.0003100390330834988
56367.80742022903	0.9998807412203778	0.0003099884170341724
56367.82785393928	0.9999759387170816	0.0003099965722126052
56367.848287649875	1.0000145223845118	0.0003100041530530103
56367.88915507164	0.9997264961832216	0.0003099824161747785
56367.909588883056	0.9999326894796051	0.00030998851723580033
56367.93002259458	1.0002363320029348	0.0003100213981380456
56367.950456206454	1.000438777850687	0.00031003286212529305
56367.970890018565	0.9998866886215461	0.00030999166692182936
56367.9913237309	0.9994923747656129	0.0003099485619305139
56368.01175734359	1.0007667920745595	0.00031004551054048695
56368.03219115652	1.0006730951662826	0.00031004199367806
56368.05262486967	0.9993828130284297	0.0003099455929971732
56368.07305868318	0.9999952236404199	0.00030998972141437197
56368.0934922968	1.0005335005368114	0.0003100226810322019
56368.11392601077	1.0005043644503362	0.00031002944134525556
56368.13435982509	0.9995072398342502	0.0003099491662054425
56368.15479343952	0.9996788625225169	0.00030995392798719546
56368.17522715431	1.0001485753704087	0.00030998729336941753
56368.19566096933	1.0000499738587096	0.0003099598494208566
56368.21609458458	1.0002787165649047	0.0003099920137458378
56368.23652830018	0.999903733978266	0.0003099531838934069
56368.277395732075	1.0007186812328337	0.00031002074691470027
56368.29782954849	1.000318606143132	0.0003099878673150918
56368.31826316503	0.9993502608180745	0.0003099185968947853
56368.33869688191	1.000023743165458	0.00030995740467619346
56368.35913069914	0.9996561372447891	0.0003099272599930337
56368.379564316485	0.9995161061976067	0.000309928907093995
56368.399998034176	1.00028985574504	0.00030998240650140506
56368.42043185211	0.9995889974449015	0.000309914043225052
56368.44086557027	1.000075952259382	0.000309956026537328
56368.46129928878	1.0002601905542166	0.00030998602439828775
56368.481733007524	0.9999569181446248	0.000309937037064985
56368.5021667265	1.000248739570831	0.0003099553940905828
56368.52260044582	0.9997566016662592	0.0003099187970029158
56368.54303416527	0.9992396034057299	0.0003098830926528943
56368.56346788506	1.0000010079968986	0.00030994590926540955
56368.5839017052	0.9998600222671827	0.00030993325446681733
56368.60433532546	1.0000160015646826	0.00030993783548880215
56368.624769046066	1.0000140180547907	0.00030993853149212494
56368.6452028669	0.9999612155980341	0.00030996230565621247
56368.665636487975	0.9999950279309632	0.0003099447480149767
56368.6860703094	0.999874385470167	0.0003099330216012859
56368.70650403105	0.9998349743180525	0.00030992581269335436
56368.72693765294	1.0002106521387486	0.0003099621369516362
56368.74737147506	1.0002964656914477	0.00030997079552699217
56368.76780519752	1.0003620776942495	0.00030997944002620676
56368.78823882023	1.0000919427996255	0.0003099772911858036
56368.808672643165	0.9993130306911051	0.0003099045919227137
56368.82910636633	0.9996580661357849	0.000309938365914527
56368.84954018985	1.0007886617579485	0.00031003360888639956
56368.8699738136	1.0001735504292684	0.0003099807738980739
56368.890407537576	0.9995367599396349	0.00030993512172488983
56368.91084136191	0.999869341848051	0.00030996337509255165
56368.93127498648	1.0000980888711353	0.0003099715355868531
56368.95170871127	0.9995902029984977	0.0003099441833745246
56368.9721424363	1.0001599227162248	0.000309980734108709
56368.99257616157	1.000512180179909	0.0003100081024481247
56369.013009887174	0.9999400859658079	0.0003099689839955282
56369.03344361302	1.0000794666574786	0.00030997917233263795
56369.05387733922	0.9993858350963415	0.0003099269928431598
56369.074311165525	0.9995594974523012	0.00030993386624236547
56369.094744792186	1.000059034699075	0.000309975769845795
56369.11517851908	1.0001249244394528	0.0003099769468168348
56369.13561234632	1.0002086499416734	0.00030997344085916835
56369.15604607368	1.000391197632757	0.0003100011705760203
56369.17647970139	0.9998728444330113	0.000309972738440419
56369.19691352944	0.999948353578065	0.00030996860022103676
56369.21734725762	1.0002008337110606	0.00030999194818295177
56369.237781086136	0.9996087540476208	0.0003099437591529315
56369.25821471489	1.0003935466679643	0.0003100085970770114
56369.278648443884	0.9996299940360036	0.000309949888579158
56369.2990822731	1.0002179624962266	0.00030999836331643507
56369.31951590267	0.9999151611412719	0.000309972524249492
56369.33994963248	0.9999218362029563	0.00030997145408231144
56369.36038346263	1.0004294125843565	0.00031000483505962454
56369.3808170929	0.9996678506083291	0.000309941614380075
56369.40125082352	0.9997816256084154	0.00030995525144972605
56369.421684654364	0.9995830594887974	0.0003099447766426814
56369.44211828545	0.9998798647737378	0.0003099551202629777
56369.462552116885	1.000360750854378	0.0003100040332926691
56369.48298584855	0.9999625459175244	0.0003099764051918668
56369.50341948045	0.9999906088372141	0.00030998351509750117
56369.52385331258	1.0000155827071058	0.0003099860817981666
56369.54428704506	1.00004828459991	0.0003099928918103304
56369.56472067777	0.9999549445584235	0.0003099888774663188
56369.58515451072	0.9996574397742037	0.0003099619610775283
56369.605588243896	0.9999960548076277	0.00030999725886361637
56369.62602197743	1.0004007472610124	0.0003100254627206399
56369.64645571119	1.0002169824190157	0.00031001397495327126
56369.66688944518	1.0001163657605736	0.0003100057678188106
56369.687323179525	1.0002682106034062	0.00031002392364101446
56369.70775691399	1.0003596035158095	0.00031002932124231516
56369.72819064879	1.0003536304863503	0.0003100344136898468
56369.748624383836	1.0002712328108787	0.0003100263529909817
56369.76905811923	0.9998616485636977	0.00030998781576601725
56369.78949185485	1.0004641551387354	0.00031003995377517214
56369.80992569071	0.9998075023371923	0.00030998708816452566
56369.8303593268	0.9999256011546127	0.0003099981114188951
56369.85079316312	0.999957149064221	0.0003099983912176272
56369.87122689979	0.9997966896843293	0.0003099964487085118
56369.91209437383	1.0001501944879239	0.0003100182804476235
56369.93252811132	1.0003799322705704	0.0003100550247700269
56369.95296174904	0.9997208739538429	0.0003100126420269037
56369.97339558687	0.9997232405742807	0.0003100065806748289
56369.993829325176	1.000283638352382	0.0003100524154088714
56370.0142631636	0.9999471684788206	0.0003100405433697112
56370.03469680236	1.0001536346996138	0.0003100495465016106
56370.05513054136	1.0000976843804994	0.00031005189347138584
56370.07556438059	0.9998158083454113	0.0003100232396141978
56370.09599802017	1.0003405236326868	0.0003100633634134966
56370.11643175999	0.9997456553509343	0.0003100269692080767
56370.13686560004	0.9996925154940378	0.000310015422640216
56370.157299240316	1.000616203902321	0.0003100975384251164
56370.17773298095	0.9993557918656978	0.0003100009511929905
56370.19816682169	0.9996294699509743	0.0003100198505715983
56370.21860056279	0.9997964232432167	0.00031002716085164656
56370.239034304235	1.0002990530436457	0.00031007779210456
56370.2594679458	0.9996602051719419	0.000310015947281814
56370.279901787704	0.9998514161351523	0.00031003319539544877
56370.30033552985	0.9998581254586231	0.0003100288484923951
56370.32076927222	0.9996461627186215	0.00031001502110690986
56370.34120291495	1.0001712133470393	0.00031005505270885345
56370.36163675791	0.9998830398326213	0.0003100295626064879
56370.3820705011	1.0001878566760105	0.0003100515055437147
56370.40250424452	0.9994597751835776	0.0003100004939570395
56370.422937988296	1.0002556665821445	0.00031006274624870996
56370.44337173218	1.0000469565890322	0.00031004859413608294
56370.46380557642	0.9999507827901953	0.0003100427323918992
56370.48423922101	1.0001872333322421	0.000310055362013974
56370.50467296572	0.9998839280962237	0.0003100280151050437
56370.52510681077	1.0001132325509496	0.0003100553943623911
56370.545540456056	1.0003525117138734	0.0003100708252946266
56370.56597430157	1.0002380738183394	0.0003100669570518457
56370.58640804744	0.999728998288869	0.0003100339413837421
56370.606841693545	1.000315089421042	0.00031006527420908447
56370.627275539875	0.9998816440452664	0.00031003496283595966
56370.647709286444	0.9997163999192858	0.00031002569734817813
56370.668142933246	1.0002997660036286	0.00031006794288566757
56370.709010527775	0.9999099607172078	0.00031003398138831136
56370.72944417539	1.0001667470690523	0.0003100654417340497
56370.74987802335	0.9996826460234537	0.00031002933395992907
56370.77031177155	0.9999865313326756	0.0003100411002932616
56370.81117926864	0.998388161187539	0.0003099143234915815
56370.83161301754	0.9972728536542758	0.00030983159228368417
56370.852046866785	0.9968174676885878	0.00030978552813427826
56370.87248051626	0.9966850884751535	0.00030977846594002395
56370.89291426597	0.9958448477234673	0.0003097051764199477
56370.91334801603	0.995352918880595	0.00030966214474190465
56370.9337817662	0.9953209899785228	0.00030966682441299685
56370.95421561673	0.995825249954421	0.00030970858416629857
56370.97464926749	0.995067841395684	0.0003096483693839258
56370.99508301859	0.9955163231923024	0.00030967198546283007
56371.01551686982	0.9955515107181048	0.0003096788924704236
56371.035950621386	0.9946937139493364	0.00030962825450312696
56371.05638427319	0.9951474646743409	0.00030965368112480853
56371.07681812535	0.9949273692469105	0.0003096422870856472
56371.097251877625	0.9949596971045441	0.00030964143314995377
56371.11768553024	0.9948066193368283	0.0003096273890079901
56371.1381193831	0.9948736284519332	0.00030962854096771095
56371.158553136294	0.9952603173124864	0.00030966644256126335
56371.17898698962	0.9954281770752433	0.00030967498584338817
56371.19942064329	0.995075330952382	0.00030963897011987543
56371.21985439719	0.9951146075270279	0.00030963621183438273
56371.240288251436	0.9951867182777038	0.00030964426905463543
56371.260721905805	0.99547897977765	0.00030968177374319687
56371.281155660516	0.9954082834827449	0.00030966904821355163
56371.30158951547	0.9957829970515069	0.00030969797373204503
56371.32202317065	0.9953410081740002	0.0003096705981217323
56371.34245702618	0.995749843758294	0.00030969708486407573
56371.36289078183	0.996020849071257	0.0003097176652527838
56371.383324437826	0.9960131480830071	0.00030971695043388223
56371.40375829417	0.9964922959795849	0.00030974908495677973
56371.42419205063	0.9966889131236423	0.0003097692926818998
56371.444625807446	0.9975805103440901	0.0003098426809227857
56371.465059564485	0.9989038525830877	0.0003099429836786177
56371.485493321765	1.000011448908071	0.0003100249303753278
56371.50592707928	0.9998655101164378	0.0003100057910256365
56371.52636083713	1.0003024084506287	0.0003100392411224832
56371.56722835355	0.9997615694005954	0.0003099967492559641
56371.587662112106	1.0002134457207619	0.000310027287252979
56371.608095871015	1.0004236547052332	0.00031004042434086977
56371.62852973016	0.9994353841516643	0.0003099668913870247
56371.648963389525	0.9996482440270672	0.00030999215073998656
56371.66939714913	0.9999454498717973	0.00030999610753106857
56371.689831008975	0.9996818014493686	0.000309972969134302
56371.71026466916	1.0000545500059275	0.00031000792854904907
56371.73069852958	0.9999356485187927	0.00030999554514070843
56371.751132290236	0.9998999898558804	0.00030999992613505096
56371.77156595123	1.000144025965583	0.00031000759811288734
56371.79199981247	0.9994457503573789	0.00030996084347388944
56371.812433573825	0.9998201857183894	0.00030997902304197105
56371.83286723564	1.0000714756888227	0.00031000507863953284
56371.85330109757	1.0001850201666955	0.00031001221765963475
56371.87373485974	0.9995232349663331	0.00030996153789263005
56371.89416852225	1.00036115810069	0.0003100228949922975
56371.914602385004	1.0003215939877512	0.0003100212222501904
56371.935036148105	1.0002620232778787	0.0003100179949275388
56371.955470011315	1.0003669196159277	0.0003100254102490602
56371.97590367488	1.0000114153142958	0.00031000641848535736
56371.99633743868	1.0003234566084567	0.00031003626929409557
56372.016771302704	0.9997450641495954	0.000309977031188081
56372.037204967084	0.99976566651622	0.00030999756320991486
56372.05763873158	0.9993734648024459	0.00030996502200890315
56372.07807259642	1.0001504098709888	0.0003100130851600935
56372.0985063615	1.0001426261964992	0.00031003453341904645
56372.11894012692	0.9995974845358466	0.00030998421038665614
56372.13937389247	1.0004757150452088	0.00031005829887259013
56372.15980755836	0.999785995893639	0.0003100119251792662
56372.18024142449	0.9999879849107852	0.00031003200585897185
56372.20067519096	1.0003958540886448	0.00031006470625446884
56372.22110895755	0.9999328169241155	0.0003099017836585375
56372.241542724485	1.000259323923582	0.0003099126631074012
56372.26197649166	1.0007353998412474	0.00031010204306050154
56372.28241015907	1.000284002175841	0.0003099795314496168
56372.30284402671	1.0001233680191064	0.0003099708362400953
56372.32327779469	0.9998615205278295	0.000309952898694196
56372.343711662914	0.9996672301827705	0.00030987200544130235
56372.36414533136	0.9999148055273012	0.00031002341739800655
56372.38457910005	1.0006846742919941	0.000310013682962438
56372.40501296909	0.9998432462340333	0.00031002233745416885
56372.42544663836	1.0000367989154206	0.0003099628048654724
56372.44588040785	1.0001331893249912	0.0003099118862355229
56372.46631427759	0.9998252338981984	0.000309890463607359
56372.48674794755	1.0005574547028775	0.00030995165310621303
56372.50718181787	0.999774257285381	0.0003099701007415161
56372.52761558842	0.9994194572015277	0.0003098872646353265
56372.5480492592	1.0003096769137507	0.0003100088083544355
56372.56848313021	1.0002863021042974	0.0003099321075781156
56372.60935057317	0.9997147267120511	0.0003099069860485247
56372.629784445	0.9996800352210646	0.00030991096230205173
56372.650218217066	0.9995336283195609	0.0003098972764727919
56372.670651989356	0.9999850975536362	0.0003099360134339068
56372.691085762	0.9998562922099625	0.00030993354874282736
56372.71151953488	0.9998588457312125	0.0003099335279075274
56372.73195340799	0.9998676196366042	0.0003099371886239225
56372.75238708133	1.0003484913707108	0.0003099877778513665
56372.772820855025	1.0004366817964045	0.0003099802690536008
56372.793254728946	0.9997500060108383	0.0003099377670907151
56372.813688403105	0.999943401995603	0.00030994770549850606
56372.8341221775	1.0012758804690467	0.00031005287100309756
56372.854556052116	0.9998892860798695	0.00030995514438058664
56372.8954236023	1.000296181353021	0.0003099724862033732
56372.91585737773	1.0004090420570846	0.0003099991108344654
56372.936291053404	1.000423443744665	0.00030999855410797665
56372.95672492943	0.9996230637736364	0.00030993058097712945
56372.977158705675	0.9992336441431596	0.0003099179284497216
56372.99759238216	1.0002248680261463	0.0003100012970959853
56373.018026258884	1.0000918908723182	0.0003099865434178874
56373.03846003583	1.0001041644877897	0.000309983829446407
56373.05889371313	0.9998275383328014	0.0003099724424848708
56373.07932759067	0.9997890815261891	0.00030996460334391533
56373.09976136843	0.9998881474611667	0.00030998227538524763
56373.16106270324	1.0002940317983784	0.00031001292960414304
56373.18149658206	0.9998157357361943	0.0003099694082178379
56373.20193026111	0.9995757899851537	0.00030995479189424303
56373.22236404038	1.0000355525496547	0.00030998982869814867
56373.242797920015	0.999882907853092	0.0003099765869689792
56373.26323159988	0.9994010008917884	0.00030994453463226667
56373.28366547997	1.0001155194705131	0.00031000415609173715
56373.32453304085	0.9999719916242364	0.00030999523033329413
56373.344966821765	0.9997330648612192	0.000309970693431587
56373.36540060291	1.0000511397931662	0.0003100069210372025
56373.38583438428	0.9994825710769696	0.0003099442332722897
56373.40626816589	1.0000587381872037	0.00030999883377832646
56373.42670194785	1.000287978876473	0.0003100249891310758
56373.44713572992	1.0002224564844489	0.00031001347259989015
56373.467569512344	1.0000476027502823	0.00030999984615121933
56373.488003295	0.9998837144060967	0.0003099862697147346
56373.508437178	0.9995845567693632	0.0003099637611946006
56373.528870861126	1.0001106627272638	0.00031001036353782495
56373.5493046446	1.0001555223473693	0.00031001451990478145
56373.5697385283	0.9999808345640746	0.000310001500508649
56373.590172212236	1.000027700277649	0.000310004135584352
56373.61060599641	0.9996770363263956	0.00030998214598065263
56373.63103988092	1.000494421776385	0.0003100944200928802
56373.651473565675	1.0003225387380623	0.0003100184996189587
56373.692341235874	1.0002875102150077	0.0003100266700804658
56373.712774921325	1.00032583595072	0.0003100246405358219
56373.73320880713	1.0001269920031828	0.0003100086801253648
56373.753642593154	0.9999949347444573	0.0003100006913330359
56373.77407627942	0.9997097233579815	0.0003099690318660884
56373.79451016592	1.0002079763477352	0.0003101263452627236
56373.81494395276	0.999794782800589	0.0003099763774958828
56373.83537773973	1.0000138048816793	0.0003100036563613299
56373.85581152704	0.999655211963991	0.0003099695725446757
56373.87624531458	1.0002284118109115	0.0003100086219802137
56373.896679202364	1.0000422591999754	0.0003099925787056947
56373.91711289049	1.0001338099453199	0.0003099983781299444
56373.93754667885	1.000033943626268	0.00030999866215265705
56373.957980567444	0.9998384651790722	0.0003099824021331957
56373.97841435627	1.0000345187257127	0.00031021807789810264
56373.998848045325	1.0002045347446857	0.00031011526832483655
56374.01928193462	1.0002394175493767	0.00031022304631556194
56374.039715724255	1.0003879344699644	0.00031024036916002046
56374.06014951413	1.0007025554447304	0.00031026391354607323
56374.08058330424	0.9994414090805545	0.0003099438375748113
56374.1010170947	0.9996522375210467	0.0003101823545480715
56374.121450885264	0.9994806798734748	0.0003099612984967798
56374.14188467619	0.9998049863223979	0.00031019863059159617
56374.16231846734	0.9997601441459276	0.00031019955792519177
56374.20318605035	0.9999143034439951	0.00031021409063836385
56374.22361974232	1.000793625437009	0.00031027922556861164
56374.2440536344	0.9994222244748395	0.00030995165479169454
56374.26448742684	0.9997049368866353	0.0003101939035208645
56374.30535501252	0.9995943540062187	0.00031019186698510976
56374.325788805654	1.0002895334319306	0.0003102481448807892
56374.36665639285	0.9997725673767104	0.0003102164206063078
56374.3870901868	1.0005401754805325	0.0003102732625884544
56374.407524080976	1.000136033111499	0.0003102363243627598
56374.42795777551	1.0001740007407018	0.00031024849625428273
56374.448391670274	1.0004090702064976	0.0003102604004142292
56374.468825465265	0.9998864673150741	0.00031022833969787
56374.489259260496	0.9999130351304484	0.00031021663668847504
56374.50969305596	0.9997180365578482	0.00031021705004558763
56374.530126851765	0.9999964691911134	0.00031024257898065017
56374.550560647695	0.9997986511649744	0.0003102166521028358
56374.57099444397	1.0000968235751337	0.0003102342616810685
56374.59142824048	1.0001404271731638	0.00031024599339794605
56374.61186203734	1.0000942467163805	0.00031023729952680624
56374.632295834315	1.0004795302650797	0.00031028713212764223
56374.652729631634	0.9996483286253625	0.00031019767244218577
56374.673163529194	0.9998009446660319	0.0003102206020373912
56374.69359732699	1.0004231048455685	0.0003102675621804152
56374.714031025	0.9999285941588356	0.00031022289002811113
56374.73446492326	0.999341520941799	0.0003101905945938617
56374.75489862187	0.9999452737662788	0.00031024088517071124
56374.7753324207	1.0000442152136795	0.0003102447968348386
56374.795766319774	0.999900784206301	0.00031023087584691717
56374.81620001908	1.0000096523418822	0.00031023590370382815
56374.83663391873	1.00015418104302	0.0003102491457448277
56374.8570677185	0.9997248474119886	0.0003102161689790496
56374.87750141862	1.0001586128895712	0.0003102530557642834
56374.897935318964	0.9997827671874255	0.0003102183220829866
56374.91836911955	1.0004498639005754	0.0003102694727933544
56374.938802820485	0.9995213449180611	0.00031018130197842087
56374.95923672153	1.0000110394800412	0.00031022991458739364
56374.97967052293	0.9997688079393304	0.00031022746147752774
56375.000104224564	0.9999816844012985	0.00031023327866864657
56375.020538126424	0.9999977075461022	0.00031022488483108856
56375.04097192864	0.9997866520875218	0.0003102077591262837
56375.06140583097	1.000042836802351	0.0003102310365318587
56375.10227333656	1.0001421790431664	0.00031023796101553336
56375.1227072397	0.9997271586829132	0.00031021023234996284
56375.14314104308	1.0003586027660265	0.0003102551617939328
56375.16357474681	1.0001452249467992	0.00031024170886862634
56375.184008650656	1.0008290582218082	0.00031028974370012204
56375.204442454844	1.0001348262924288	0.0003102257733064571
56375.22487625927	0.9996827119856624	0.00031020298160134544
56375.245310063925	1.0001642820722745	0.0003102267314657181
56375.265743868935	0.9994741339789907	0.00031017557282210376
56375.28617777406	0.9998671454142367	0.00031019342628266856