55162.982937988316	0.9997848208071015	0.0003158255447312612
55163.00337091974	1.0004252653561876	0.0003158751180905289
55163.04423648271	1.0000626103315144	0.0003158407694507174
55163.06466941422	1.0006277046597074	0.0003158830324955555
55163.085102245794	0.999761973137002	0.00031581528905344963
55163.1464007408	1.0001461962090954	0.00031589420919907993
55163.16683347255	1.0001122356652887	0.0003158688594935251
55163.18726630435	1.0002187136368947	0.00031584646087435246
55163.20769923618	0.9997672575367519	0.0003158166620873674
55163.22813196805	0.9998195824452443	0.0003158227481471842
55163.248564799964	1.0003591351877419	0.00031585893672225334
55163.268997731946	1.0005362442654013	0.0003158710897170196
55163.30986329599	0.9997880019889774	0.0003158195140123183
55163.350729060214	1.0002158472825764	0.0003158446663754398
55163.37116179239	0.99957013720382	0.00031580493581220435
55163.391594624605	1.0001960123532354	0.000315850591780449
55163.41202745688	1.0002779228444945	0.000315858700142925
55163.45289312153	1.0000220766361887	0.00031584360099074654
55163.47332595392	1.0004364701170971	0.00031586614266375363
55163.49375878636	0.9997602385022704	0.00031582463698329226
55163.51419161884	1.0002164263530469	0.00031586353690343707
55163.53462445137	1.0002514491375967	0.00031585515219052145
55163.55505728393	1.0000637181376597	0.0003158431123400598
55163.57549011655	1.0002003058569147	0.00031584804492003517
55163.6163557819	0.9997694926116643	0.000315826227219468
55163.63678861467	1.0001475590928919	0.000315852551343677
55163.657221347436	1.0005048031958281	0.0003158878035849657
55163.67765428028	0.9997236368271488	0.00031582598496697473
55163.69808711317	1.0000379630038165	0.00031584454940760396
55163.71851984611	1.0001917028016138	0.00031585612564344903
55163.73895277907	1.0004464082036273	0.000315879985529775
55163.75938561207	0.9997563958567522	0.00031583310206202236
55163.77981834516	0.9998318648128091	0.0003158394727239436
55163.820684111415	1.000321127299489	0.0003158681453356047
55163.84111694462	0.9996156108979286	0.0003158233216467247
55163.86154967788	0.9996778224879127	0.00031582780482000174
55163.881982611136	1.0001807472488082	0.0003158616488976062
55163.902415444485	0.9997749070315163	0.0003158436170471289
55163.922848177855	1.0004653070118277	0.00031587998525479743
55163.94328111129	1.000537929619052	0.0003158923404357009
55163.96371394479	1.0004579055268688	0.00031587812100979524
55163.984146678304	0.9999245103606005	0.0003158542694174893
55164.00457961186	1.0002869219607382	0.0003158766312668523
55164.02501244547	0.9999641463265143	0.0003158444657558091
55164.04544517916	0.9997882500652219	0.0003158487392020218
55164.06587801286	0.9997907661128256	0.00031584537282694524
55164.086310946615	1.0000068226021555	0.0003158567243398253
55164.12717651427	1.000242921688751	0.00031587736011407197
55164.14760944814	1.0001030524699606	0.0003158710426706663
55164.168042282094	0.9997478453247075	0.00031583918427461314
55164.18847501608	1.000068986617327	0.000315864122669854
55164.20890795013	0.9999807236596547	0.00031587326461935387
55164.2293407842	0.9995458977961219	0.00031583486745135535
55164.249773518335	0.9995638432936127	0.0003158389761137923
55164.27020635253	1.0002650276748268	0.000315884736731528
55164.290639286744	0.9997869471040677	0.00031586412835075815
55164.311072021024	0.9993833173380507	0.0003158318430485302
55164.33150485536	1.0003247810230191	0.00031589849328919286
55164.351937789725	0.9996835307562478	0.00031585396931549923
55164.392803358634	0.9996251974047592	0.0003158511014194747
55164.41323629314	1.0000317993096526	0.000315880234187778
55164.43366902771	1.0001843401396098	0.00031589393004870545
55164.45410186231	0.9999294246748266	0.00031586578673967273
55164.474534696994	0.9997983939304261	0.00031587207498508886
55164.49496753171	0.9998011346714782	0.0003158714125061745
55164.55626603612	1.0002720142447	0.0003159003737538509
55164.57669887104	1.000343213535337	0.00031590351619226957
55164.59713160602	1.0001628237354332	0.00031589391065140257
55164.61756454102	0.9997336162224981	0.0003158684188254248
55164.637997376085	1.0000265194795064	0.0003158857098718872
55164.65843021117	0.9994856362179875	0.0003158564206238785
55164.67886304633	0.999281128796609	0.0003158435494535576
55164.69929588154	0.9999844837530876	0.00031588134061440675
55164.7197287168	0.9997777293238692	0.00031588203382429565
55164.7401614521	1.0002071001084982	0.00031589853841102074
55164.76059438746	0.9999683634289334	0.00031588813144921047
55164.78102722287	1.0002647867412302	0.0003159148673609597
55164.80145995834	1.0001034217179945	0.00031589121060518645
55164.821892893844	0.9999169652592718	0.0003158807961574515
55164.8423257294	1.00022335016963	0.00031589998215178944
55164.86275846502	1.0001156884230715	0.00031589890023196607
55164.883191400695	0.9997858736474144	0.00031586887699754
55164.903624236395	1.0003442216519856	0.0003159062486765578
55164.92405697216	0.9994050216093376	0.0003158546842464232
55164.94448980795	0.9997254875855149	0.00031586918150225076
55165.005788315735	1.000237486099276	0.00031590388750075385
55165.02622125173	0.9999083456527376	0.0003158817512397477
55165.04665408781	0.9997803112903111	0.00031587620529349497
55165.067086823925	0.9998191537346609	0.00031588296538754765
55165.08751976012	0.9999060069436687	0.00031588842222327133
55165.10795259632	1.0003211459378998	0.00031592411610539074
55165.12838533264	1.0002515334206787	0.0003159067285007756
55165.14881816895	0.9995111933917441	0.00031584633344624734
55165.169251105326	0.9999664785733403	0.0003158950523916379
55165.18968384176	0.9998009195181937	0.0003158891244594444
55165.21011667825	1.0000460358587822	0.0003159044530790485
55165.2305496148	0.9997955405149631	0.00031588620413825
55165.250982351405	0.9997121465450697	0.00031588677750630156
55165.271415188035	1.000216565690154	0.0003159192806298839
55165.29184812473	0.9994849894787694	0.00031587535606782374
55165.31228096149	1.0007504645592058	0.0003159637493540922
55165.3327136983	0.9999854831769046	0.00031590521186381567
55165.35314663516	0.9998755747359315	0.00031589547903043827
55165.37357937206	0.9996662744270355	0.00031588050322095486
55165.39401220904	0.99988869594465	0.0003159120401186945
55165.41444504606	1.0005999876061091	0.0003159453671120577
55165.43487788313	1.000090414513718	0.0003159079288911714
55165.45531072027	1.0004872772267808	0.0003159435478075651
55165.47574355745	1.00041747756721	0.0003159470871950032
55165.49617639467	0.9994607912230418	0.0003158592190546401
55165.51660923194	1.000048947550706	0.0003159002756785715
55165.53704206931	0.9997052774644025	0.00031587742793000117
55165.5574749067	1.000125433791081	0.00031590705486110295
55165.577907744155	0.999899131463786	0.00031588885089268325
55165.59834058166	1.0002048410838074	0.0003159015654853536
55165.63920625682	0.999655204136921	0.00031587786053164664
55165.659639094505	0.9994693851787995	0.0003158567804300364
55165.68007183222	1.0002161783077832	0.0003159051846679648
55165.700504770015	1.0002505266041306	0.00031591383220559623
55165.720937607846	1.0000068477331983	0.0003158966543738514
55165.741370345735	0.999443497632922	0.0003158476217670924
55165.761803283676	1.000440080422874	0.00031592801557985494
55165.78223612168	0.999368462153186	0.0003158531351505658
55165.82310169784	0.9998322538446428	0.00031588902028692646
55165.843534635984	1.0001751881411762	0.00031589652185736
55165.86396747422	0.9999074667176382	0.00031590228575790346
55165.88440021251	1.000024354258609	0.00031590330102940244
55165.90483315081	0.9997397805223164	0.000315885366730091
55165.92526598922	1.00012390939806	0.00031589846328901366
55165.945698727664	1.000316819842716	0.0003159190048527969
55165.98656450475	1.0003106168576101	0.0003159169683502661
55166.00699724333	0.999862837345631	0.00031588789651141956
55166.027430182	0.9992787034968711	0.00031584884058305035
55166.06829575953	0.999807245172278	0.00031588912227108315
55166.08872859837	1.0001290574025385	0.00031590376923647137
55166.10916153725	0.9999680679789466	0.00031589973628619414
55166.15002711523	1.0001248461516004	0.00031590548932658387
55166.170460054316	1.000018009034409	0.0003159080250534241
55166.19089289342	0.999885930850349	0.0003158917160967331
55166.21132563262	0.9998561652323492	0.0003158824926239271
55166.23175857185	1.0002152022016477	0.00031591563972116027
55166.25219141116	0.9999030659941467	0.00031588569908659386
55166.27262415053	0.9996177438185293	0.00031587289542864863
55166.29305698993	0.9996849728824372	0.0003158812882856479
55166.31348992939	1.000705071198046	0.000315954955906133
55166.333922668935	0.999648585615762	0.0003158711102386575
55166.35435550854	1.0004087082036286	0.0003159366138196748
55166.37478834817	0.9995421300641206	0.0003158732156820669
55166.4769525473	1.0004808771491942	0.00031593938736983147
55166.497385287315	0.999796941391959	0.0003158857786052535
55166.53825106722	0.9998689707927825	0.0003158932468293779
55166.55868380738	0.9997168573305157	0.0003158887944541805
55166.57911674762	1.0004032781898087	0.00031592815812711035
55166.599549587925	0.999852813208529	0.00031589157398421877
55166.61998232829	0.9999518742992469	0.00031590127756143244
55166.640415268674	1.0004171924698173	0.00031593345089711843
55166.66084810915	1.0001164415771158	0.0003159185500821738
55166.68128084972	1.000344254311162	0.0003159250704380228
55166.70171369028	1.0000047057148176	0.00031591110586684463
55166.722146630964	1.0000180820843625	0.0003159186598303398
55166.74257947164	1.0003828478763017	0.00031593643003828065
55166.76301221244	1.0004370067942945	0.0003159415273055393
55166.78344515327	1.000178723905966	0.00031592873865496964
55166.803877994156	0.9999125766629817	0.0003159006406231235
55166.82431073512	0.9997908350026065	0.0003158877096715401
55166.844743676156	0.998507108360019	0.00031579859882352636
55166.86517651721	0.9969350952916086	0.00031568214232725417
55166.88560925836	0.9957671632430798	0.00031560634109154245
55166.90604219957	0.9959123624631024	0.0003156088244109347
55166.926475040804	0.9961225740650487	0.00031563069161503067
55166.94690778215	0.9962166920424771	0.00031563026135727633
55166.96734062353	0.9954523916847718	0.00031556954483284537
55166.987773564964	0.9960084871665909	0.00031561995606901167
55167.00820640649	0.9953584080595166	0.00031556669201500707
55167.02863914805	0.9951944239421939	0.00031555547630059426
55167.04907208966	0.9951529746957484	0.00031555918796785225
55167.06950493136	0.9949756586056046	0.0003155449238656316
55167.08993767312	0.9954214275757182	0.00031556927770594063
55167.13080345681	0.9955079506383068	0.00031558796584616204
55167.15123619874	0.9955873134772412	0.0003155892058411858
55167.171669040734	0.9949016579393831	0.0003155534457310648
55167.19210198281	0.9955933200637315	0.00031559573037539276
55167.212534724946	0.9953706152757197	0.00031557264317997816
55167.23296756714	0.9952364411210988	0.0003155687750659247
55167.25340050936	0.9961635104407971	0.00031564543832056065
55167.273833251704	0.9949437507354518	0.0003155576983467428
55167.294266094075	0.9954540821331236	0.0003155887256562977
55167.3146989365	0.995136780112857	0.0003155711135863029
55167.33513187899	0.9960454988130371	0.0003156400172787622
55167.35556462159	0.9964143458617281	0.00031566530731222327
55167.37599746419	0.9958575919984366	0.0003156174136070122
55167.39643030691	0.9966975531356996	0.0003156828045140437
55167.41686314966	0.9972924448864412	0.00031572349374920126
55167.43729599246	0.9982628795697331	0.0003158028008458846
55167.457728835354	0.9991579657681772	0.0003158791419299199
55167.4781616783	0.999984069910323	0.00031592998741947117
55167.49859452131	0.9999983450153849	0.00031593894195974353
55167.51902736438	0.9999234155714792	0.0003159411855599928
55167.53946020751	0.9997629516507386	0.000315925438454749
55167.55989295075	1.0001303748401544	0.00031593771850165067
55167.58032579399	1.0000872025139387	0.00031595766069706966
55167.60075873732	0.9998381333085143	0.00031592611743134363
55167.641624324184	0.9996298534736087	0.0003159174149504247
55167.70292285496	0.9995784561753652	0.00031591359251179936
55167.72335579866	0.9998829640945172	0.0003159331826705895
55167.74378864246	0.9998784395993447	0.00031593404813135977
55167.764221386315	0.9997698058177066	0.00031592717654934516
55167.78465433023	0.9991809961050324	0.0003158895665171859
55167.805087174194	0.9997805301242391	0.0003159355435009129
55167.82551991825	0.9996412628007618	0.0003159241030974941
55167.84595276237	1.000429841056369	0.00031598440070633536
55167.86638570654	1.0000015394983175	0.000315952475497524
55167.88681855079	1.0005641855579752	0.0003159880415330114
55167.907251295095	0.9999664257389822	0.0003159444920506197
55167.92768423947	0.9999655712753321	0.00031595683948070283
55167.948117083906	1.000117435255963	0.0003159747593714157
55167.96854982843	1.0007756892434077	0.00031600408632889097
55167.98898277299	1.000088987469119	0.00031596156297478964
55168.009415617635	1.0001094042166891	0.00031596237600230675
55168.02984836235	1.0000090094128624	0.0003159544633352736
55168.05028120713	1.0000814058330019	0.00031595759073189066
55168.07071415196	1.0003531824431071	0.0003159809257833996
55168.09114689688	0.999759654987097	0.0003159447913086471
55168.13201268688	1.0000251095050086	0.0003159558620827768
55168.15244543199	1.000287673477378	0.00031597772162217
55168.172878277175	0.9998071682811137	0.0003159420814936657
55168.2137440677	1.0000000459389349	0.00031595444800937994
55168.2341768131	0.999669188301588	0.0003159289491633959
55168.25460965854	1.000748371375995	0.00031601669697361166
55168.27504260406	0.9997906875895158	0.00031593819989742157
55168.29547534964	0.9996441554422253	0.000315935957064998
55168.31590819528	1.000331244242393	0.00031599177559271435
55168.336341140996	0.9999826357879102	0.0003159626366865257
55168.356773886786	1.000137720084065	0.0003159680260133776
55168.37720673265	0.9997709113809485	0.00031594463932320714
55168.39763957857	0.9999810835301569	0.0003159787447445253
55168.418072424545	0.9998575078499999	0.00031594839998606866
55168.43850527061	1.0003202002640776	0.00031598294730098985
55168.45893801674	0.9992494955969006	0.0003159090640507842
55168.4998038092	0.9995278322576517	0.00031593011877933003
55168.520236555545	0.9998065738547697	0.00031594583660490226
55168.54066950193	0.9999728927914497	0.0003159636291143985
55168.5611023484	1.0002985207183814	0.0003159881624817211
55168.58153509496	1.0005051349364482	0.000316006629069396
55168.60196804156	0.9999253903422575	0.00031596281010649505
55168.62240088824	0.9992429601144593	0.00031591174098434907
55168.64283363499	0.9997146399172576	0.00031594314253285803
55168.66326658181	0.9998002931592923	0.00031595889030449243
55168.68369942869	1.0004150287717068	0.00031599670314537507
55168.70413217566	1.0005350228414687	0.00031600771732917494
55168.72456502268	0.999688078580293	0.0003159510233596115
55168.744997969785	0.9998782150417662	0.00031596239705784736
55168.76543081696	1.000386594685307	0.00031599896656927796
55168.7858635642	0.9996185561445652	0.0003159457553930982
55168.80629651152	0.999808842349935	0.0003159669932030117
55168.826729358894	1.0003727215228195	0.0003159974435065786
55168.847162106336	0.9997660142715843	0.00031594927300632435
55168.86759505386	0.9992781708155618	0.0003159245007578483
55168.888027901456	1.0004619833747308	0.0003160098814942597
55168.908460649116	1.0001953147055842	0.00031599334057095754
55168.92889349684	1.0000785925247835	0.0003159828514350748
55168.96975919252	1.000515637838209	0.00031601199511376927
55168.99019204048	0.9993424003213757	0.0003159311914605632
55169.0106249885	0.9995471417244307	0.0003159397714392113
55169.03105773658	0.9998913436798629	0.0003159616084116671
55169.051490584745	0.9999087644076085	0.0003159644212186247
55169.07192353298	0.9995813535297664	0.00031594343884677105
55169.09235638128	1.000199608086408	0.00031599034425764267
55169.11278912968	0.9997039008872421	0.0003159514387373278
55169.1332219781	1.0002661314177719	0.0003159998645717117
55169.15365492664	0.999880000427204	0.0003159716695053185
55169.17408767524	1.0003298085880696	0.0003160083063471865
55169.194520523895	1.0001669492525163	0.00031598441044357106
55169.214953472634	0.9999853653989564	0.00031598475160474226
55169.23538622144	0.9997022945244369	0.0003159772059857622
55169.25581907033	0.9996884078096631	0.0003159650316599709
55169.27625201927	1.000794024248796	0.00031603985157693115
55169.296684768306	1.0006765532452069	0.0003160343506747255
55169.317117617415	1.000260013881531	0.00031600268035365906
55169.337550466575	0.9996336848596187	0.00031595957309024446
55169.357983315844	1.0000076207908803	0.00031599114678336384
55169.46014746316	0.9998171517797926	0.0003159870479807561
55169.48058041287	1.000154836771865	0.0003160013426580817
55169.501013262634	1.000323326892589	0.0003160222583243101
55169.54187896237	1.0000001553416484	0.00031599582753252456
55169.562311812355	0.9994605590424767	0.0003159655353801515
55169.5827445624	0.9994698907773522	0.00031597249753195176
55169.603177412544	1.0000467250897487	0.00031600239346725917
55169.623610362745	0.9994714774843902	0.0003159710527509241
55169.644043213026	1.000048536369055	0.00031600532272569915
55169.664475963385	1.0000284331107767	0.00031600061575673335
55169.70534176432	1.000538427443994	0.00031604825913123446
55169.72577451491	0.999932921295193	0.0003160122298114977
55169.74620746556	1.0000019466789116	0.00031601276570360107
55169.78707306709	1.0002655264290468	0.000316028270329894
55169.80750591799	0.9997439811976339	0.0003160018354583206
55169.82793886894	0.9998127069802759	0.0003160021766165708
55169.84837161997	0.999866752748806	0.0003160077082038747
55169.86880447109	0.9998611048356199	0.0003160243920952851
55169.88923742224	0.9999505773153888	0.0003160184268439373
55169.90967027352	0.9996753717128927	0.00031600178863773536
55169.93010302485	0.9999840704380862	0.0003160293477042168
55169.97096882775	0.9999110587103796	0.00031603924245812536
55169.99140157932	0.9998893826444721	0.00031603186912802794
55170.01183443095	1.0006759298137151	0.0003160833655481542
55170.03226738267	0.9996992306577287	0.0003160165981867702
55170.05270013447	1.0007217809124502	0.0003160885192506305
55170.073132986334	0.9999836316918947	0.00031603537582651823
55170.09356593828	1.0001929406526433	0.00031604552111163983
55170.1139986903	0.9999677670857081	0.0003160344852802028
55170.1344315424	0.9999741777237587	0.00031603384527277106
55170.175297246846	0.9992601154966866	0.0003160037820199081
55170.19573009916	1.000124256135616	0.00031604324980290493
55170.216162951576	0.9998068085795826	0.00031601564657951893
55170.23659580405	0.9992827929239857	0.00031598393147205665
55170.257028656626	0.9998073466415864	0.00031603847617269875
55170.297894461975	1.0001119697248662	0.00031604058153795637
55170.31832721477	1.000141149267489	0.0003160480155114186
55170.33876006765	0.9999273978771197	0.0003160236928274504
55170.3591929206	1.0000748035545508	0.0003160444511133514
55170.37962577363	0.9996351980298122	0.0003160099648092548
55170.40005862674	0.9995347296060737	0.00031600862825621794
55170.42049147993	1.0003604466721303	0.0003160592707359075
55170.44092433319	1.0000369327430985	0.0003160291659585626
55170.461357186534	1.0000918770891352	0.00031605184910448255
55170.481789939964	1.0001500420259528	0.00031604256589991975
55170.50222289346	0.9995445383440443	0.00031599658281924846
55170.52265574704	1.0002335666678506	0.00031605085032226536
55170.56352145443	1.0003081784503915	0.0003160443948766786
55170.583954308255	1.000130116056555	0.00031603622016326957
55170.62482001613	1.000541093238579	0.0003160692957089592
55170.645252870185	0.9997868432214221	0.0003160171935212199
55170.66568562433	1.0001284957270968	0.0003160484823842187
55170.70655143283	1.0004612796091235	0.0003160646610077224
55170.726984187204	1.0000305876495088	0.00031603991894421646
55170.747417041646	1.0002640129313165	0.00031604681363828907
55170.767849996184	1.0002526727837764	0.0003160479037662035
55170.8087156055	1.0000857397368208	0.0003160356287867351
55170.82914856027	1.0003104767941486	0.00031605806472671685
55170.849581415125	0.9997063972355041	0.00031600560308675546
55170.87001417006	1.000266600491178	0.0003160534293008706
55170.89044702508	1.0000937812126163	0.0003160350460620708
55170.91087998017	1.0001802572938867	0.00031603583660021396
55170.93131273535	0.9996996840540419	0.00031601273482205293
55170.9517455906	0.9998476510361053	0.0003160210151161328
55170.972178545955	0.9998038054172993	0.0003160171919677823
55170.99261130136	1.0005542480091465	0.0003160683436002978
55171.01304415687	1.0007508233396494	0.00031608600105441576
55171.033477112454	1.00060406846858	0.0003160700594842286
55171.05390986812	0.999984860222384	0.00031603295188525573
55171.07434272386	0.9996699606019608	0.00031601606661583526
55171.094775679696	0.9997869199204326	0.00031601673731925986
55171.11520853559	0.9998758675599669	0.0003160245682210933
55171.1356412916	1.0004467054695996	0.0003160611597479105
55171.15607414768	0.9998846443256412	0.00031602507077469627
55171.17650710382	1.000042946963953	0.00031602996569300956
55171.19693986006	0.9996538241731033	0.00031600708114972267
55171.21737271638	0.9998514479552977	0.0003160281913633455
55171.237805672776	0.9999770203721734	0.0003160439164474748
55171.25823842927	0.9998165595266459	0.00031602088960486446
55171.278671285836	1.0004357807470592	0.00031606497084583565
55171.299104242484	1.0002080620193468	0.00031604112013411823