56366.969638236566	1.0000198860660312	0.00030999279391844513
56366.990071835986	0.9996596996562802	0.0003099513122361002
56367.01050553564	0.9999428534358391	0.00030998221786466553
56367.03093923552	0.9993966307545507	0.00030993670200235265
56367.051372935755	1.000305099463329	0.00031001226586993086
56367.07180663611	0.9998861626279992	0.0003099768542361587
56367.0922403368	0.9996201084997014	0.00030996246926640725
56367.11267403785	1.0000410336108727	0.00031000063127006666
56367.13310783902	0.9998719025150877	0.0003099657682099027
56367.15354144053	0.9997704805408346	0.0003099659843199951
56367.173975142396	1.0005100799006656	0.0003100292861471475
56367.19440894437	0.9998350051335092	0.00030996748867876734
56367.2148425467	1.0000669388295123	0.00030999825574383526
56367.23527624927	0.9999332664913752	0.00030998578563641295
56367.255710052064	1.0004028926388038	0.00031002320788173557
56367.2761437552	1.0003560555656321	0.0003100206685337723
56367.29657745858	0.9999703811513092	0.00030999356305630053
56367.31701116219	1.000449187517149	0.0003100261637610591
56367.33744486615	1.0000805817624379	0.00031000128795116645
56367.35787857034	1.000031473604496	0.0003099954469548881
56367.37831227477	1.0002619186436574	0.00031001600223568005
56367.419179784316	0.9999775841071288	0.00030999429976304616
56367.46004709514	1.0001610683244428	0.00031000727913700285
56367.48048090085	1.0000029854474755	0.0003099943240660522
56367.500914506905	0.9999245244705861	0.00030999686567181395
56367.52134831319	1.0000324703258299	0.00030999438898827883
56367.54178201971	1.0005334441414153	0.00031002676636383717
56367.562215626574	1.0007229982179957	0.00031005336718933815
56367.58264943356	0.9997246759070034	0.00030996745141409065
56367.6030831409	0.9994547322295727	0.00030994893572326124
56367.62351674859	0.9992981552578435	0.00030995061288664787
56367.6439505565	0.9997725747830428	0.0003099955213738292
56367.664384164535	1.000058596777776	0.0003100027674310564
56367.68481797303	1.000189979392459	0.0003100201367493341
56367.70525168165	0.999884885711239	0.00030999704755277704
56367.725685390615	1.0006698971823533	0.0003100553226769011
56367.74611909981	0.9994783843859367	0.00030995698540375893
56367.76655280924	0.9999023899046687	0.00030999188355653606
56367.78698651902	1.0004911728597403	0.00031003142003349117
56367.80742022903	0.9998497250646714	0.00030997880123839446
56367.82785393928	0.99993881282593	0.0003099850630366824
56367.848287649875	0.9999716602917319	0.00030999086581920236
56367.88915507164	0.9996733399775477	0.0003099659341778199
56367.909588883056	0.99987496307353	0.000309970621508205
56367.93002259458	1.0001744303322677	0.0003100022118298969
56367.950456206454	1.0003731098101791	0.00031001251180401445
56367.970890018565	0.9998177092959291	0.0003099702814824846
56367.9913237309	0.9994204785368749	0.00030992626648007507
56368.01175734359	1.000692255203486	0.00031002241842509196
56368.03219115652	1.0005964101190759	0.00031001823408560557
56368.05262486967	0.9993044609692429	0.0003099212931241609
56368.07305868318	0.9999154354233868	0.000309964987769065
56368.0934922968	1.0004526505201936	0.0003099976290585299
56368.11392601077	1.0004228579591716	0.00031000418467190197
56368.13435982509	0.9994255051337825	0.0003099238201136381
56368.15479343952	0.9995971413862861	0.0003099285900630641
56368.17522715431	1.000067168296865	0.0003099620619597946
56368.19566096933	0.9999692390599458	0.00030993482612529934
56368.21609458458	1.0001989260710755	0.0003099672862219484
56368.23652830018	0.9998252201417465	0.00030992884593687974
56368.277395732075	1.0006433951472091	0.0003099974234283546
56368.29782954849	1.0002453639779003	0.0003099651703638822
56368.31826316503	0.9992793270647078	0.0003098965989125184
56368.33869688191	0.9999552114373851	0.0003099361632639605
56368.35913069914	0.999590275334014	0.0003099068405700102
56368.379564316485	0.9994530783774909	0.0003099093634935628
56368.399998034176	1.0002297720090507	0.0003099637869973018
56368.42043185211	0.9995320974478302	0.0003098964018662566
56368.44086557027	1.0000223039125544	0.000309939399171801
56368.46129928878	1.0002099340106296	0.00030997044962455033
56368.481733007524	0.9999101848670309	0.00030992255206735463
56368.5021667265	1.0002055950534792	0.0003099420245402403
56368.52260044582	0.9997171585278668	0.0003099065698568482
56368.54303416527	0.999203924928808	0.00030987202808266314
56368.56346788506	0.9999691023637642	0.0003099360202549051
56368.5839017052	0.999831960741944	0.00030992455604939007
56368.60433532546	0.9999918034857392	0.00030993033570859974
56368.624769046066	0.9999937034394344	0.000309932235298334
56368.6452028669	0.9999447891829613	0.00030995721388924174
56368.665636487975	0.9999824807999658	0.0003099408590782853
56368.6860703094	0.9998657010151373	0.0003099303296637511
56368.70650403105	0.999830122504273	0.00030992430874283517
56368.72693765294	1.0002095934965702	0.000309961808881753
56368.74737147506	1.0002991539951422	0.0003099716285756566
56368.76780519752	1.000368455958547	0.00030998141644138634
56368.78823882023	1.0001019419325088	0.00030998039040497816
56368.808672643165	0.9993265674439815	0.0003099087899084772
56368.82910636633	0.999675071922204	0.00030994363846304363
56368.84954018985	1.0008090653225086	0.00031003992969217645
56368.8699738136	1.0001972212355101	0.0003099881101197071
56368.890407537576	0.9995635902729789	0.00030994344124145415
56368.91084136191	0.999899247539424	0.00030997264597290016
56368.93127498648	1.0001309535781004	0.0003099817217113922
56368.95170871127	0.9996258815939048	0.000309955246281188
56368.9721424363	1.0001983288324088	0.00030999263736119755
56368.99257616157	1.000553178494777	0.00031002080575154035
56369.013009887174	0.9999835046321253	0.00030998244324181086
56369.03344361302	1.0001251984759316	0.0003099933471174485
56369.05387733922	0.9994337005356096	0.0003099418367514208
56369.074311165525	0.9996093939102937	0.00030994933765970164
56369.094744792186	1.0001108342248899	0.00030999182549584656
56369.11517851908	1.0001784579723827	0.00030999353890516734
56369.13561234632	1.0002637692772776	0.00030999052282513226
56369.15604607368	1.0004477577834818	0.00031001869743248813
56369.17647970139	0.9999306534640819	0.00030999065994290534
56369.19691352944	1.0000072927154133	0.00030998687044653066
56369.21734725762	1.000260760755369	0.000310010521354047
56369.237781086136	0.9996694650792113	0.00030996258352324334
56369.25821471489	1.0004549725655238	0.0003100276321421515
56369.278648443884	0.9996918874754969	0.0003099690795446044
56369.2990822731	1.000280255502863	0.0003100176698384406
56369.31951590267	0.999977647885702	0.0003099918950667932
56369.33994963248	0.9999843868421139	0.00030999084451051437
56369.36038346263	1.0004919108770796	0.0003100242015163514
56369.3808170929	0.9997300716327764	0.0003099609056724316
56369.40125082352	0.9998434803910962	0.0003099744278520804
56369.421684654364	0.9996443874586178	0.0003099637928552188
56369.44211828545	0.9999405574796495	0.0003099739345381949
56369.462552116885	1.0004206828184428	0.00031002260574322497
56369.48298584855	1.000021531257742	0.000309994689940425
56369.50341948045	1.0000485430075006	0.00031000147390390485
56369.52385331258	1.0000723387227868	0.0003100036750989348
56369.54428704506	1.0001037395691916	0.00031001008162661995
56369.56472067777	1.0000089719612333	0.000310005626114886
56369.58515451072	0.9997099133334498	0.0003099782314584423
56369.605588243896	1.0000468959735629	0.0003100130195478726
56369.62602197743	1.0004498503188064	0.0003100406798206423
56369.64645571119	1.0002642144804015	0.00031002861437586936
56369.66688944518	1.0001616320080533	0.0003100197989838697
56369.687323179525	1.0003114275214768	0.0003100373183269256
56369.70775691399	1.0004006776944836	0.0003100420508644332
56369.72819064879	1.0003924720961335	0.00031004645166856645
56369.748624383836	1.0003077581780375	0.00031003767374679315
56369.76905811923	0.9998957708249777	0.00030999839471487317
56369.78949185485	1.000495837166519	0.0003100497719124627
56369.80992569071	0.9998366381733133	0.0003099961216364483
56369.8303593268	0.9999521535626866	0.00031000634322768866
56369.85079316312	0.9999810591956653	0.00031000580363753783
56369.87122689979	0.9998179022782078	0.00031000302587448777
56369.91209437383	1.0001658927470847	0.00031002314646408574
56369.93252811132	1.0003928166663854	0.0003100590181244863
56369.95296174904	0.9997309039383279	0.00031001575231705644
56369.97339558687	0.9997303995074804	0.00031000880060561817
56369.993829325176	1.0002879087049648	0.0003100537390665642
56370.0142631636	0.9999485310419701	0.0003100409658418502
56370.03469680236	1.0001520810823579	0.0003100490648772791
56370.05513054136	1.0000932101623319	0.00031005050636706967
56370.07556438059	0.9998084162668686	0.00031002094747586777
56370.09599802017	1.0003302129058902	0.000310060167523143
56370.11643175999	0.9997324486111675	0.0003100228737209084
56370.13686560004	0.9996764233603348	0.00031001043229613134
56370.157299240316	1.0005972290411267	0.00031009165799091465
56370.17773298095	0.9993340023792457	0.0003099941920771869
56370.19816682169	0.9996048657380084	0.0003100122199497965
56370.21860056279	0.9997690410134584	0.000310018669888134
56370.239034304235	1.0002689217360958	0.00031006845184847377
56370.2594679458	0.9996274040962145	0.00031000577496875114
56370.279901787704	0.9998159682653267	0.000310022203745915
56370.30033552985	0.9998200902434703	0.0003100170548052152
56370.32076927222	0.9996056066929042	0.0003100024436793783
56370.34120291495	1.000128167716573	0.0003100417084783406
56370.36163675791	0.9998376049120795	0.000310015474790232
56370.3820705011	1.0001400753694216	0.00031003669366018113
56370.40250424452	0.9994097714537308	0.0003099849843974383
56370.422937988296	1.00020344139685	0.00031004655730330655
56370.44337173218	0.9999926420085703	0.0003100317547674889
56370.46380557642	0.9998944576107087	0.00031002526831981587
56370.48423922101	1.000128966102447	0.00031003729932888306
56370.50467296572	0.9998238409999989	0.0003100093842593499
56370.52510681077	1.0000513872943706	0.00031003622107801296
56370.545540456056	1.00028900327166	0.00031005114011879134
56370.56597430157	1.0001730234269623	0.0003100467918757369
56370.58640804744	0.9996625339899063	0.00031001332960934734
56370.606841693545	1.0002472420437711	0.0003100442437199313
56370.627275539875	0.9998125883271487	0.00031001355061469554
56370.647709286444	0.9996462257982011	0.00031000393539566164
56370.668142933246	1.000228529986675	0.00031004586149968025
56370.709010527775	0.9998370458478041	0.00031001137326542856
56370.72944417539	1.0000931298086115	0.000310042619371234
56370.74987802335	0.9996084956244153	0.0003100063378631996
56370.77031177155	0.9999119048584291	0.0003100179627074428
56370.81117926864	0.9983130962632771	0.0003098910222384968
56370.83161301754	0.9971977684000698	0.00030980826488257986
56370.852046866785	0.996742428859859	0.00030976220797392605
56370.87248051626	0.9966101878252402	0.0003097551861611888
56370.89291426597	0.9957702539189239	0.00030968197793933223
56370.91334801603	0.9952787204625146	0.00030963906102873784
56370.9337817662	0.9952472666421388	0.00030964388741910935
56370.95421561673	0.9957520754670541	0.0003096858263913973
56370.97464926749	0.9949954203073796	0.00030962583315979154
56370.99508301859	0.9954446782029588	0.00030964969909184686
56371.01551686982	0.9954807810886526	0.00030965689112435785
56371.035950621386	0.994624069632042	0.0003096065756203739
56371.05638427319	0.9950789187956208	0.0003096323521414919
56371.07681812535	0.9948600717217054	0.0003096213426828055
56371.097251877625	0.9948937315316349	0.0003096209040022972
56371.11768553024	0.9947420962387595	0.00030960730659398375
56371.1381193831	0.9948106291756519	0.00030960893408153045
56371.158553136294	0.9951989152224014	0.000309647337844164
56371.17898698962	0.9953684764966173	0.0003096564131565116
56371.19942064329	0.9950174494735702	0.0003096209590598775
56371.21985439719	0.9950586051311456	0.00030961878633426095
56371.240288251436	0.9951326731889075	0.0003096274533639625
56371.260721905805	0.9954269569571033	0.00030966559005708266
56371.281155660516	0.9953583747723455	0.00030965352173752825
56371.30158951547	0.9957352492686584	0.00030968312371789324
56371.32202317065	0.9952955246992768	0.0003096564472983396
56371.34245702618	0.9957066458704178	0.0003096836495017391
56371.36289078183	0.9959800002128676	0.0003097049630959359
56371.383324437826	0.9959747117578843	0.0003097049984014961
56371.40375829417	0.996456301503945	0.00030973789645493386
56371.42419205063	0.9966554146591758	0.00030975888141364236
56371.444625807446	0.9975495248605312	0.00030983305701253887
56371.465059564485	0.9988754051287643	0.0003099341569143117
56371.485493321765	0.9999855798400085	0.00031001691041112266
56371.50592707928	0.9998422773257777	0.0003099985877572234
56371.52636083713	1.0002818170863836	0.00031003285892157044
56371.56722835355	0.999746322829651	0.00030999202174134997
56371.587662112106	1.000200866703906	0.00031002338824673303
56371.608095871015	1.0004137454280424	0.0003100373533653978
56371.62852973016	0.9994281466130371	0.0003099646467223019
56371.648963389525	0.9996436544410547	0.0003099907275037157
56371.66939714913	0.9999434910340297	0.00030999550026585893
56371.689831008975	0.9996824512200361	0.00030997317060975425
56371.71026466916	1.0000577805734283	0.0003100089299959591
56371.73069852958	0.9999414253962711	0.00030999733606224
56371.751132290236	0.9999082744911509	0.0003100024946282483
56371.77156595123	1.000154777558122	0.000310010930708286
56371.79199981247	0.9994589091630242	0.00030996492445026604
56371.812433573825	0.9998357116856004	0.0003099838366316711
56371.83286723564	1.0000893102222508	0.00031001060704032447
56371.85330109757	1.0002050988578655	0.0003100184411477413
56371.87373485974	0.9995454736905892	0.0003099684343297813
56371.89416852225	1.0003855187907515	0.000310030444637339
56371.914602385004	1.0003479808663962	0.00031002940011260794
56371.935036148105	1.0002903553390887	0.0003100267760754822
56371.955470011315	1.000397117322695	0.00031003476887162717
56371.97590367488	1.0000433761633116	0.00031001632644059003
56371.99633743868	1.0003571100250321	0.00031004669970003594
56372.016771302704	0.9997802844326276	0.00030998795145081935
56372.037204967084	0.9998023752299364	0.00031000894548896464
56372.05763873158	0.9994115445073629	0.00030997683278534297
56372.07807259642	1.0001898008997232	0.00031002529505794993
56372.0985063615	1.0001831911365429	0.0003100471081578189
56372.11894012692	0.9996390910043054	0.00030999711292840085
56372.13937389247	1.0005183103155937	0.00031007149960987634
56372.15980755836	0.9998293990789543	0.0003100253835644544
56372.18024142449	1.0000321181699854	0.0003100456887462479
56372.20067519096	1.0004406091670215	0.0003100785777336173
56372.22110895755	0.9999780357757748	0.0003099157980028485
56372.241542724485	1.0003049220241986	0.00030992679087252846
56372.26197649166	1.0007812632675825	0.00031011625495128766
56372.28241015907	1.0003299668991839	0.0003099937755276727
56372.30284402671	1.0001693255366835	0.00030998507997302905
56372.32327779469	0.9999073444214739	0.0003099671039099913
56372.343711662914	0.9997128021251667	0.0003098861316112475
56372.36414533136	0.9999600246872644	0.00031003743759095315
56372.38457910005	1.0007294436821925	0.00031002755258980014
56372.40501296909	0.9998873747667755	0.000310036020429896
56372.42544663836	1.0000802149963202	0.00030997626174048584
56372.44588040785	1.0001757725061788	0.0003099250815120567
56372.46631427759	0.9998668530994859	0.0003099033632553621
56372.48674794755	1.0005980409363247	0.0003099642258676183
56372.50718181787	0.9998136398206047	0.0003099823109062826
56372.52761558842	0.9994575477665785	0.00030989907527291906
56372.5480492592	1.0003464187532598	0.00031002019512209935
56372.56848313021	1.0003215602445694	0.00030994303208013154
56372.60935057317	0.9997467148954298	0.00030991690223884893
56372.629784445	0.9997102624567323	0.0003099203330520552
56372.650218217066	0.9995620072958934	0.00030990607514371735
56372.670651989356	1.000011564971061	0.00030994421676199907
56372.691085762	0.9998807572066813	0.00030994113235590466
56372.71151953488	0.9998812419351246	0.0003099404702219549
56372.73195340799	0.9998878825728799	0.0003099434696929153
56372.75238708133	1.000366570439259	0.00030999338018928495
56372.772820855025	1.0004525151558874	0.00030998517494032187
56372.793254728946	0.9997635351247579	0.0003099419613226068
56372.813688403105	0.9999545983288534	0.0003099511759727289
56372.8341221775	1.0012847177309965	0.00031005560753005556
56372.854556052116	0.9998957112904097	0.00030995713612816145
56372.8954236023	1.0002977462437355	0.0003099729711328116
56372.91585737773	1.0004081579493638	0.0003099988368739195
56372.936291053404	1.00042010780038	0.0003099975204077856
56372.95672492943	0.9996172848248233	0.0003099287892287915
56372.977158705675	0.9992254338371482	0.0003099153819771865
56372.99759238216	1.000214231610112	0.00030999800053450947
56373.018026258884	1.000078863199277	0.00030998250538561095
56373.03846003583	1.0000887759191175	0.00030997905973579476
56373.05889371313	0.999809832831003	0.00030996695332056247
56373.07932759067	0.9997691013653917	0.0003099584088947753
56373.09976136843	0.999865942401911	0.00030997539144046775
56373.16106270324	1.0002655294737297	0.0003100040961123056
56373.18149658206	0.9997853014825749	0.00030995997279164206
56373.20193026111	0.9995435032885662	0.0003099447802308734
56373.22236404038	1.0000014818500989	0.00030997926750330715
56373.242797920015	0.9998471708040347	0.00030996550802322645
56373.26323159988	0.9993637133039717	0.00030993297062138113
56373.28366547997	1.0000767448003458	0.0003099921371712535
56373.32453304085	0.9999306478872111	0.0003099824136130366
56373.344966821765	0.9996906263143039	0.0003099575352133807
56373.36540060291	1.0000077100766382	0.00030999345821298627
56373.38583438428	0.9994383201513856	0.0003099305108527112
56373.40626816589	1.0000137501981048	0.0003099848883732996
56373.42670194785	1.0002424068842506	0.00031001086474220796
56373.44713572992	1.000176454598772	0.0003099992145673571
56373.467569512344	1.0000013191855979	0.0003099854989362547
56373.488003295	0.9998372937013733	0.00030997187826012096
56373.508437178	0.99953815160653	0.0003099493712976047
56373.528870861126	1.000064382158772	0.00030999601766951504
56373.5493046446	1.0001095365614863	0.0003100002658602709
56373.5697385283	0.9999353013797997	0.00030998738488266866
56373.590172212236	0.9999827567439373	0.0003099902032889621
56373.61060599641	0.9996328461766395	0.00030996844339776353
56373.63103988092	1.000451078240333	0.0003100809861462392
56373.651473565675	1.0002802275143234	0.00031000538658631913
56373.692341235874	1.0002476653065804	0.0003100143206467747
56373.712774921325	1.0002874222780294	0.00031001273522993095
56373.73320880713	1.0000901461472074	0.0003099972590405722
56373.753642593154	0.9999597762912629	0.0003099897921330321
56373.77407627942	0.9996763738269288	0.0003099586915426804
56373.79451016592	1.0001765206279938	0.0003101165920437615
56373.81494395276	0.9997653534241039	0.000309967253211908
56373.83537773973	0.9999864791396227	0.0003099951853983202
56373.85581152704	0.9996300935871698	0.00030996178392672706
56373.87624531458	1.000205557566841	0.0003100015385854341
56373.896679202364	1.000021757893742	0.0003099862237214651
56373.91711289049	1.0001157165363326	0.0003099927699529335
56373.93754667885	1.000018312273632	0.0003099938166187273
56373.957980567444	0.9998253366745786	0.0003099783318703472
56373.97841435627	1.0000239167774536	0.00031021478909561714
56373.998848045325	1.0001964777976553	0.0003101127702534887
56374.01928193462	1.0002339124677477	0.00031022133892114897
56374.039715724255	1.000384973899945	0.0003102394510278598
56374.06014951413	1.000702120121905	0.0003102637785759339
56374.08058330424	0.9994434643192353	0.00030994447493940127
56374.1010170947	0.9996567374219504	0.00031018375082350115
56374.121450885264	0.9994875629773596	0.0003099634331011407
56374.14188467619	0.9998141828567682	0.00031020148390039823
56374.16231846734	0.9997715640103207	0.00031020310121195613
56374.20318605035	0.9999298557755935	0.0003102189156042509
56374.22361974232	1.0008110721496934	0.0003102846346283447
56374.2440536344	0.9994413831562003	0.00030995759648965365
56374.26448742684	0.999725681721685	0.0003102003403414948
56374.30535501252	0.999617739348416	0.000310199123871793
56374.325788805654	1.00031397341148	0.0003102557251443657
56374.36665639285	0.9997984458393298	0.0003102244503565795
56374.3870901868	1.000566466870223	0.0003102814156996009
56374.407524080976	1.0001624726773082	0.00031024452576081254
56374.42795777551	1.0002003582158734	0.0003102566721986994
56374.448391670274	1.0004351022487388	0.00031026847382348733
56374.468825465265	0.9999119007329162	0.0003102362307607535
56374.489259260496	0.9999376269264302	0.0003102242661362085
56374.50969305596	0.9997415222076231	0.0003102243377494453
56374.530126851765	1.0000186002526132	0.00031024944500248806
56374.550560647695	0.9998191593818067	0.00031022301537443945
56374.57099444397	1.0001154652641642	0.0003102400444117967
56374.59142824048	1.0001569495918285	0.00031025111869240746
56374.61186203734	1.000108409940525	0.0003102416930731401
56374.632295834315	1.000491112724258	0.00031029072429313156
56374.652729631634	0.9996571053051537	0.00031020039590559293
56374.673163529194	0.9998067317617647	0.0003102223976711439
56374.69359732699	1.0004257295368144	0.0003102683761925571
56374.714031025	0.9999279048247012	0.00031022267616561273
56374.73446492326	0.9993374016981205	0.0003101893160012893
56374.75489862187	0.9999376329922703	0.00031023851456048494
56374.7753324207	1.0000330048751354	0.00031024131903940595
56374.795766319774	0.9998859997436749	0.0003102262887950198
56374.81620001908	0.9999913297178469	0.00031023021942286897
56374.83663391873	1.0001324104433689	0.0003102423924761096
56374.8570677185	0.9996997918364476	0.0003102083941951418
56374.87750141862	1.0001304639799802	0.0003102443238640583
56374.897935318964	0.9997518306103476	0.00031020872290469793
56374.91836911955	1.0004164663660498	0.000310259115217424
56374.938802820485	0.9994859831323881	0.000310170328161027
56374.95923672153	0.9999741978030683	0.00031021848532326624
56374.97967052293	0.9997311448231325	0.0003102157746426949
56375.000104224564	0.999943921055987	0.0003102215630076377
56375.020538126424	0.9999607045335126	0.0003102134055494538
56375.04097192864	0.9997513942593159	0.0003101968195404665
56375.06140583097	1.0000104175752655	0.0003102209795122471
56375.10227333656	1.0001193630461411	0.0003102308836333931
56375.1227072397	0.999711424210508	0.0003102053500235217
56375.14314104308	1.0003516788626963	0.00031025301438725086
56375.16357474681	1.0001490510091255	0.0003102428957003831
56375.184008650656	1.0008457726472244	0.00031029492571870543
56375.204442454844	1.0001667452738503	0.00031023567406226956
56375.22487625927	0.9997323883400008	0.0003102183962454582
56375.245310063925	1.000234564547944	0.0003102485313870881
56375.265743868935	0.9995679880692128	0.0003102046993849698
56375.28617777406	0.9999879865250518	0.00031023091538146685