56027.81388274552	1.0001353468671699	0.0002680031659345388
56027.83431690513	1.0000337799548449	0.00027009711182696334
56027.85475106482	1.0005984130705932	0.0002596460640608346
56027.875185224664	0.9999031317267413	0.0002680955166473154
56027.895619384595	0.9997657791058996	0.0002666714558902406
56027.916053544664	1.0001023674849074	0.000262315415993014
56027.93648770483	0.9998751150604195	0.0002711330015539698
56027.95692186514	1.0000944742875522	0.0002617998972102249
56027.9977902861	1.0000650815690828	0.000263317167499615
56028.01822434676	0.9997431205283704	0.0002583154302801309
56028.038658607526	0.9995992121129236	0.0002604164424803596
56028.05909276842	1.0002803025680165	0.0002651726842948201
56028.079526829424	1.0002387383323956	0.00026032580828449115
56028.09996109054	1.0000697107790517	0.0002627318313602314
56028.12039525178	1.0002603361762519	0.000262592164595324
56028.14082951316	1.000134726978532	0.00025766454635028766
56028.161263574635	0.9996660342550587	0.00026074789421619147
56028.202131997954	1.000338724685383	0.000257331068141595
56028.222566059776	0.9997747529362095	0.0002620120001960033
56028.243000221744	1.0001942938143766	0.00025724280575448904
56028.26343448381	0.9999897872407073	0.0002572090268848632
56028.283868545994	1.000016434421743	0.0002714804006205754
56028.30430270828	1.0002718044410712	0.0002568872635461026
56028.32473697071	0.9998718011281276	0.0002570897202455664
56028.34517103326	0.9996216312741953	0.0002615558199242333
56028.36560529591	1.0002442013601271	0.0002685511705793213
56028.38603945867	1.0000439527745049	0.00025921808733641666
56028.40647352157	0.9999338201372362	0.0002588472003142032
56028.42690778459	1.000338511747512	0.0002587262346801177
56028.4473419477	1.0000040768469127	0.00025687830394803974
56028.467776110934	0.9998957451946346	0.0002569444251558621
56028.4882102743	1.0001363581912965	0.00026276064743463727
56028.508644437774	1.0002753934502862	0.0002568666094784845
56028.52907860136	0.999933319899156	0.0002575744753592906
56028.54951276506	1.0001045506768786	0.000260833768693695
56028.56994692888	0.9997135704724203	0.0002567184571500034
56028.59038119283	0.9997906049594134	0.00026437335308587704
56028.61081525689	0.9999057393918837	0.00025962059022081283
56028.631249421065	1.0002351641812055	0.00025691652912520116
56028.65168368533	1.000014555851539	0.0002601446472373789
56028.672117749746	1.000303082682453	0.00025851840637560565
56028.69255201427	1.0000141547124586	0.0002574635542402715
56028.7129861789	1.0000214868371882	0.0002607269833061922
56028.73342024365	0.9996644306312108	0.00025884978099846676
56028.774288673514	1.0004385652649672	0.00025684202104015645
56028.794722738596	1.000291709476178	0.00025667634298637043
56028.81515700382	1.0002326629743892	0.0002584868978513081
56028.83559116915	1.0000407758919225	0.000263469761388174
56028.85602523459	0.9999190815479262	0.00025723267907080624
56028.87645950015	1.000280905691425	0.0002753818640191538
56028.89689366583	0.9998937765169401	0.000265446589446651
56028.91732793162	0.9998517496375069	0.0002587910881416754
56028.93776199753	1.0001045801612647	0.00027165105271771765
56028.95819616354	1.0001946662143055	0.0002606958257354759
56028.97863042969	1.000095315083625	0.00025664344991220783
56028.999064495925	1.0002707320978181	0.00026620045845723254
56029.0194986623	1.0003954544093099	0.00025877418699289504
56029.039932928776	1.0000645374707577	0.00025993190817045906
56029.06036699537	1.000038297398846	0.0002678556962749021
56029.080801262084	1.0002884901544653	0.00025655162050938724
56029.10123532891	0.9996333435657898	0.0002661659445004788
56029.12166949585	0.9998017123082721	0.00025908337823818834
56029.14210376291	0.9998258520221311	0.00025785427855773885
56029.16253793007	1.000150915587502	0.00026601202337294473
56029.18297199735	1.0000711198902883	0.00026630532882749496
56029.24427459989	1.000050210660555	0.00026131297327859285
56029.26470876762	0.9999272537689732	0.00025747505502093454
56029.30557720344	0.9996520218742495	0.00027304759224680683
56029.32601127152	1.0000259561407816	0.00026764500466635845
56029.34644543971	0.9999500286603633	0.00027903253345407293
56029.36687970804	1.000007631142854	0.0002634778087694086
56029.38731377645	0.9998003544655137	0.00025741765140746613
56029.40774794498	1.000109596710999	0.0002584635363415692
56029.42818221364	0.9998431565131309	0.0002569421399700674
56029.44861628239	1.000134439050923	0.00026014347632330795
56029.46905055126	0.9999032934606508	0.0002567910463299643
56029.48948472026	0.9997164071939346	0.0002566765059244947
56029.50991878936	0.999670859108784	0.0002633644479043676
56029.530353058566	0.9998151124341514	0.0002603063118412969
56029.5507872279	0.9999507288660365	0.00025673037862660705
56029.571221297345	1.0004020851956836	0.00026619190934116084
56029.59165556689	0.999654029863315	0.0002616035418865085
56029.612089736554	1.0000205606287873	0.00025673330645680956
56029.63252400633	1.0001560667029126	0.000264425100759163
56029.65295807623	0.9997949043700944	0.0002567901092265222
56029.67339224623	1.000245215334974	0.0002565490096479787
56029.69382641635	0.9998788232034246	0.00026607781602873784
56029.714260586574	0.9998319124980333	0.00025660440307455367
56029.734694756924	1.0002978523078914	0.00025825844945171356
56029.75512892736	0.9997774208060324	0.0002566289789229448
56029.77556309794	0.999802530060214	0.0002571851748209241
56029.79599736861	0.9996647012944511	0.00025763224323261833
56029.81643153941	1.0001069907347964	0.0002587034778981905
56029.836865610305	1.0001044409534858	0.00025962744731101544
56029.857299881325	0.9997789890287223	0.00025819151862924606
56029.87773405244	0.9997719267625276	0.0002573545464654878
56029.89816812368	0.9997681814847912	0.00025732337503748225
56029.91860239503	1.0002359732911277	0.0002567677380427678
56029.93903656649	0.9999653933477102	0.0002596861612203475
56029.95947063805	0.9998625444297782	0.0002565881885188612
56030.16381245991	1.0004552340642963	0.0002566312293220978
56030.1842467327	1.000132044849462	0.0002588865007546205
56030.20468090561	0.9998197243800535	0.00025740952179524303
56030.24554925176	0.999934431946599	0.0002720267658293346
56030.26598342499	1.0001113585175254	0.00025934061000358816
56030.28641759834	0.9998358739068828	0.0002678405139936836
56030.3068517718	1.0001239039456653	0.0002609749208600129
56030.327285945365	0.9997254442452983	0.00025938397213334677
56030.34772011905	0.9998316769558081	0.00028173105698060217
56030.368154292824	0.999846348801653	0.0002654501670434195
56030.388588466725	1.0001795330097485	0.0002655855747697653
56030.40902264074	0.999771052383524	0.00028894707313762
56030.44989098909	1.0001827811172284	0.0002677487130869818
56030.47032526343	1.0003487439633751	0.0002749290735398537
56030.490759337874	1.000251975439157	0.00026651503851549114
56030.511193512444	0.9999375716229286	0.000273429195867504
56030.5316277871	0.999810738797678	0.00026875923796724864
56030.55206186187	0.9998244448348725	0.00026097041613465887
56030.572496136774	0.9998064746004263	0.00028101872290209855
56030.59293031177	0.9999659235645242	0.00026350647479031323
56030.63379866209	1.000032198877621	0.000280941217253558
56030.65423283742	0.9997120403102191	0.0002662006721287064
56030.674666912826	1.0002048924391824	0.00026435830484750685
56030.69510118839	0.9995727158500303	0.00027460006546078947
56030.715535364034	0.9998386202830069	0.0002579600887302484
56030.73596963979	0.9999511551972206	0.000266562176484393
56030.756403715655	1.0001322219014983	0.0002754657050645178
56030.77683789164	0.9995944333116971	0.00025936250858774577
56030.797272167714	1.0002073768159212	0.00026844032111905935
56030.81770624391	0.9997804508342842	0.0002668997098870936
56030.83814042023	1.0000066226472437	0.00026320171354474165
56030.85857469663	0.9996828546120613	0.0002736641204013894
56030.87900877315	1.0002700198206844	0.000263944285167663
56030.899443049784	1.0000947266815294	0.00026184959185756375
56030.919877226515	0.9996448168249008	0.0002746466767311964
56030.940311403356	0.9999181623550919	0.0002584753363515791
56030.960745580305	0.9998687369850678	0.0002586143009808211
56030.981179757364	0.9994454613883779	0.00027158200358218086
56031.001613934524	0.9992968709939314	0.0002570040896692699
56031.022048111816	0.9994036173759143	0.0002621113871328021
56031.0629164667	0.9999027887651115	0.00026199376758106416
56031.08335064429	0.9995060813212919	0.0002597594480613646
56031.103784822	0.9992640240953337	0.00026508449728262747
56031.1242189998	0.9993132878397276	0.00025722913212039843
56031.14465317772	0.9994789886943085	0.0002600589692803089
56031.165087355745	0.9999939967835647	0.00025740577732708475
56031.185521633895	0.9995559810197899	0.0002571819680602271
56031.205955712125	1.0004306439312	0.00026217651308268634
56031.22638989048	0.9996869867574303	0.00026167913248088153
56031.24682416895	0.9999398124444866	0.00025707913418718064
56031.267258247506	0.9993932760354874	0.00025734258980565584
56031.28769252617	1.0000402269434678	0.0002575196727805574
56031.308126704964	0.9995897519432551	0.00025748460691081673
56031.32856078383	1.0000974541469259	0.0002576269163655537
56031.34899506283	0.9996412009698971	0.0002629236659544645
56031.36942924194	0.9990435499774508	0.00025755949778289805
56031.389863321136	0.9993857198603254	0.00025759578995184943
56031.41029760044	0.9995253687465062	0.000264206145264574
56031.430731779874	0.9998730829827416	0.00025731415107459063
56031.451166059385	0.9994503989511034	0.0002575885122170068
56031.47160013902	0.9996859895666115	0.0002652249815627262
56031.492034318755	1.0000433638675417	0.0002577958632597347
56031.5124685986	0.9997346768796811	0.0002569561146580934
56031.53290267854	0.9999930058855813	0.0002577405090234533
56031.5533368586	0.9999193466309385	0.00025788278465487273
56031.57377113876	0.9998892702851543	0.000260192141346323
56031.59420521902	1.0001675758367712	0.00025696077045927096
56031.6146393994	0.9997583667357683	0.000257935532982182
56031.63507367987	0.9997886949326795	0.00025948062701259503
56031.65550786045	1.000015133815699	0.0002569229294961863
56031.67594204116	0.9998268673577315	0.0002577693003817248
56031.69637622195	0.9998751026993368	0.00026000197494419953
56031.71681030284	0.9996378463401567	0.00025708285075363513
56031.73724458384	1.0001481973132098	0.00025760776244170485
56031.75767876495	1.0003067311326241	0.00026357985588237556
56031.77811284617	1.0001138008952084	0.0002578060731156217
56031.798547127495	0.9998734520152507	0.00026345935734814897
56031.81898130891	0.9997580018023917	0.00026005412713111685
56031.83941559047	0.999782782007758	0.0002573999919120926
56031.85984967208	0.9998517827989784	0.0002662065874017216
56031.88028385383	0.999804925104019	0.00026131157506446986
56031.90071813568	0.9998558204039547	0.00025685177221723297
56031.92115221763	1.0001215562534833	0.0002621500190572126
56031.941586399684	1.0000412194312118	0.00025788938728308713
56031.962020681836	0.9996290882519038	0.0002600071252948489
56031.982454764104	1.0004426893674694	0.00026906869830756094
56032.00288904647	0.9999834147365301	0.00025746676333027375
56032.02332322894	1.0002717955637557	0.00026031706563935233
56032.04375731152	1.0002068297269684	0.0002686002519662465
56032.064191594196	1.0001715950537398	0.0002592444361183581
56032.08462577699	1.00051052969089	0.00026240014354019084
56032.10505995986	0.999734887409204	0.0002644567507405445
56032.125494142856	0.9999391168043427	0.0002579363498839282
56032.145928325954	1.00028741991057	0.0002775064168320813
56032.16636260916	0.9999311291045649	0.00027286969518240943
56032.18679669246	0.9997724073715428	0.0002593527884568623
56032.207230875865	0.9996081218132669	0.00026789864857600066
56032.22766515938	1.0003871257367856	0.0002672604424741427
56032.248099343	1.000009874693978	0.00025839264478425255
56032.26853342671	1.0002300980120897	0.00027326985462021057
56032.28896771053	0.9997682280679846	0.0002606213692276269
56032.30940189447	1.000388200048694	0.0002696465972372642
56032.3298359785	0.9996654606120869	0.000266041749707038
56032.35027026261	1.0000300835140814	0.00025989621629181206
56032.37070434685	1.000283851011393	0.00026232247446804043
56032.391138631196	0.9999293191271621	0.0002691412190837238
56032.41157281563	0.9997038582752515	0.0002600384330156895
56032.43200690017	0.9997308544570068	0.0002651255169372588
56032.452441184825	1.0000184759174835	0.00026470095008652387
56032.47287536957	1.0000972083324005	0.00025676520211133125
56032.49330945442	0.9999811251420103	0.00027687064037310326
56032.51374373938	0.9996974090906483	0.0002572723126222044
56032.53417792443	0.9996296720562645	0.0002584196789172676
56032.55461220959	0.9997090443864856	0.00026472341805467364
56032.575046294856	1.0000567744922548	0.0002633489231074923
56032.59548048021	0.999674295284686	0.0002626061025435637
56032.61591476569	1.0001926404658148	0.00028039648108742985
56032.63634885125	1.0004831479806806	0.00026112267554015135
56032.65678303691	1.0000341240148822	0.00026146019852813277
56032.67721732269	1.0003734871113932	0.0002613093849371924
56032.69765140857	0.9996731048684284	0.00025678142895993515
56032.73851988062	0.9998621090130535	0.0002595289591340201
56032.7589539668	0.9994641115500387	0.00025730491354755507
56032.779388253075	0.9997062740456877	0.0002587214001451107
56032.79982243946	1.0003966437860488	0.00025867510900854626
56032.861124999225	0.9999401626950661	0.000257574624161586
56032.881559186	1.0001932600549073	0.00025651882440051775
56032.942861846976	0.9995407380611199	0.0002576887448322282
56032.98373012146	0.9999309448169516	0.000256657137629576
56033.004164408856	1.0000121292577049	0.0002613566119960152
56033.02459849635	1.0002325906395975	0.0002576674355711253
56033.04503268395	1.000148344647711	0.0002564720987380245
56033.10633534734	0.9995387195803205	0.0002564870006577277
56033.16763791163	1.000104546134808	0.00025706484632394624
56033.18807209993	1.000502337815334	0.0002578505523492469
56033.20850618832	1.0001515677325594	0.00025656638708713053
56033.22894047683	1.0000404007403167	0.00025656286028513463
56033.24937466542	0.9998567674792542	0.00025641253757126124
56033.26980875412	1.0000893638299564	0.0002593855737736664
56033.31067723181	1.000364636406493	0.0002602313984741695
56033.33111152082	1.0000953561635986	0.0002646185897500839
56033.35154560992	0.9998868421844808	0.00025700500409073424
56033.37197979911	1.00032202349476	0.00026113896357627146
56033.39241408841	0.9997906547841979	0.0002661137633756986
56033.4128481778	0.999714427778712	0.0002614295046400489
56033.433282367296	0.9998127381328711	0.0002727785320350385
56033.4537166569	1.0000458701275434	0.00026820711132898695
56033.474150846596	1.0000085846693625	0.00025640550756240657
56033.515019226266	0.9999753965120914	0.0002601498062018158
56033.53545341626	1.0001679508522776	0.0002648722053004604
56033.55588760635	1.0000897348221753	0.0002721204367518541
56033.57632179654	1.0001030203287202	0.00025759377891124597
56033.59675598683	0.9998558884539963	0.00026962483605347265
56033.61719027721	1.000513791927129	0.00027067946774765996
56033.658058658286	1.0002322223163158	0.0002737993303055463
56033.67849274896	1.0000554068810008	0.00027828050220652403
56033.698926939745	1.0001137260811432	0.0002579937862935586
56033.719361230615	0.9997825988309146	0.00027649154711338706
56033.73979532159	1.0000720984707505	0.0002690447883457019
56033.76022951267	1.0001044684298805	0.00026822837385439944
56033.80109789511	0.9995100601669435	0.0002605592820671988
56033.82153208648	1.0002827492291668	0.00026361773528572896
56033.84196637794	1.0000801776159887	0.00027412687876133814
56033.8624004695	0.9998025938186821	0.0002577429311397355
56033.92370304478	1.0005847819236955	0.00025706170762340036
56033.94413733674	0.9998382260424368	0.0002654065824792315
56033.98500572094	1.0004806575360947	0.00025924780442091675
56034.00543991319	0.9997875610656293	0.0002705128111875074
56034.02587410553	0.9999797242867596	0.00026131180543551946
56034.04630839797	0.9996959640525851	0.0002573860534885945
56034.06674249051	0.9995220009905071	0.000257203272528162
56034.08717668314	0.9998533725834546	0.0002572584272028684
56034.10761097588	0.9998254427959337	0.0002577251121060575
56034.128045168705	1.0003165816695772	0.00026535721801936816
56034.168913554655	0.9991993615341637	0.0002575537999412541
56034.18934774778	1.0000407960313815	0.000266683402359101
56034.20978184098	1.0003403135128641	0.0002571141495731767
56034.230216134296	1.0004806592042752	0.000258886147385941
56034.2506503277	0.9996610384296055	0.0002569292541567222
56034.271084521206	0.999858942898687	0.0002588902168082672
56034.29151871481	1.0000959515937327	0.0002589694541777874
56034.3119529085	1.0005579765865884	0.00025818816158958813
56034.332387102295	1.0001766257832916	0.0002602405842519121
56034.35282129619	0.999960845460028	0.0002571607674066507
56034.37325549017	1.000201525652684	0.0002587383645057625
56034.39368968425	1.0002052940871025	0.00025991097615955854
56034.4345581727	1.0002227645510493	0.00025976095076440855
56034.45499226706	1.0002127028482146	0.00025762605781704776
56034.47542646153	0.9999994395358419	0.00025698270110048463
56034.4958607561	1.0000346669866476	0.00026160118142879617
56034.51629485074	0.9999102231600894	0.00026016099889749353
56034.536729045496	1.0002511825644822	0.0002594484465699819
56034.557163340345	0.9996925812943906	0.0002665983398909278
56034.57759743528	1.000159677881956	0.00026009319842321507
56034.59803173032	1.0000149833159453	0.0002640041548509377
56034.61846592545	1.0000521339121788	0.0002684737215237586
56034.63890002067	1.0000145958453788	0.00026197057688051703
56034.659334316	1.0004197814876683	0.0002701817171182046
56034.679768511414	0.9994547235634964	0.00027146712357427235