55709.030988183265	0.9999953740633776	0.0002550345398086913
55709.051422403296	1.0003422746824968	0.00025492019882260834
55709.07185662309	0.9997838787974664	0.0002547771709415233
55709.092290943	1.0001740509213748	0.00025469590843963774
55709.11272506268	1.0000078093173816	0.00025473179794742294
55709.133159282355	0.9998406244459517	0.00025473337557206145
55709.1740277216	1.0001406687685712	0.0002549824125719771
55709.19446194104	1.0000113792026284	0.00025520147541162005
55709.23533047982	0.9998819362014485	0.00025541246667644467
55709.25576459903	0.9998391339947801	0.0002555063364441902
55709.27619891825	1.000138880632579	0.0002548231572985858
55709.296633137346	1.0001333126474372	0.0002558069946424743
55709.31706735644	0.9999433138994183	0.00025540585681307074
55709.337501575304	0.9999119153910936	0.0002559761126425414
55709.35793579429	1.0002336581714164	0.0002561494031567003
55709.37837011303	1.0002469987497877	0.00025478353826832815
55709.398804231896	0.9998379329873267	0.0002562241195796223
55709.43967276916	1.000132777523267	0.00025620634680902186
55709.46010688767	1.0001028727927819	0.0002555838125699535
55709.48054110619	1.0000505639377986	0.00025615431620588393
55709.500975424584	1.0004902758633938	0.0002548667176481796
55709.52140954287	1.000288135993927	0.0002560466214659526
55709.54184386115	1.0000212842961107	0.000254592598167459
55709.56227807931	0.9994400209904843	0.00025592331229229453
55709.58271219748	1.0002198531008801	0.000255958573671911
55709.603146515525	0.9994173064722344	0.00025584134031171385
55709.62358073346	1.0001091078496203	0.00025566793475456407
55709.64401485128	0.9999598360905914	0.000255471152653677
55709.66444916921	1.0002332498741082	0.0002554348459294768
55709.68488328691	1.0000476779707268	0.0002547269150981027
55709.70531760461	0.9994620398752678	0.0002552663154383049
55709.72575182219	1.00020194498116	0.00025516461084719997
55709.76662025713	1.0001373154989268	0.0002548937048230689
55709.7870544746	1.0000614933410668	0.00025468366192371507
55709.807488691826	0.9998402818479808	0.00025483571949527713
55709.82792290906	0.9998770191574387	0.0002545969832862067
55709.84835712629	1.0000155319400998	0.00025463716952125944
55709.868791343295	1.0003829290702877	0.0002545949614896436
55709.889225660416	1.000036101538847	0.00025462130585765167
55709.9096597773	1.0000622234520953	0.0002545717754618007
55709.93009399418	1.000103530421768	0.0002545440470033278
55709.950528310954	0.9996990368818369	0.00025456989789509287
55709.97096242772	0.9996686896545374	0.0002545604903566682
55710.01183096091	0.999854439737188	0.0002546737267193746
55710.03226507745	0.9998247854007218	0.0002546840727305411
55710.05269939386	0.9998552660666168	0.00025479305022826904
55710.07313361017	1.0003634223416111	0.0002548621057955945
55710.093567726464	0.9999687923719279	0.0002548063767188488
55710.114002042654	0.9999516675153244	0.0002549748404639401
55710.13443625884	1.0000949795765528	0.00025507659103273254
55710.154870374914	1.0005839683440747	0.000255067414566004
55710.17530469086	0.9996138935104413	0.0002545900795236601
55710.19573890682	0.9999016875615608	0.0002552841952288026
55710.21617312265	0.9995574869216861	0.000255170430635329
55710.236607338375	0.9997788415130023	0.00025544882938042656
55710.2570415541	0.999918380508505	0.0002548629615168732
55710.2774758697	0.9997470401892933	0.00025450363489088205
55710.29790998519	1.0002661012536826	0.00025559074292850543
55710.31834420068	1.0000255826364213	0.000255528272985128
55710.338778416044	1.0000624919246357	0.0002551950864788444
55710.3592126313	1.0002122272451752	0.0002556110029711509
55710.37964684656	1.0000408834626575	0.00025575259653973746
55710.40008106169	1.0002480202807926	0.0002557173348348946
55710.42051527683	1.000064320651621	0.000255723886402295
55710.44094949186	0.9998550547683047	0.0002556431922763052
55710.50225223646	1.000197462516976	0.0002551941347328559
55710.52268645113	0.9996154587206856	0.00025534498035676296
55710.5431205658	0.9993414708367703	0.00025527184503231794
55710.56355488036	1.0002459029315651	0.00025522021487770906
55710.5839890948	0.9998501796580304	0.00025515493084663643
55710.60442320924	0.9999166349240716	0.00025504638280006046
55710.624857523566	0.9997602230839621	0.00025495995787475735
55710.64529173777	1.0002869558122165	0.0002546040480913058
55710.66572585198	0.9996878715097739	0.0002547387808255237
55710.68616016607	1.0002403973395086	0.000254522609692846
55710.70659438016	0.9999205594492048	0.00025460062686096804
55710.727028694135	0.9999906734059444	0.0002545706022490238
55710.747462807994	1.0004753111928664	0.0002545055866897537
55710.76789702173	1.0001390897895426	0.0002544875982249843
55710.788331335476	1.0005158823359812	0.00025446864048464296
55710.8087654491	0.9999692748167485	0.00025459728432342864
55710.82919966272	0.9995084452354693	0.00025465332332931463
55710.849633976235	0.9997567974913621	0.00025438484441948976
55710.87006818963	1.0001688842975112	0.00025494131129796637
55710.8905023029	1.000361810755843	0.00025489719828932487
55710.91093661618	1.0000001166766708	0.0002550809011294925
55710.93137082945	0.9998928525311356	0.00025453854006248584
55710.951804942495	0.9998417887637686	0.000254426789508217
55710.99267336847	0.9997444436678007	0.00025527238938394747
55711.033541894205	0.9997403403473089	0.0002570350656184746
55711.053976106894	1.00014420343805	0.0002574860302273387
55711.07441031959	1.0001261995485295	0.00025788860471757865
55711.09484453217	1.0000402772841122	0.0002581694826531231
55711.13571295709	0.9999964656288665	0.0002581791391405015
55711.15614716944	0.9997440915830247	0.000254765309068955
55711.17658128167	0.9996555991891459	0.0002543959792216275
55711.19701559389	1.0003772164610725	0.00025757019664028526
55711.217449806005	1.0000931382203424	0.00025440225462218047
55711.237884117996	1.0005451270163779	0.0002543655733573673
55711.25831822999	1.0002600227394622	0.00025444797136700987
55711.278752441875	0.9998468900068291	0.00025441952732485347
55711.29918675363	0.9997815502610223	0.0002558987662221065
55711.3196208654	1.0002769585928155	0.00025438420586175464
55711.36048938857	1.0000879379613774	0.00025582612028843054
55711.380923499986	1.000352214447871	0.0002544500473924921
55711.42179202281	1.0003072352903861	0.00025803682157180533
55711.442226233994	1.0000258329478924	0.0002544026775122194
55711.46266044518	1.0002871569207006	0.0002545238544314989
55711.483094656236	1.0001111328713137	0.00025450688795090697
55711.5035288673	1.0004437992170139	0.0002554894426177463
55711.52396317825	0.9999017518621662	0.0002560905443216082
55711.54439728908	0.9998407658401997	0.0002544647051555609
55711.56483149991	1.0001493354926518	0.000254705614428361
55711.58526581063	1.0001639914182094	0.0002543897867698764
55711.60569992122	0.9996724117661806	0.0002543620777369315
55711.62613413171	1.0001392262852609	0.00025466019314747824
55711.64656834219	0.9995393685667056	0.00025475664794369487
55711.66700255255	0.9997938640833062	0.00025455048514558417
55711.68743676292	1.0001094556117411	0.00025443281800845505
55711.70787097317	0.9998986336190682	0.00025441136185851046
55711.7283051833	1.0000023366707	0.00025444527601143426
55711.74873949332	0.9998523215619628	0.000254411790651233
55711.76917360334	0.9994853932545597	0.0002545793609705449
55711.78960781323	1.0004281739148468	0.0002546172295641924
55711.81004212302	1.0001350178062136	0.0002545280069606238
55711.830476232804	0.9998457881705531	0.0002548438567130851
55711.85091044247	0.9996155059698576	0.0002544516042838328
55711.87134475214	0.999671940378564	0.0002552456717297525
55711.89177886157	0.9999294249998932	0.00025515242289517116
55711.912213071	1.0000468877489492	0.00025581801358158724
55711.93264738032	1.0002309029333825	0.00025478937424250586
55711.95308158964	1.0000044975593316	0.00025534706418745907
55711.97351579884	1.0001008049362246	0.0002544474285176746
55711.99395000793	1.000006846255859	0.0002565130451910545
55712.01438421701	0.9997270466196474	0.00025510425628791556
55712.03481842598	0.9997733789373641	0.000255089974506365
55712.05525263483	1.0003145860328135	0.0002568916372272526
55712.07568684357	1.0000580238401011	0.00025476366187343104
55712.0961211523	1.0002725357814815	0.0002543674803119052
55712.11655526092	0.9997963094607969	0.0002565866900275033
55712.13698946942	1.0001045568478992	0.00025758864006538465
55712.15742377793	1.0003082045351535	0.0002544801045957905
55712.177857886316	1.0000489264091732	0.0002568788913672294
55712.19829219458	0.9994786775312263	0.0002551852052309858
55712.218726402854	0.9993289156943405	0.00025788307793143207
55712.28002892708	0.9993180415253127	0.00025428497854822646
55712.341331550495	0.9995963854068778	0.00025697134322310916
55712.361765758185	0.9999628640391517	0.0002554346448390467
55712.38220006575	0.9993522918917292	0.00025690783832541545
55712.40263417321	0.9992960223189004	0.00025454570004447406
55712.42306838067	0.9998198357599424	0.00025686648390673024
55712.443502688	0.9996917993308085	0.0002548301540329217
55712.46393689523	0.9993336393823578	0.0002569216865167982
55712.48437110245	0.9996269022915897	0.0002567881193181163
55712.50480530955	0.999411838746515	0.00025547229156627077
55712.525239516544	0.9998365220927543	0.00025682032255258517
55712.54567372342	0.9993704302455868	0.00025679054083901687
55712.56610793029	0.9997616609764766	0.0002566833030742586
55712.58654213705	0.9993440419263528	0.00025653242601547855
55712.627410550325	0.9994682925644809	0.0002565287196497106
55712.64784475685	0.9994929620622144	0.00025556156586591556
55712.688713169664	0.999435029098692	0.0002561760549460193
55712.70914747584	0.9998455917951472	0.00025715768168189983
55712.72958168202	0.9997996986037202	0.00025598355067022236
55712.75001578819	0.9996579847294764	0.0002568630499606523
55712.77045009425	0.9997530429233255	0.0002542821142414491
55712.79088430019	0.999968721398283	0.00025676201119543
55712.81131840601	1.0003300135177686	0.0002558363013482628
55712.831752711725	0.9995556995779158	0.0002565463290660002
55712.85218691744	1.0001259149046255	0.00025640113371578835
55712.87262102302	1.0003917445310588	0.00025641462027748275
55712.89305532862	0.9998133421440784	0.00025627601025262557
55712.91348953398	0.9999044516592756	0.00025618420461557043
55712.933923739336	1.0000651074329516	0.0002562336672366194
55712.9543579447	1.0000806221539549	0.00025615332485486817
55712.99522635495	0.9999647493578828	0.00025606870883168625
55713.01566055996	1.0002057833308287	0.0002560149615790834
55713.036094764975	0.9998800963375857	0.00025604685594288434
55713.05652896975	1.0001416359150181	0.00025598237579205977
55713.09739737919	1.0001710382415334	0.0002560303549995381
55713.11783168385	1.0001231737756613	0.0002555191372210454
55713.158699992826	0.9998603694343324	0.0002542771832274568
55713.179134297134	0.9995153378629795	0.0002563495840964897
55713.22000270564	0.9997605029904673	0.0002565786222856711
55713.24043690972	1.000376417820993	0.0002551239166939957
55713.28130531765	0.999870769881374	0.0002568991207487289
55713.30173952161	0.9999250490893993	0.0002571725238512583
55713.32217362534	1.0002913982139625	0.00025738275670333347
55713.34260792895	1.0000290630424566	0.0002567792694366156
55713.363042132565	1.0000187853383846	0.0002577045876158724
55713.383476236064	1.000716239443903	0.0002571647528257099
55713.403910539564	0.9997050235942917	0.0002578170240516046
55713.42434474294	0.9998149420906367	0.0002554515936388416
55713.44477904621	0.9994271569601622	0.00025499700724006773
55713.46521314935	0.9996963365451582	0.00025442370336906225
55713.48564735238	0.9999108867745686	0.0002588180789993309
55713.50608165542	0.9998681615421355	0.00025416689531125044
55713.546949961245	1.0002043906123794	0.00025941542637139336
55713.56738426393	0.99990822738868	0.0002561401862934475
55713.58781846661	0.999898940445766	0.0002595539968840596
55713.608252569175	0.999801780502592	0.0002542792648098783
55713.62868677174	0.9996823444174889	0.00025961320447473164
55713.64912097408	1.0000133767475254	0.0002542462975480649
55713.66955527641	1.0000826881313478	0.0002597001668293929
55713.689989478626	1.0001631634215908	0.0002580569455810081
55713.71042358084	0.9995687218249236	0.00025951217488958073
55713.73085788294	1.0002488674633025	0.0002579316914695687
55713.751292084926	0.9999701972955886	0.0002592557067651371
55713.771726186795	1.0004205145890006	0.0002576921381847004
55713.79216048854	0.9998949597300132	0.0002590896440146788
55713.812594690295	1.0001476950050032	0.0002574084910198587
55713.83302879192	0.9998407704922139	0.0002586942017836149
55713.853463093445	0.9999639623326053	0.00025719574005831036
55713.873897294965	1.0002902527027338	0.0002582560344566931
55713.89433139637	0.9998967873197906	0.000256865041828885
55713.93519989882	0.999724130208655	0.00025636779490408404
55713.955634199985	0.9998101037077218	0.0002572462743613265
55713.99650250198	0.9998024898570034	0.00025422979318279746
55714.01693680279	0.9999496576116362	0.0002556404670553964
55714.037370903614	1.0000856587896862	0.000255460354651628
55714.0782394049	0.9998897386832098	0.00025493335267600444
55714.098673505374	1.0003124903185232	0.00025512772183102736
55714.11910770585	1.0003402042510825	0.0002543540522810907
55714.139542006196	0.999576150389384	0.0002548306981309315
55714.180410406676	0.9998253247533327	0.00025462751381315457
55714.200844606676	0.9999383528792545	0.0002545810633304875
55714.22127880668	0.9999843484445033	0.00025450519773525783
55714.24171300657	1.000211467214555	0.00025445102231101354
55714.26214720646	1.0000096866935488	0.00025427180809485365
55714.30301560588	0.9999402943632	0.00025420851943890353
55714.32344980542	0.9996491709079425	0.0002543361452826595
55714.34388390485	1.0000013808336057	0.0002542314236566314
55714.36431820427	1.0000088258960578	0.0002542333547843348
55714.384752403574	0.999988752906912	0.0002540924371867984
55714.40518670277	0.9996072670980023	0.00025419191172421156
55714.425620801834	1.000146425639426	0.0002542270603904677
55714.44605500091	1.0002214436383499	0.00025414906164998206
55714.46648929987	0.999731053939413	0.00025412273477225207
55714.48692339871	1.0000429350752134	0.0002542542758060331
55714.50735759755	0.9999783094380639	0.00025428337754872
55714.52779189616	0.9998687310031769	0.00025435567102764713
55714.54822599476	0.9998833673101559	0.00025438172186825005
55714.568660193254	1.0001640921179684	0.0002545793690255034
55714.58909449175	0.9998172931033122	0.0002545626653875567
55714.60952869	0.9997203078235136	0.0002546829880602393
55714.62996278826	0.9999156236168601	0.00025478186017007567
55714.65039708641	0.9997998692222447	0.00025434152737952834
55714.691265482455	0.9998147680996555	0.00025510565502093245
55714.732133878155	1.00001962318057	0.0002550291984533102
55714.77300227351	0.9996002865162948	0.00025559609160768923
55714.79343647107	1.0006387465424846	0.00025480082934275155
55714.813870768514	1.0000078414491014	0.0002541298709777391
55714.83430486584	1.0003366316610536	0.00025589110681438455
55714.85473906305	1.0003634592308366	0.0002548835665712876
55714.87517336026	1.0000313969394339	0.00025469416935309445
55714.89560745736	0.9997235686393247	0.0002564551352662908
55714.91604175433	1.0003101565988157	0.00025610030293562926
55714.93647595131	1.0000871898132493	0.0002554285681675318
55714.95691004806	1.0002203538865713	0.00025627533331012677
55714.9773443448	1.000183340374485	0.0002542884277853471
55714.99777844143	1.0002683515927242	0.00025648755638331514
55715.01821263806	0.999904260327641	0.0002564101113458438
55715.03864693445	0.9999006753394207	0.0002565432455487989
55715.05908103085	1.0001435066069786	0.00025657725443711506
55715.07951522713	1.0001168745612123	0.0002565655592941267
55715.09994952329	0.9994980138182071	0.00025649595424585755
55715.120383619455	0.9997491196410475	0.0002541796819597436
55715.1408178155	1.0001785907205687	0.00025653025206253804
55715.16125211131	1.0000163318755346	0.0002561486769893858
55715.202120502945	0.999891072690653	0.000256414482074323
55715.242988894104	1.0000837079562166	0.000256259799547929
55715.26342308969	1.0001662177223607	0.0002562090689157329
55715.28385728503	1.0002588354678421	0.00025608662252903645
55715.304291480265	1.0000198605836923	0.00025640209946656707
55715.34515987061	1.0000882125062434	0.00025535073910362075
55715.386028360605	1.0001678260266553	0.0002561859569472699
55715.40646245537	1.0000222487169446	0.0002555975011603833
55715.42689675014	0.9996585676925839	0.00025683884866896514
55715.44733094479	0.9999641184189746	0.00025534567688318793
55715.48819933386	0.9999941473104166	0.0002566448429306897
55715.50863352827	1.0000663179804996	0.00025442791168592754
55715.52906762257	0.9998941902244026	0.00025510387568289063
55715.56993611083	1.0000660103309784	0.00025524492813882677
55715.59037020489	0.9996055229501702	0.00025614174083019833
55715.61080449884	0.9998087480048431	0.0002560582061721766
55715.63123859268	1.000242664167774	0.00025597296243770634
55715.65167288639	0.9999482412276149	0.0002541604375129081
55715.67210708	1.0006042004937703	0.00025578836294626865
55715.6925412736	1.0000537086984282	0.0002556744309578173
55715.71297546708	1.0003334400932062	0.0002543111690346611
55715.73340966045	0.9998994864997159	0.0002553845631831563
55715.7538438537	1.0001044416196332	0.0002542246251132696
55715.774278046956	1.0001306371356173	0.0002552008023903649
55715.79471223998	1.0001927076855612	0.00025426459197683173
55715.815146433	1.0001666559792346	0.00025442900523861886
55715.856014818804	0.9998740994461427	0.0002543071804899759
55715.89688330414	0.9998137985269648	0.0002542981660314156