55284.09220589541	0.9997726976326964	0.00025348649858243215
55284.11264005671	0.9997471478446537	0.0002533473093334392
55284.13307411809	0.9998314080720696	0.00025346748559036366
55284.15350837962	0.9999091388110086	0.0002549010696832921
55284.17394254127	0.9998458153828905	0.0002535034186225065
55284.19437660303	0.999642392667279	0.000253373618406505
55284.214810864905	1.0000243750215372	0.00025395825214918113
55284.2352450269	1.0001340995588182	0.00025466882910078195
55284.255679088994	1.0001605782658696	0.00025663227177556794
55284.27611335124	0.9999479987986868	0.00025352569569357626
55284.296547513586	1.000025212533765	0.0002590561546515762
55284.31698157605	1.000378094742028	0.0002565540271314414
55284.337415838636	0.9998521290563698	0.00025502413132535946
55284.35784990133	1.0003654753488287	0.00025710317169602974
55284.37828406415	1.0000289665973496	0.00025851825927348474
55284.39871832708	1.0002372999287361	0.0002568550942109561
55284.41915249014	0.9998343712282859	0.0002616973730303062
55284.439586553315	1.000361950396725	0.0002585009552600047
55284.4600208166	1.0001211970685486	0.0002557325995451465
55284.48045498001	0.9999079024276407	0.0002748796431997175
55284.50088904353	0.9995976198661061	0.0002572675955582872
55284.52132320717	0.9998795692837973	0.0002556047644378456
55284.54175747093	1.000088321206127	0.0002669280275157451
55284.5621915348	0.9996931332536612	0.0002545235994365863
55284.582625698786	0.9999967871639277	0.00025384456544732495
55284.603059962894	0.9999594081346215	0.0002624454810702971
55284.62349402711	0.9997842499384875	0.00025380499883435285
55284.64392819145	1.0001669069768155	0.00025910211571236773
55284.66436245592	0.9997112297386312	0.0002605789491008607
55284.68479652048	1.000164189540607	0.00025430528853507905
55284.70523068518	1.0003065435293146	0.00025589751745104755
55284.72566495	1.0000592127431145	0.00025470756661708605
55284.7460991149	0.9999192598165196	0.0002535844208098352
55284.76653317995	1.0000218743444715	0.0002562655302592706
55284.78696744509	1.000119305661109	0.0002561589469014194
55284.80740161037	0.9999183937195044	0.00025412814366106677
55284.827835675744	1.0004754265191154	0.0002610638294249724
55284.84826994126	1.0002828491730715	0.0002560531209286179
55284.86870410686	0.9998485846227692	0.0002533530047008178
55284.88913817261	0.9999487292725859	0.0002535606330290622
55284.90957243845	0.9999896821890524	0.00025346233635488956
55284.93000660443	1.000314037904781	0.00025357199580848614
55284.9504406705	1.0002108634259947	0.00025355030975025405
55284.970874936706	0.9996815194806231	0.0002534228461340535
55284.99130910302	1.0001351588892633	0.0002533326832668317
55285.01174326944	1.0003582009396847	0.0002538390525954669
55285.05261160264	1.0002106976130682	0.00025342449811030884
55285.07304566941	0.9999281560124653	0.0002561298492412451
55285.09347983631	0.9999183811587861	0.00025476428529543115
55285.113914103305	1.0002132497172296	0.00025354837240210864
55285.134348170424	0.9999967282575256	0.0002550778976186048
55285.15478233766	1.000139229500335	0.00025339196874722263
55285.17521660501	1.0000592334051153	0.0002536567599641215
55285.19565067246	1.000255568078675	0.0002533181884467132
55285.216084840045	1.000236599469273	0.0002533527573404196
55285.236519107726	1.0002804484685437	0.00025466084954276885
55285.27738734345	0.9994479530602375	0.0002541123473820152
55285.29782161149	0.9999262093907871	0.0002532707198148252
55285.31825567963	1.0004034290374553	0.00025338965740838107
55285.3386898479	0.9999979705368625	0.0002532665424434176
55285.35912411628	1.0004831553497426	0.0002535134564200511
55285.39999235337	0.9998438926182136	0.00025381797424461357
55285.420426622084	0.9999568697572998	0.0002537148925681158
55285.44086079092	0.999894186568569	0.00025327712449840393
55285.46129485987	0.999746389953323	0.0002532979121604066
55285.50216329811	0.9999153896956313	0.00025330487891610676
55285.522597367395	0.9998929217636943	0.00025326464409737527
55285.54303153678	0.9998172741163835	0.00025392066478069613
55285.56346580631	0.999852096014614	0.00026140383266830497
55285.583899875935	0.9998868889079165	0.00025325626516464755
55285.60433404567	0.9997644623170202	0.0002539784163044493
55285.62476831552	1.0002593337683998	0.00026257014108920304
55285.645202385494	0.9998462408991171	0.0002532333567412038
55285.68607082578	0.999775632687927	0.0002603213307555696
55285.70650499607	0.9997536795334574	0.00025573152556822873
55285.76780750767	0.9999041716987533	0.00025740815365114924
55285.808675849294	1.0003002049553467	0.00025978129144941316
55285.829110020284	1.0002385264922715	0.000259608289998098
55285.849544091354	0.9995761666577194	0.00025750027169372895
55285.86997836258	0.9998285550463054	0.0002532189972944316
55285.89041243389	0.9999552690432258	0.0002531856691357508
55285.91084660531	0.9999847961661328	0.00026010645515655597
55285.95171494851	1.0003707465873255	0.000254668846596583
55286.01301746415	1.0002119873265705	0.0002533743992071486
55286.033451636256	0.9995617732608433	0.00025652647538699065
55286.053885908485	1.0001207408193444	0.00025321766938707493
55286.0743200808	0.9997636716652054	0.0002541383298626607
55286.09475415322	1.0002009839957167	0.00026514473901282227
55286.115188325784	0.9996801654098659	0.00025841321639378677
55286.135622598435	1.0005025342402711	0.00025884244388869307
55286.15605667121	0.9998879554537814	0.00025655817821347305
55286.17649084409	0.9997282683803272	0.0002539468157091052
55286.19692511709	1.0001772125598347	0.00025810459154628043
55286.21735919018	1.0000656511542596	0.00025687388719951206
55286.23779336341	0.9996077948183164	0.00026041843742468556
55286.25822763675	1.0003276326237507	0.0002630569536321712
55286.278661710174	1.000457239935876	0.00026041875496126744
55286.299095883725	0.9999034923968254	0.0002531668902328965
55286.31953015738	1.0002811071908235	0.0002556159419766009
55286.339964231156	0.9999966931073806	0.00025531127048464915
55286.36039840503	0.9998274045955766	0.000253311433983493
55286.38083267902	1.0000563804440716	0.0002551417731753323
55286.40126675311	1.0001512212191952	0.0002543250384415121
55286.421700927334	0.9998704455816273	0.0002550650558170942
55286.44213520166	1.0001943698159708	0.00025845956062423746
55286.46256937609	0.9997470271728259	0.0002566897883082815
55286.48300345063	0.9999740672409094	0.00025319787634019977
55286.50343772529	0.999976101860305	0.00025850805815973317
55286.52387190004	1.0001717976504665	0.00025499251772372235
55286.544305974916	0.999717149803727	0.0002544376861454309
55286.564740249894	1.0001097978053899	0.0002545940106240711
55286.585174424996	0.9999637395273533	0.0002532022773752858
55286.60560850019	1.0004269484040806	0.00025325500231951223
55286.62604277552	0.9997465756117313	0.00025340075623929415
55286.646476950926	1.0001323637145805	0.00025323669199415566
55286.666911026456	1.0000555496958077	0.00025322105500850907
55286.6873452021	0.9998942188052329	0.0002570148541326729
55286.707779477845	0.9997661519276576	0.000253312826880514
55286.72821355371	0.9999401417879907	0.00025426545685763673
55286.74864772968	1.000035649929441	0.0002532582138959125
55286.76908190575	0.999912675053408	0.0002532996566280173
55286.789516081924	1.0000808143313182	0.0002532505105089111
55286.809950258226	1.000085043514107	0.00025408822272936644
55286.83038453464	0.9993303263664125	0.00025359951056940416
55286.871252787765	0.999802245945465	0.000253315770455152
55286.91212114132	1.0000664910597423	0.0002537940420385956
55286.93255531828	1.000117716273985	0.0002536281029985092
55286.952989595346	0.9998300559754447	0.0002537561589698927
55286.973423672505	1.0000575631244857	0.0002541794485362809
55286.99385784978	1.0001501271186966	0.00025323579979850757
55287.01429212717	1.0000427017815343	0.0002533305670984857
55287.03472620465	0.9999406844889533	0.00025405627477323857
55287.055160382246	1.0001580779228347	0.00025377565162148266
55287.07559465995	0.9999751817544684	0.000253252311184237
55287.09602883777	1.0003999528261673	0.0002533086169791715
55287.116462915685	0.999535743845785	0.0002539895522494745
55287.44340977704	0.9995687176464995	0.0002545731359362147
55287.463844056794	0.9995298223399731	0.0002584561224669554
55287.484278136646	0.999360679113245	0.00026147281566028796
55287.504712315575	0.9998495801796674	0.0002536992751798095
55287.525146595646	0.9996625027451892	0.00026420710177421094
55287.54558067582	0.9997946901038035	0.00025691497669926103
55287.58644913648	0.9991827058810954	0.0002709218592313787
55287.60688321697	0.9996345252182521	0.000270023823159257
55287.62731739756	0.9997931854611879	0.00026238441652215216
55287.64775167827	0.9997115662855545	0.0002795246946635846
55287.688619939974	0.9999840379144527	0.00026417669034645624
55287.709054221006	0.9995329282664193	0.0002771655014396343
55287.729488302124	0.9994283005185662	0.0002592165933372465
55287.74992248335	0.999698680810903	0.00026493922694279334
55287.770356764704	0.99996518806194	0.00026380464240745706
55287.790790946136	0.9997134862265754	0.0002569225413487897
55287.81122502769	1.0001745238369115	0.0002675102683594347
55287.83165930935	0.9995951853516534	0.00025988524449143817
55287.85209349111	1.0001959472167532	0.0002540166088735997
55287.87252757296	1.0000862034454006	0.0002565222339090304
55287.89296175492	1.0001868846980626	0.00025386385379076585
55287.913396036995	0.9997076778761622	0.00025861393260733325
55287.93383011919	0.9997395192345461	0.0002653955988681954
55287.95426430147	0.9999250117836522	0.00025543838540104824
55288.01556684895	0.9998068535695809	0.000253454737538681
55288.03600113164	0.9998581069723038	0.0002538447095721853
55288.05643521444	0.9995882510641851	0.00025432693435731036
55288.076869397366	1.0000703950399692	0.00025386871245842123
55288.09730368038	1.0003575658423818	0.00025441549075396884
55288.1177378635	0.9996164414258424	0.0002610410258652759
55288.138171946724	0.999745882113422	0.00025381697501019625
55288.15860623005	1.0000642175504535	0.00025667849922672386
55288.17904041348	0.9998207154931333	0.00025855626670079037
55288.199474497014	1.0002704080573905	0.00025371876865421417
55288.219908780666	0.9998572753494922	0.0002537262565791276
55288.240342864396	1.0000934051464965	0.0002534405873397605
55288.26077704825	1.000152686989979	0.0002533716221383162
55288.281211332214	0.9998610321587545	0.00025507943020567335
55288.30164541627	0.9999265617224888	0.00025335687060569484
55288.32207960043	0.9998242464960373	0.0002536248774540767
55288.34251388471	1.0002798971698383	0.00025391259696969874
55288.36294796905	1.0007616967848865	0.0002536483740327162
55288.38338215353	0.9999784112911955	0.00025434401886125966
55288.403816438105	1.0000611547687739	0.0002576892842698134
55288.42425052279	1.0001950518169154	0.00025389343340640754
55288.46511899245	1.0000739611641842	0.0002535457039130022
55288.526421447714	1.0003472669033944	0.0002573438501147261
55288.5672898184	0.9996139189936132	0.0002561607450521471
55288.58772400391	1.0007121251152884	0.0002537509720918453
55288.60815828951	0.9999509178071011	0.0002575536200804937
55288.628592375215	1.0002935530800043	0.00025500320748206794
55288.64902656103	0.9996267340487845	0.0002535596838744478
55288.66946084693	1.000249893660993	0.00025768643122755337
55288.68989493295	1.0000457197051849	0.00025400478295577894
55288.710329119065	0.9996619496093622	0.00025846313399837013
55288.730763405285	1.0001446742421007	0.0002639487196358561
55288.7511974916	0.9998602603925286	0.00025589009838537574
55288.77163167803	0.9996692650418033	0.00025911341171883583
55288.792065964546	0.999834800158248	0.00025705052066103744
55288.81250015117	0.9998142113126935	0.00025362095658438367
55288.8329342379	1.0002723661371347	0.000265556387090663
55288.85336852473	1.0001285630509635	0.0002649193327935462
55288.87380271166	1.000299535876763	0.00025354224260360067
55288.89423679869	1.0001216393508472	0.0002605254909420678
55288.914671085826	0.9999394171968357	0.00026402769575062146
55288.93510527306	0.9997276217630686	0.0002583661116437633
55288.955539360395	0.9998026733176197	0.0002651950214394587
55288.975973647845	1.0001051452763146	0.0002727566306481732
55289.016841923025	0.9998268692361929	0.0002603669023836393
55289.037276210765	1.0002697833462153	0.00025596366978942315
55289.05771039861	1.0006592663683485	0.0002581543403630173
55289.07814448655	1.000206627798892	0.00027201216362872117
55289.098578774596	1.0001539184259172	0.0002570981654034981
55289.119012862735	0.9997093894381122	0.0002625387035592258
55289.13944705098	0.9997636982151059	0.00026908686897467393
55289.15988123933	1.0000166443646026	0.0002601041093660584
55289.18031542777	0.9997137202078894	0.00026033343966899117
55289.20074961633	1.0003310200289248	0.000258247237576959
55289.22118380497	1.0001839083406923	0.0002531168263970176
55289.24161809372	0.9999651697520979	0.0002622862784053935
55289.26205218257	0.9995463021798305	0.0002691275623862235
55289.30292066057	0.9997204785141562	0.0002616800026660748
55289.323354749715	0.9998587426836167	0.0002631521669223798
55289.34378893896	0.9996888599826879	0.00025896055594295007
55289.36422322832	0.9999843118879566	0.0002680192587338766
55289.38465731776	1.0001116663817415	0.00025545451381361726
55289.40509150731	1.0000622043082785	0.0002534298566793163
55289.42552579696	1.0002640402143417	0.00026457714165976356
55289.44595988671	1.0002318184384489	0.00025685770175770656
55289.507262556544	0.999785202414357	0.00025405282536181183
55289.52769664669	1.0000682782714136	0.00025665631795411336
55289.54813093694	1.000054694272822	0.00026123589925086574
55289.56856512728	0.9999851269865269	0.00025401877529516824
55289.588999217725	1.0000273391049022	0.0002574410913008153
55289.609433508274	1.0002050645373037	0.00025735009475066434
55289.62986769891	0.9996184016761553	0.000253162275763372
55289.65030178965	1.0002222198278274	0.00025510755210639833
55289.670736080494	1.0001526403760386	0.0002562213107162329
55289.69117027143	0.9996860639639009	0.0002531108202230707
55289.71160436246	1.0000724328113062	0.00026292236387745824
55289.7320386536	0.999579163258005	0.0002611524119411093
55289.75247284483	1.0001970605589254	0.0002534621188228202
55289.77290693616	0.999919208483694	0.0002602642939622228
55289.834209510744	0.9998487269251672	0.0002544055318602899
55289.85464370248	1.000257433795103	0.00025309481346889493
55289.8750779943	0.9997520828308004	0.00025338545933637207
55289.91594627824	0.9999128007044407	0.0002531842803974323
55289.936380570354	1.000219045612638	0.0002531372574948386
55289.977248854884	0.999892832629556	0.0002533382336761846
55290.03855143241	1.000144485613344	0.00025759905601094974
55290.05898572511	0.9998516391853478	0.0002555110253787254
55290.07941981791	0.9999168924094881	0.00025315017837858453
55290.099854010805	0.99979702109638	0.00025493294354435417
55290.1202883038	1.0004781422938271	0.0002532597758580522
55290.14072239689	0.9996863247600511	0.0002533025799148308
55290.16115659008	0.9999693130248901	0.00026182585210265046
55290.18159088337	0.9999468516304766	0.00025323961340055647
55290.20202507675	0.9995146265215917	0.0002561946060924241
55290.22245917023	0.9999639209373836	0.00025419755134869696
55290.24289346381	1.0005773044520483	0.00025400576421982915
55290.26332765748	0.9997930310495373	0.00026036930386189055
55290.28376175125	1.0001893435138542	0.00026059984918546894
55290.32463023908	0.9999915797150978	0.0002628103049085017
55290.34506433314	1.0000667316556604	0.00025924871470255523
55290.365498627296	1.0002701354272188	0.00026055232288056684
55290.38593282155	0.9999174241506252	0.00027299922785085814
55290.40636691589	0.9997631748442926	0.00026549532603790536
55290.42680111034	1.0000465307867021	0.0002709154627231877
55290.44723540488	1.000101670307985	0.0002712483288620287
55290.48810369424	1.0001457977716237	0.0002636110115523515
55290.50853798907	0.9994539895201889	0.0002651691351112571
55290.528972184	0.9997848120973952	0.0002562243153834081
55290.54940627902	1.0004914247266001	0.00027142954257330297
55290.569840574135	0.9999427986820465	0.00026682126527693116
55290.59027476935	0.9998609414523012	0.0002692473991459008
55290.610708864646	0.9998653864070336	0.00026878442242959667
55290.65157725554	0.9997995594702589	0.00026166277776562883
55290.67201145114	1.0003566847295793	0.0002720517683184904
55290.69244574683	0.9999995170677985	0.00026698586560718675
55290.712879842606	1.0003070661396447	0.0002551619720597176
55290.73331403848	0.9998970916671295	0.0002593121074119994
55290.75374833446	0.9993893989138484	0.00025617339950343815
55290.77418243052	0.9997442777831301	0.0002558541068831818
55290.794616626685	1.0001160740230814	0.00026192182740316055
55290.81505092294	1.0005986452833282	0.0002558316391328217
55290.83548501929	1.0000281923675307	0.0002557361361560709
55290.85591921573	0.9999852757411143	0.0002747110498194728
55290.87635351228	1.0000705256043476	0.0002572793155046001
55290.896787708916	1.0000852724405567	0.0002548284156716567
55290.91722180564	1.000069645369992	0.0002585115727629269
55290.93765610246	1.0003720619092171	0.00025496136384863113
55290.958090299384	1.000045999297621	0.0002576350330932203