56129.41234433863	1.0001792543971837	0.00033249467811283684
56129.4532126547	0.9996101473587639	0.0003330928753244523
56129.473646762504	1.0001772236359705	0.00033402809335145997
56129.51451497764	1.0000316817074357	0.00033616368946800325
56129.555383192084	1.0000292159621473	0.00033430908133551745
56129.57581729896	1.000299347435197	0.00033319209359119377
56129.596251405834	1.0004004789945542	0.00033234555210314245
56129.616685612236	1.000085578827511	0.0003332158759263255
56129.65755372505	1.0001569813101963	0.00033261613535975643
56129.67798793099	1.0002869219270765	0.00033491023398567513
56129.69842193693	1.000116402671284	0.0003353154472528789
56129.718856042644	0.9995865709705165	0.0003336485347676136
56129.73929024835	1.000197014140608	0.0003360966633601637
56129.75972425359	1.0004790505887815	0.00033336344149631405
56129.78015845883	0.9999736305351407	0.00033250738780739276
56129.80059256384	0.9998254326406848	0.00033225882945876333
56129.821026568854	0.9995386294043636	0.0003323890996396327
56129.841460773394	1.00108851226907	0.0003323302310396942
56129.86189487794	1.0002541710599206	0.0003322531594439636
56129.882328982254	0.999384449005822	0.0003324126897403288
56129.90276308656	0.999798885631622	0.0003322972449134173
56129.92319719041	1.000099330825687	0.0003322586648784096
56129.943631294256	1.000076953039946	0.0003325295593992026
56129.964065397864	1.0007952667236242	0.0003323832747361942
56129.98449950148	0.9997489673031452	0.00033241112904497237
56130.00493360463	0.9999604381961056	0.0003329157191493045
56130.02536770777	0.9984862433378829	0.00033205787414264767
56130.04580181069	0.9969578748736518	0.00033242129576656267
56130.066235913604	0.9967718703370962	0.00033371292399136894
56130.08667001605	0.9960538630570785	0.0003323739190630845
56130.1071041185	0.9962320041921504	0.000332137835462219
56130.12753832095	0.9957075730491907	0.00033428307622158037
56130.14797232293	0.9954217864975613	0.00033183582633090935
56130.16840642491	0.9953993487962725	0.0003318370461778597
56130.18884062643	0.9950959815092599	0.00033200355353415985
56130.20927462818	0.9958984381213534	0.00033211489589730334
56130.229708729465	0.995327595484407	0.0003321371266508475
56130.25014293075	0.9954549013955776	0.00033226054428586043
56130.2705769318	0.995107066803259	0.00033202763154396907
56130.29101113262	0.9947192710099523	0.0003318154208424726
56130.31144523321	0.9952149509889283	0.0003334968397382443
56130.33187923379	0.9949266107102954	0.00033341427951402936
56130.352313434145	0.9952967397009398	0.0003327370521974834
56130.37274753427	0.9954476449155201	0.0003321572521032646
56130.39318153415	0.9951599672484774	0.00033183212844330347
56130.41361573404	0.9947890709791349	0.00033178809191429254
56130.4340498337	0.9955242844275168	0.00033247774422078767
56130.454483933114	0.9950873905377929	0.0003319176842526723
56130.47491803254	0.9957558745528718	0.00033237038628115216
56130.4953521315	0.9949449147524405	0.0003320234746018932
56130.51578623045	0.9957207486283319	0.00033185248133606296
56130.53622032917	0.9954801280635946	0.0003320678516056245
56130.5566544279	0.9958634772045112	0.0003318684304474129
56130.59752272441	0.9958216980795094	0.0003320555816078292
56130.63839092046	0.9973397606440679	0.0003319734179855381
56130.65882501802	0.9994265948519748	0.00033228646218198647
56130.67925901558	0.9996942962015132	0.0003321607216217756
56130.699693212904	0.9995991026376825	0.0003321221642075359
56130.72012721023	0.9997011262253457	0.00033225083687019974
56130.740561307095	0.9998742612978205	0.000332110705916967
56130.76099550395	0.9999730898391621	0.0003321385762690908
56130.78142950058	1.000461553373813	0.0003321923071123456
56130.80186369721	0.9997174710554102	0.0003321166873069509
56130.82229779337	0.9994630502478234	0.00033245783137281833
56130.84273178953	0.9998421999892926	0.0003321209692510784
56130.86316598546	0.9995821437189836	0.00033208254814292963
56130.88360008116	1.0000451512944286	0.00033265714709320533
56130.904034076855	1.0000453349836018	0.0003322939233100339
56130.92446827232	0.9995690134572928	0.00033319904434732936
56130.96533646255	0.9998391747427062	0.00033352516911755654
56130.98577055754	1.0005197103728247	0.0003333570261026657
56131.006204652076	1.0001159858916044	0.00033216473137510634
56131.02663874661	1.0002305799899096	0.0003328649138343798
56131.047072841146	0.999533960293962	0.00033359710295337275
56131.06750693521	0.9996550251488585	0.0003326751792289929
56131.08794112928	1.0002021310923013	0.0003331534443555884
56131.108375223106	1.0003890606206416	0.00033749375027318897
56131.12880921671	1.0000817590416542	0.000334618913012217
56131.14924341031	0.9998800641305032	0.0003338636369747744
56131.16967750344	1.000287924118442	0.000336237603104142
56131.19011149658	1.000181838446466	0.000332972195811513
56131.210545689486	0.9999163052403987	0.0003322629353013816
56131.25141377482	1.00013536921128	0.0003326374620775586
56131.29228205946	0.9997691159158532	0.0003323117732921523
56131.31271625167	1.0004490465372458	0.0003321541163472383
56131.33315024341	1.000504064654591	0.00033292757594609437
56131.35358433514	0.9996571893957981	0.0003322007010742872
56131.37401842665	0.9998069399842562	0.0003323094194031853
56131.39445251816	0.9998607990580577	0.0003322718328304749
56131.4148865092	0.9995014502257711	0.00033207004762146646
56131.435320700235	0.9995090119007549	0.0003323183720979051
56131.455754791044	0.999815176021394	0.0003320809105138779
56131.476188881614	1.000342682492141	0.00033216426636723076
56131.49662297219	0.999816132005923	0.0003323715666461004
56131.5170570623	0.9997422588622136	0.00033209165785760294
56131.537491152405	1.0000088069593018	0.0003321014493719057
56131.557925242516	0.9999539433483102	0.0003324936232988513
56131.57835933216	1.0002719178469561	0.0003328047951687727
56131.5987935218	0.9999243035232951	0.00033225434805872283
56131.61922751121	1.000179885608378	0.00033419965971282503
56131.63966160039	0.9998599958777412	0.00033575899981057094
56131.66009578933	1.0002685060134744	0.0003321785362371581
56131.68052987828	1.000163417151637	0.0003329170271072419
56131.70096386699	1.0005200574184072	0.0003329924719150311
56131.721398055466	0.9999558563058584	0.00033226171305369154
56131.741832143714	1.0001151950660736	0.0003323709849399883
56131.76226613196	0.9994640297968649	0.0003323460696044654
56131.78270031974	0.9999095983956292	0.00033207207218975964
56131.80313440752	0.9995231808903331	0.00033353939728443776
56131.8235683953	0.9999307649022581	0.0003342053447759072
56131.84400258261	0.9997956453653749	0.0003320760708703272
56131.86443666993	1.0002926334121618	0.00033245042451488763
56131.884870857015	1.0000859527539	0.000333692308509818
56131.90530484386	0.9996786018411895	0.00033212818921155767
56131.94617311709	1.0000179537481926	0.00033436891457115707
56131.96660710347	0.9993699787554702	0.000332681490058166
56131.987041189626	0.9998542019318575	0.0003322555523260101
56132.007475275546	1.0003445515021374	0.00033299737173249697
56132.02790936146	1.0006734545647382	0.0003323972392902611
56132.048343447146	0.9996486011597994	0.0003320754054620648
56132.06877753259	1.0001681816417545	0.0003329052563169616
56132.089211617815	1.0002557332135462	0.0003324621677799128
56132.109645802804	0.9999772667709981	0.00033211992727550353
56132.130079887786	0.9997306372485927	0.00033343251201824837
56132.170948057064	0.99989526638614	0.0003331551715000046
56132.19138214158	1.00003679527313	0.0003332215675469728
56132.21181612564	0.9999968315142267	0.0003340732616145004
56132.232250309695	0.9996616148872264	0.0003329748218095266
56132.25268439351	1.0001565342297511	0.0003335520876396719
56132.2731183771	1.0001172533058977	0.0003326931618914536
56132.293552560695	0.9995378086293463	0.0003320411786577084
56132.31398664405	1.00001716770457	0.0003324207716420524
56132.33442062717	0.9998049395881322	0.00033366324778596394
56132.354854810066	1.0000259131626472	0.0003325944605420933
56132.37528889272	1.000134463174013	0.0003322676679730342
56132.39572307538	1.0003752406129935	0.0003340486547941548
56132.436591139995	0.9996301010385931	0.0003320169791174617
56132.45702532196	0.9999876351022359	0.0003334244705633348
56132.47745930392	0.9991350043805721	0.0003324399101006146
56132.49789338564	0.9999115749726553	0.00033247416621459274
56132.51832756714	0.9997104136149313	0.00033214068055232313
56132.5387615484	1.0001262704642702	0.00033208191668766026
56132.55919562942	0.9998204332598346	0.000332423081124393
56132.579629810454	0.9998887131017287	0.00033204530404850143
56132.60006389125	0.9992639901383291	0.0003321225400383318
56132.62049797181	0.9999369971469017	0.0003327201117140832
56132.64093205214	1.000002549912471	0.0003320805912343182
56132.66136613247	1.0003543067268064	0.00033209931005106634
56132.681800212566	0.9998357022077177	0.0003327045523988319
56132.70223429243	1.0002898125215496	0.000332679040453461
56132.722668372066	0.999922169007265	0.0003320466866088775
56132.74310245169	1.0005322022884808	0.0003321081133600148
56132.76353653086	0.9997610209804382	0.00033264363158106797
56132.78397051003	0.9997884521647644	0.00033201226992713914
56132.804404688955	0.9996716803083057	0.00033201432196536745
56132.82483876789	0.9999287315830812	0.0003331110585186857
56132.84527274636	0.9993900139608846	0.00033208295420505935
56132.86570692482	0.9997083480356536	0.0003323379539668081
56132.88614100306	1.0000644520584419	0.0003348923676637827
56132.92700915906	1.0001942969322763	0.0003323697314254766
56132.9474432366	1.0000670896137027	0.00033345204122682564
56132.967877414136	0.9999805440219814	0.00033284055371155983
56132.98831139143	0.9997423612361633	0.00033208420482479516
56133.02917964557	1.00024637629895	0.00033232289420280476
56133.04961362241	0.9996314097557446	0.0003320934441828426
56133.07004769902	1.0000436590077404	0.0003323816126713584
56133.09048187539	0.999851704122721	0.0003329233371451662
56133.11091595176	0.9997483094487776	0.00033203293909451207
56133.131349927666	1.0003425094363796	0.0003320929930758496
56133.15178410357	1.0000488515493182	0.00033606710318200494
56133.21308633013	1.0002803114388426	0.0003341873572041293
56133.23352040533	0.9999081428549713	0.00033380491256832705
56133.25395448031	0.9997195450575393	0.00033391089463537374
56133.294822629556	0.9999974621861405	0.0003321260892374181
56133.31525680407	1.00028843795788	0.0003358724568844398
56133.335690778345	1.0005773984793	0.00033240224369156826
56133.356124852384	1.0000634927797432	0.00034060011465699905
56133.39699299977	1.0002113168886533	0.00033235604389952574
56133.4378611467	0.9999589383787979	0.000332079088536098
56133.45829521981	1.0001912566567766	0.0003321267046071075
56133.478729392686	1.0000501526577117	0.00033317681610139823
56133.499163365566	0.9998721291211761	0.00033374239062727054
56133.51959743821	0.9996424802854893	0.0003330062288454089
56133.56046558281	1.000080306148711	0.0003327916347781896
56133.58089965476	0.9999662795082056	0.00033199638344752355
56133.6013338267	1.0002296450205166	0.00033203415386400524
56133.62176779842	0.9998912136327862	0.0003327775873408452
56133.642201869894	1.0005230220741705	0.0003327423329117658
56133.66263604115	0.9995454128615396	0.0003325992975963411
56133.683070112165	1.0007731155502322	0.00033522759531747143
56133.70350418318	1.0003801862463146	0.00033213516436217443
56133.72393825396	1.0003040393725764	0.00033204800117112807
56133.744372324516	0.9997888044408119	0.00033374149299389373
56133.76480639483	0.9998022262783777	0.00033230855871932587
56133.78524046515	1.000294343714748	0.0003320980278414449
56133.80567453524	0.9996974361426103	0.0003326826684067441
56133.846542674706	1.0005814747235275	0.00033219052320408585
56133.866976744095	1.0000154289670353	0.00033232753313312184
56133.88741091348	1.0000521831430231	0.00033304820877117923
56133.94871312001	1.0005926510937555	0.0003326836926043011
56133.9691470887	0.9997122303568861	0.00033212555629189456
56133.98958125692	0.9996212202504458	0.0003321090057362072
56134.01001532514	1.0002332516801884	0.0003322134954078296
56134.03044929313	1.0003553499626636	0.0003321488688567198
56134.05088346089	0.9992844072948046	0.0003321161647939514
56134.071317528644	1.000438061210207	0.0003322293512304367
56134.09175149617	1.0001836401616426	0.00033222619319849434
56134.11218566323	0.9997197479026732	0.00033231726743673486
56134.132619730284	0.9992461015662586	0.00033206127736794884
56134.153053697344	1.0003221996771738	0.00033338165530522615
56134.17348786394	1.000075310825602	0.00033210525447032043
56134.19392193053	0.9997083494465477	0.0003321405535787237
56134.21435589689	0.9998963968553696	0.0003324837521957001
56134.23479006302	0.9999604244819489	0.0003321692020346019
56134.275658194805	1.000329658025925	0.0003321251812285132
56134.296092260236	0.9998083705676064	0.0003321184896142075
56134.31652632566	0.9998587279855855	0.0003324364034463001
56134.33696049086	0.9998973502873701	0.00033233237896043146
56134.357394456056	1.0001119606737467	0.0003325866168715134
56134.37782852078	0.9999899206063092	0.0003327704531008598
56134.398262685514	1.0003373149006123	0.00033214098016862934
56134.41869665001	0.9999014570878275	0.0003322566008150689
56134.43913071427	0.9998320285602456	0.0003324509080295359
56134.45956487831	1.000510220182261	0.00033217646068998654
56134.47999884234	1.0004852048935966	0.0003321424499260733
56134.500432906134	1.0001117715380339	0.0003324470450906649