55644.58088175631	1.0003565843062088	0.0003260418331678505
55644.601315725	0.999704341474607	0.0003242510730408395
55644.62174969392	1.000042040548422	0.0003244822766702308
55644.64218366307	1.0002459703065056	0.00032597364031798653
55644.66261763246	1.0000337267878574	0.0003213295348232061
55644.68305160196	0.9996698655653109	0.0003238948121645798
55644.723919541895	1.000422391459356	0.0003205733842959177
55644.7443536121	1.0004698736238882	0.000320643650417131
55644.76478748264	1.0002148477769583	0.00032041754109582925
55644.78522155331	0.9997782313478363	0.00032033460999875976
55644.82608939546	0.9996015941003004	0.0003199953126222682
55644.866957438426	0.9996331228194992	0.0003223491871215651
55644.88739131025	0.999402742115537	0.00031919085657781336
55644.907825382434	0.9999751094672007	0.0003199970944951499
55644.92825935461	0.9999109643633125	0.00031865942853458645
55644.94869322714	1.000007648740524	0.000318756673121929
55644.969127299904	0.9998787838985119	0.00031941023428698695
55644.9895612729	0.9995544522458855	0.0003189855625564949
55645.00999534601	0.9999134297524035	0.00031891778335751346
55645.03042921947	1.0003153185806186	0.0003192558706305999
55645.05086319304	0.9996458148254537	0.00031876796589654674
55645.07129716697	1.0003134117799541	0.00031861750757416286
55645.091731141016	1.0007352735812451	0.000318629770612963
55645.11216511529	0.9997050355404218	0.0003187370883687269
55645.132599189914	0.9998011995160101	0.0003187976697001686
55645.15303306454	0.9998719918649883	0.00031885913417424306
55645.173467139626	1.0004065942830849	0.00031860793565340826
55645.19390101472	0.9999631438150518	0.0003186203107949363
55645.21433499016	0.9999681042121038	0.00031869885256695553
55645.255203041736	1.0001336109781327	0.0003190637091420486
55645.27563691776	1.0000236419100712	0.0003192325051664339
55645.296070994125	1.0006710328660169	0.00032044197985657086
55645.316504970615	0.9996390300263667	0.0003187535891636283
55645.33693884734	0.9998092612045554	0.00031958423305805526
55645.3573729244	1.0009098484802643	0.0003197441583282419
55645.37780690159	0.9999989918342449	0.00031870182801512815
55645.39824097901	0.9991792873858831	0.00032048148759716605
55645.41867485666	0.9995204521456198	0.00031986393716950827
55645.439108834544	0.9999344376932977	0.0003212231281995623
55645.45954291255	0.999817654929821	0.00032006258416316817
55645.47997679089	1.0001350575664691	0.0003202980504361432
55645.50041076948	1.000323430393827	0.0003222441671418822
55645.52084484818	1.000551789727065	0.000320227646248245
55645.54127872722	1.00055153728793	0.00032098949020082756
55645.56171280639	0.9991220051855371	0.00031960402908454193
55645.582146785906	0.9997433885767951	0.00032210049045225934
55645.60258066553	0.9997681554047388	0.0003213061499147583
55645.6230147454	1.0001432037638243	0.0003194671435801315
55645.643448725496	1.0001671385344166	0.0003219286948605422
55645.66388260582	1.000204294562264	0.0003191697546875915
55645.68431668627	0.9998607141322705	0.00031950819247738145
55645.704750667064	1.0000149082779908	0.00032287414484849096
55645.72518464809	1.0002316126207824	0.0003192355497950148
55645.74561862923	1.0001529515537388	0.0003189607309495692
55645.76605261073	0.9999098189017618	0.0003197658779829414
55645.78648659233	0.9998968226394982	0.0003188483476764578
55645.80692057418	0.9999341151685007	0.00032099114457305873
55645.82735455637	1.000006485535379	0.0003198095913839919
55645.847788538675	0.9997697356643278	0.0003194117965822624
55645.86822252122	0.9994355901304502	0.0003200099248120911
55645.88865650388	1.0004104650814192	0.00031978041915580087
55645.90909058688	1.0012599696005329	0.0003195028131724018
55645.94995855348	0.9994014555410116	0.00031850049480610336
55645.97039253718	1.0000097796613958	0.00031868792837112336
55645.990826421	1.0006232827951735	0.00031959563231847286
55646.01126050517	1.0002067281706957	0.00031844014087077833
55646.03169448946	1.0004663603303483	0.00031877232841915124
55646.05212837398	1.0000474440777687	0.00031892682767491
55646.072562458736	1.0000820419093488	0.00031870733891306227
55646.09299644372	1.0000304985091217	0.00031848122699182054
55646.11343032882	0.999633921613926	0.00031854968364012693
55646.13386441427	1.0000546203237306	0.0003202268265466257
55646.15429839995	1.000004600350239	0.0003187453781058276
55646.17473248576	1.000157718323047	0.00031858509524171374
55646.19516637179	1.0003274149971695	0.0003207335803900157
55646.21560035817	1.0004003706970495	0.00031844995683132224
55646.23603444467	0.9998006568986922	0.0003189603279920129
55646.2564683314	0.9998250467125411	0.00032322795205469527
55646.276902318365	0.9995313061493765	0.00031994318545739965
55646.31777029288	0.9998506637995541	0.00032287611843041466
55646.33820438054	1.0002353617266495	0.00031967322177208125
55646.35863836832	1.0002654667161628	0.00032320299101289027
55646.379072356445	1.0006862339223073	0.000321010295205268
55646.41994023317	0.9997726998273049	0.0003216548389598672
55646.440374221886	0.9996072558285648	0.0003203114403486906
55646.460808310825	0.9999196737138136	0.0003192050240291895
55646.481242300004	0.9997628661333778	0.00032324055445417786
55646.50167618941	1.0003771861915838	0.00032058985555399454
55646.52211027894	1.0003503937794922	0.0003222327965005099
55646.542544268814	1.000067693706891	0.0003259951013455141
55646.58341224914	0.9995644736328229	0.00032204559489773955
55646.64471422121	0.999422131426726	0.00032274972019609644
55646.66514821237	1.0001340940858496	0.0003220885403328615
55646.70601619526	1.0004068639647017	0.0003212173664776865
55646.746884279084	0.999776039879047	0.0003197200603347442
55646.76731817129	1.0002079669853765	0.0003221455526584987
55646.78775226373	0.9996212655389365	0.00032073525589563937
55646.828620149296	1.0001116484727626	0.0003207214508292457
55646.84905424243	1.000018384113194	0.00031973834303496157
55646.869488235796	1.000059899493292	0.0003198444792808506
55646.88992212928	1.0003457242311455	0.00032060842543748684
55646.910356223	0.9998873809808612	0.00031980612714325015
55646.93079021706	0.999786640913786	0.00031982237859715177
55646.95122431125	0.9998262112698513	0.0003202878160753489
55646.97165820566	1.000165350668989	0.00031883648758769675
55646.99209220031	0.9999195804683425	0.0003198337935590068
55647.01252619519	0.9998673287334576	0.00031964411659824224
55647.03296019019	1.0000390131989838	0.0003200666944734677
55647.05339418553	1.0003765051596731	0.0003187802785346845
55647.09426217669	0.9995375012639663	0.0003205651385792687
55647.114696272736	0.9998549466905344	0.0003184749335049656
55647.1351302689	0.9996641258369987	0.000319768237513161
55647.155564165296	1.0000188735693056	0.0003219068130222129
55647.1759982618	0.9996919371230313	0.00032072155376788967
55647.196432258665	1.0000542193306852	0.0003244222168328644
55647.21686615575	1.0001725948533386	0.00032440110552943956
55647.237300252964	1.00014474700356	0.0003187993677261247
55647.25773425041	0.9995884644002804	0.0003213867383049365
55647.31903624413	0.9994463476022353	0.00032160781118803337
55647.3394703425	0.9999071006029666	0.0003200951402833563
55647.35990424111	0.9997009014816609	0.000320743764236431
55647.38033823983	1.0000719985860627	0.00032477483359554893
55647.4007723389	0.9999830848682357	0.0003200726875922683
55647.42120623809	1.0004086227840068	0.0003226088017141644
55647.441640237514	0.9997003443682297	0.0003239134595612427
55647.46207433716	1.0001506012130807	0.00031992873078709667
55647.48250823705	0.9995995516735301	0.0003194716603276215
55647.502942337174	0.999827377272031	0.00032172997942700026
55647.523376337405	0.9999509242637874	0.0003186085483478058
55647.54381033788	1.0001351223877795	0.0003234414588635099
55647.5642443387	1.0002445294627595	0.00032069403618307276
55647.58467833963	1.0003606121358033	0.0003193226491534309
55647.605112340796	1.000629227599756	0.0003202397210126455
55647.6255463422	1.0000084981184467	0.0003188718078774057
55647.64598034383	1.0000861478514076	0.00031922814190569814
55647.66641434558	1.000663203192705	0.0003194593349921163
55647.68684834768	0.9996406038133923	0.0003191141815929816
55647.70728234989	1.0000836768341945	0.0003192897757341725
55647.72771635234	1.0006251735201532	0.00032019392323613915
55647.74815035502	0.9988989097301593	0.0003195486640756451
55647.76858435793	0.9994590332767048	0.0003214907545579512
55647.78901846108	1.0001911333626894	0.0003252918875479148
55647.80945236446	0.9998396835295911	0.00032011725457495234
55647.82988636795	1.000187565221339	0.0003204711195317658
55647.85032047168	0.9998370017511445	0.000321538092368201
55647.870754375646	0.9999849036474743	0.0003201726630838125
55647.891188379836	0.999774434579521	0.0003220363994501066
55647.911622484266	0.999997062626435	0.0003198172405911045
55647.952490493815	0.9998802926295076	0.0003200493173178848
55647.97292449883	1.0004527981013225	0.0003194125911179608
55647.99335840419	0.9997997450804303	0.0003193670723778413
55648.01379250966	0.9999611828164348	0.0003195577774196145
55648.03422651537	0.9997622016166099	0.00031974521994861674
55648.05466042131	0.9997050391045783	0.00031987171225797867
55648.07509452736	0.9998676494825486	0.00031930276625204466
55648.09552853377	0.9995551146039452	0.0003209435150074814
55648.11596264029	1.0000582945530812	0.00031964507066909966
55648.13639654716	1.0001360837891875	0.0003207636708564685
55648.17726466137	1.0005013901362587	0.0003212714898180314
55648.19769856882	0.9999023304034218	0.00032162230614041616
55648.218132576396	0.9999703992814056	0.00032040158425569027
55648.23856668431	0.9999262607378339	0.0003216265210989322
55648.25900069235	1.0000890298575764	0.00032170881047222756
55648.27943460062	0.9999458083615504	0.000320445184481557
55648.29986870912	1.00003573103881	0.00032095176348387956
55648.32030261785	1.000455681609684	0.000320119081598284
55648.34073672682	0.999916479424712	0.00031983075511361124
55648.36117073602	0.9996044315545086	0.0003213201512472457
55648.402038755004	0.9994251403365473	0.0003201006676609875
55648.42247276478	0.9974149312078191	0.00032030393061809883
55648.4429066748	0.9962336254063597	0.0003199947342262856
55648.46334078505	0.9963080498141252	0.0003200666662029925
55648.48377479541	0.9958866546267584	0.0003210991145633694
55648.504208906124	0.9955272837408204	0.0003201940876294666
55648.524642816956	0.99517622252712	0.000320200472531985
55648.54507682801	0.9952841012513161	0.00032023933615231035
55648.56551093931	0.9954980746647049	0.0003203273542810664
55648.58594485084	0.9952398081420831	0.0003203599306227981
55648.6063788626	0.9947531656961203	0.0003205307168693158
55648.62681297448	0.995276998707508	0.00032038064084994683
55648.64724688671	0.9953871784061166	0.0003218854680808437
55648.667680899045	0.9950709195441179	0.00032055747605571185
55648.688115011624	0.9946372737048641	0.00032030919263947193
55648.708548924435	0.9946569919603285	0.0003205055605795747
55648.72898303747	0.9953316432256338	0.0003202606155878471
55648.74941705063	0.9948128648254223	0.0003202279297187847
55648.76985106414	0.9952680424374176	0.0003215245923144244
55648.79028507776	0.9954882277833041	0.00032021205923188643
55648.81071909162	0.9947697034437742	0.0003209273507829604
55648.83115310571	0.9951617746566648	0.00032131733272371403
55648.85158711991	0.9944235801474732	0.00031939000236643915
55648.87202113447	0.9954744046735327	0.0003196410733020687
55648.89245524914	0.9954371883688968	0.0003197908286504772
55648.91288926416	0.9963703621067066	0.0003202718234385708
55648.9333231793	0.9951471118809387	0.00031908180894916517
55648.95375729467	0.9951166636572242	0.00031915020784222957
55648.97419121015	0.9956251826643505	0.0003199328600528683
55648.99462522599	0.9960983796793188	0.00031929619770505724
55649.01505934194	0.9974985679805141	0.000319267831995057
55649.035493258125	0.9987818418615793	0.0003189798480510606
55649.055927274545	0.9996176594161122	0.0003207996786079013
55649.096795308076	1.000538715049529	0.0003189980635238671
55649.117229425196	0.9994505204983304	0.00031880700715673733
55649.13766344242	1.0005695278501934	0.0003188515336156168
55649.15809735989	1.0003768624646951	0.00031890340023566546
55649.17853147759	1.0005924372752752	0.0003186421304096158
55649.198965495525	1.0003316787151957	0.0003187971166258112
55649.21939941368	0.9994513312837338	0.00031952826310048874
55649.23983353197	0.9999539975507289	0.0003186066156829507
55649.260267550475	1.0002041291026686	0.00032010716809750985
55649.280701669224	1.0003081078560214	0.00031877616991625527
55649.301135588204	0.9999452990939172	0.00031853249646829275
55649.32156960742	1.0002254506491313	0.0003184251355829803
55649.36243764642	1.0002134852632363	0.00031851021055753217
55649.40330578624	0.9998186389073112	0.0003185175612907566
55649.4237398065	1.0005982845725727	0.0003208521368598827
55649.4646078476	0.9995061312707433	0.00031846237813303605
55649.48504186856	1.0002798813988742	0.0003189771244665088
55649.50547588963	0.9998479225660298	0.0003186531950064974
55649.52590991094	1.0000544074821003	0.0003186019823491536
55649.54634393248	1.0003768406522013	0.00032204085648645354
55649.56677795413	0.9996576373966892	0.0003201531954952211
55649.587211976024	0.9991787468969819	0.0003186677363216518
55649.64851404309	0.9993756017959073	0.00031889304987241907
55649.66894816591	1.0005649452065004	0.0003200030639239082
55649.68938208896	0.9998758544912969	0.00031897382562250153
55649.70981611213	0.9997656768328449	0.00031891383914952335
55649.73025023553	1.0000000034147571	0.0003201599688391952
55649.75068415917	1.0002967738513568	0.0003188675106144799
55649.77111818304	0.9998492163038616	0.00031924435168539684
55649.791552307026	0.9998086478356549	0.00031896154890404823
55649.81198623124	0.999763061016067	0.0003186592328031449
55649.85285438037	1.0000856053055174	0.0003195423898701068
55649.87328830529	1.0001214427136689	0.00031988956709556887
55649.89372243044	0.9996215114924467	0.0003184690579546923
55649.9345903812	1.0002484120018484	0.00031878458606453747
55649.95502450693	0.9995017347520978	0.00031949317383104365
55649.97545853289	0.9998958041604822	0.0003188814524535408
55649.99589255909	0.9996426914784728	0.00031841649623573753
55650.016326585406	1.0002150055943964	0.00031846140498015724
55650.036760611954	0.9999654074216646	0.0003225199287460469
55650.05719473873	0.9999630369046452	0.0003193359435796377
55650.07762866574	0.9998628938872605	0.00031851437184742584
55650.098062692865	0.9999597792624559	0.0003202443038101396
55650.118496820345	0.9998438888002673	0.0003189263083286425
55650.13893084794	1.000170258123295	0.00031922375981204975
55650.15936477577	0.9996687234924178	0.00031877832820182285
55650.179798903824	0.9997783614492313	0.0003194907909206463
55650.20023293212	1.0000767838845588	0.00031913767306902715
55650.22066686052	0.999830369243385	0.00032076971667852495
55650.241100989166	0.9997614059987805	0.0003190171075339587
55650.26153491804	0.9998213053451532	0.00032112430551886265
55650.30240307649	0.9998975029974124	0.0003191760735608005
55650.322837005944	0.9996877911510564	0.00032346685361806014
55650.34327113563	0.9998887674190275	0.00031963145209611637
55650.36370516555	0.9996497541823005	0.0003199279943164469
55650.38413909571	1.0001692589100244	0.00032113123344208066
55650.40457322598	1.000131052809639	0.00031922644171300855
55650.4250072566	0.9996688761670608	0.00031951062992995234
55650.44544138734	0.9997953575273768	0.0003218294246884812
55650.4658753183	1.000169493624024	0.000319900755391777
55650.48630934951	0.9994891878316443	0.0003206064951119606
55650.50674348083	0.9997768691588321	0.000323425966820816
55650.52717741249	1.000172443217901	0.00031983529617730976
55650.54761144428	1.0001226781264048	0.00032237837976769056
55650.5680455763	0.9999614478706873	0.0003204104276522351
55650.58847950843	0.999915082735836	0.0003197327184789305
55650.60891354091	0.9996308463359427	0.00031974238496587263
55650.629347673515	1.0001197538052153	0.00032009644032623686
55650.64978170634	0.9994023773703982	0.0003215557447396342
55650.67021573941	1.0002954579487429	0.0003194135029418449
55650.71108380612	1.000408114122647	0.00031967335881117844
55650.73151783977	0.9999643321828741	0.0003191646380416645
55650.75195187365	1.0008752602752105	0.00031914806007140103
55650.77238590776	1.000106001044577	0.0003190413649796173
55650.79281994211	0.9998737112139996	0.0003188805595819406
55650.81325397657	1.0003599057764399	0.00032040244517721005
55650.83368811126	1.0001188583026843	0.00032021678077428947
55650.85412214619	1.0001798493771714	0.00031950416207718384
55650.874556081355	1.0004587145723083	0.0003200891006109756
55650.894990216744	0.9995675031695692	0.00031936334747197933
55650.915424152256	1.0004381047821083	0.0003198655875800268
55650.935858188	1.0004608159287613	0.000322245221079688
55650.95629232397	1.000448671879894	0.0003200230705019532
55650.976726260065	0.9995301427288474	0.00031895885276228775
55651.01759443306	1.0002427245807537	0.00031881356871554556
55651.038028369854	0.9998224200796338	0.00032001631197285196
55651.05846250687	0.9996235118721419	0.00032098376529265325
55651.078896544015	1.0001761625770331	0.00031928637225037484
55651.09933048139	0.9995105808540601	0.00032269041417760176
55651.119764619114	0.9999095757105458	0.00032090826986891786
55651.14019865683	0.9998267335222459	0.00031950229726878174
55651.160632694904	1.000238769684854	0.0003205428707894411
55651.18106673309	0.9997557363948606	0.0003198320498608299
55651.201500771625	0.999612313199484	0.0003190754367710713
55651.22193481028	1.0001009650262938	0.00032046719007914405
55651.24236884905	1.000281840733053	0.00031936655614917166
55651.262802888166	0.999919463813672	0.00031885251822769416
55651.283237027405	0.9995337659006901	0.0003199150672151469
55651.30367106687	1.0001494788953975	0.0003186727576636164
55651.32410500657	0.9998551436937504	0.0003186861559216291
55651.34453914639	0.9996603369129491	0.0003191366902264536
55651.36497318655	1.0001854769569294	0.00031977391430228176
55651.385407126836	0.9998456432004298	0.00031876513398515233
55651.42627530798	0.9996665696416849	0.0003187821154496071
55651.467143390066	0.9997703835263212	0.0003200792180909845
55651.50801147296	0.9995340782577979	0.0003218355666827082
55651.52844551464	1.0003177071448306	0.0003202893979899106
55651.54887945666	1.0002519302764887	0.00031918360810491886
55651.56931359881	1.0008163418503324	0.00032117273251054164
55651.589747641076	0.9993996201165878	0.00032071309388431637
55651.61018158369	0.9996816941184632	0.00031937507996849363
55651.63061572641	1.0005609112836074	0.00032221726761706167
55651.651049769374	1.000030539209407	0.00031889186724112306
55651.67148391262	0.9999372437600129	0.0003188698474733306
55651.69191785599	1.0000112892398865	0.0003185869933643606
55651.712351899536	1.0000875238823939	0.00031880756507356124
55651.732786043365	0.9998246938830968	0.00031864115651408483
55651.753219987375	1.000391189731637	0.00031854530455545057
55651.77365403156	1.0000523882872372	0.0003186333363690681
55651.79408817597	1.0001672708972933	0.0003186396716435799
55651.814522220564	0.9999711358734213	0.0003192971721502267
55651.83495626539	1.0003494977363023	0.00031954400459852333
55651.85539031038	0.999995862540384	0.0003187167449337635
55651.875824355615	1.0003857260173596	0.000318499418683843
55651.89625840108	1.0006218782176646	0.0003194835477281024
55651.91669244671	0.9997996161771521	0.0003184016555830033
55651.93712649253	1.0001809450281467	0.00031846051152090393
55651.957560538576	1.0001172288619684	0.00031849249344048603
55651.97799458485	1.0005267326864709	0.00031971914770427437
55651.998428631305	0.999814992345935	0.0003187952347547858
55652.01886277793	1.0010576759828793	0.00031939742791102917
55652.03929672479	1.0002640772726012	0.0003205462593688008
55652.080164819155	1.0004267846780917	0.00031829348031017383
55652.10059886659	0.9997473136231717	0.00031854576411076933
55652.14146696217	0.999743407285027	0.00031841796001615987
55652.18233515852	0.9993320632221045	0.00031871572985490943
55652.20276910701	1.000671833222715	0.0003184749273076778
55652.22320325573	1.0002147261769103	0.0003187408562227969
55652.24363730463	1.000241437259143	0.000318402951809577
55652.264071253696	0.999451614093287	0.0003192020246123383
55652.304939452544	0.9992172943365893	0.00031840392094552306
55652.32537340226	0.9998295900559349	0.00031842266120849606
55652.34580755214	0.9999977359587451	0.00031851062931501073
55652.36624160226	1.0004009959250497	0.000319080702327388
55652.38667565261	0.9997395986554545	0.0003186342320360698
55652.40710970314	0.9997251958146065	0.0003194588382019925
55652.427543753845	0.9999824974330784	0.0003187910887389153
55652.447977904776	0.9992108796825994	0.00031859835810255674
55652.46841195589	1.0003632700494194	0.00031886720949744567
55652.48884590723	0.9998684740395012	0.000318732319455975
55652.5092800588	1.0004791047696155	0.00031856948816046473
55652.5297141105	0.9999481598894382	0.00031881196669783436
55652.55014806248	0.9999569607790014	0.0003185077946272146
55652.570582214634	1.0003578262482122	0.00031928135619888883
55652.61145041953	0.9997657735469041	0.0003187244221343701
55652.63188437227	0.999648135579799	0.0003190498359857581
55652.652318425244	0.9999769782457288	0.00031868226307743645
55652.67275257839	1.000101131852413	0.0003191680702875612
55652.69318653171	1.0002651242001943	0.00031981435195733223
55652.734054639055	0.999926482881971	0.0003202350188088607
55652.75448869301	0.9999478444292778	0.00032331002307387814
55652.77492274721	1.0001477484206842	0.00032021643630203504
55652.79535680158	1.000402875052012	0.0003209634663711783
55652.81579085612	1.0000573950538292	0.00032241519709350725
55652.8362250109	0.9998252033799426	0.0003196832609999413
55652.85665896591	1.0000202889662355	0.00032047132293852934
55652.87709302103	0.9998119982591149	0.0003213992699762885