55083.25326629979	1.0005339479545388	0.0003975359081026724
55083.273699544494	1.000491705018493	0.00040025642917631925
55083.29413278873	0.9998799797172405	0.00039682208862881595
55083.31456593273	0.999670981425889	0.00039749044823885816
55083.33499927673	1.0001275615498912	0.0004009909081209141
55083.35543252027	0.9998200465831932	0.0003966946382423865
55083.37586566358	1.0007066233137236	0.0003951679876418836
55083.396299006876	1.0000538990375702	0.0003993414811394308
55083.416732249716	1.0006281898355585	0.00039800983158683195
55083.43716539255	1.000165265993348	0.00039627003151312094
55083.45759863492	0.9999003001939962	0.000400633469972189
55083.4780319773	0.9994346133921541	0.00039633060954295243
55083.49846511944	1.000476169026724	0.0003947556397827469
55083.51889836111	1.0002052662524408	0.0003983214222557532
55083.539331602784	1.0003929615972955	0.00039549624128471715
55083.5801980852	0.9995298562352308	0.0003983968797046906
55083.600631226174	0.9999658298279258	0.0003962417444096179
55083.62106456692	0.9992044186762108	0.0003955090608736477
55083.641497807424	1.0001464004074565	0.000397941273890689
55083.6619310477	0.9999324757574463	0.0004122848226416369
55083.702797527556	0.9998467563999872	0.00039922911894679954
55083.72323076714	0.9993618697746666	0.00039691250824215124
55083.74366390625	0.9998331235753226	0.0004014328142140352
55083.76409724559	0.9998180995084965	0.0003956317188110379
55084.29536128382	0.9993171662690975	0.00042029531725777897
55084.33622774971	0.9994492088975023	0.00042542864509811186
55084.3566609823	0.9996024413019016	0.00039720614181274654
55084.37709411466	0.9997333419589909	0.0003953248630654705
55084.39752744679	0.9997883045410824	0.0004003572320254026
55084.41796067868	0.9999064287645794	0.0004027060322030257
55084.438393810575	0.9997698748698106	0.0003979495367871144
55084.479260373206	0.9996209119702708	0.00039703814276836663
55084.4996935044	1.0005180538886147	0.00040895098883765265
55084.52012673513	1.0005113276855138	0.00040672809256031794
55084.540560065856	0.999768082596287	0.0004030532267401491
55084.56099329612	1.00047126600162	0.0004284319836506173
55084.58142642639	1.0001180013562108	0.00042714775289449074
55084.60185965619	1.0005511532117504	0.00040227520182334325
55084.64272611532	1.0000977061907133	0.00042169283546408234
55084.66315934466	1.0000464548560015	0.00039571440525613575
55084.683592673755	0.999784584070193	0.00039547319944693263
55084.70402580239	1.0005795603786014	0.000428489419017983
55084.72445903103	0.9997039957673313	0.0003948166147249267
55084.74489225943	1.000715281988452	0.00040703646794040924
55084.7653254876	1.000255078150882	0.00040284904654877535
55084.78575871554	0.9997593669924043	0.00039929618208947896
55084.80619194324	1.000356868068408	0.0003957663611131396
55084.82662527071	0.9996490522742946	0.0003950358205776316
55084.84705839795	0.9996273058046351	0.0003964631697526698
55084.86749162495	0.9997118158385575	0.00039649359386300287
55084.887924751725	0.9996441880738107	0.0003959440968753604
55084.90835807827	0.9998734858009645	0.0003961214377394271
55084.92879130457	1.0001420015334377	0.00039498246533012306
55084.94922443088	0.9999292252947057	0.00039895470506322187
55084.96965775672	0.9999495436341351	0.00039488183905309174
55084.99009098233	1.0001510479752556	0.00039855126248666676
55085.01052410794	1.0005677366616998	0.0004004377227922203
55085.03095733308	0.9996727211046232	0.00039502162114026727
55085.05139055822	0.9995591900826276	0.0004020433703957442
55085.0718238829	0.9992359144899302	0.00039735095825555
55085.09225700758	0.9995717339745398	0.0003947713519778723
55085.112690331785	0.9999013840674787	0.00039510743534840827
55085.133123456	1.0001298987274523	0.0003955943550257826
55085.15355667998	1.0004837274343317	0.00042533785196584143
55085.17398980349	1.0002214950869965	0.0003964245797266442
55085.194423127	0.9995188601537546	0.0003990275451079543
55085.214856350285	1.0004922546065855	0.000396069839494837
55085.23528957333	1.000228753085542	0.0004032454564102402
55085.255722796144	1.0002208944527249	0.00039912416354176265
55085.27615601873	1.000970288773973	0.0004027691705844758
55085.29658924107	0.9998889512096143	0.00040167803261493564
55085.31702236319	0.9997219261508544	0.0003963500655945047
55085.337455685076	0.9996630357274118	0.00039956003367853325
55085.35788890672	1.0009444279328819	0.00039648769237193854
55085.37832202814	1.0001890709240622	0.00039510222713223423
55085.39875534933	0.999313465182553	0.0003982940390015499
55085.41918857051	1.0002385163507108	0.00040055594449772176
55085.43962169123	0.9997434420461845	0.000397945374541886
55085.46005491172	1.0002912654688318	0.00039851575181176416
55085.4804882322	1.0001578826830522	0.0003962978745407735
55085.50092135222	0.9996259390637827	0.00039671200831939933
55085.52135457224	0.9999759063246785	0.0003966392281948168
55085.541787891794	0.9992096982049137	0.0003954843315055869
55085.56222111135	0.997901339972311	0.00039549765749624893
55085.582654230675	0.9982249097058552	0.00040195312461990693
55085.603087449526	0.9977572777518369	0.00039461506950479647
55085.623520768386	0.9973736235944461	0.0003948255983974033
55085.64395388701	0.9972678321143367	0.000413678408789963
55085.6643871054	0.9985636012342453	0.000394991112843069
55085.68482042356	0.9975310615499178	0.00039619063680993084
55085.705253541484	0.9978297462006172	0.00039625802729890204
55085.72568675917	0.9983547803575828	0.0003949234564590695
55085.74611997663	0.9980583982676989	0.00039458055494046105
55085.76655319386	0.9974331890438888	0.00039654034784039876
55085.78698641085	0.9981468928734657	0.00039494383610262206
55085.807419627614	0.9971083104871454	0.0003970454386067169
55085.827852844144	0.9983647301560523	0.00039569976362367987
55085.84828606067	0.9975340527157189	0.00039735425479133304
55085.86871927673	0.9977291433493505	0.00039943875282908787
55085.88915239256	0.9983274351855477	0.00039528989831182456
55085.90958570839	0.9978014373228095	0.00039620905410085386
55085.930018923755	0.9984940818432768	0.00039616393819178185
55085.95045203912	1.0012884266473638	0.00039702841341046445
55085.970885354014	0.9998170478689067	0.00039682138810821283
55085.991318568915	1.0005623587778474	0.0004002394037847817
55086.01175168358	0.9999017350856744	0.00039531881890760907
55086.03218489778	0.999789174115646	0.0003960206712862055
55086.05261821198	1.0000449546880374	0.0003981456910529772
55086.07305142595	0.999394238653407	0.0003950382344170115
55086.093484539684	0.9992285801773565	0.0003955453102992996
55086.11391785318	0.9995872746308323	0.00039700076460292866
55086.13435106645	1.0004757685090853	0.0004046788388554059
55086.15478417948	1.0001427400236453	0.0003949787240659348
55086.17521739229	0.999717211108063	0.00040899665433455053
55086.19565070486	1.0004629977557973	0.0003949755387284621
55086.2160838172	0.9998959807714448	0.000395214625804199
55086.23651702953	0.9999976102448134	0.0003971647111185255
55086.256950341405	1.0000474575373353	0.00039719270647962007
55086.27738345304	1.0004514615501299	0.0003991132975932942
55086.29781666468	1.000094105245807	0.00040081853920402463
55086.318249875854	0.9999022564710598	0.00040307903491174535
55086.33868318702	1.0002018792885996	0.00040351898559599133
55086.35911629773	1.000273254097569	0.0004034185925315953
55086.37954950844	0.9995921213547714	0.0004053191711732483
55086.39998281891	1.0001392451445008	0.00040185948291017145
55086.44084913893	1.0001579786484702	0.00039912000058053767
55086.46128224871	1.0001243276716136	0.0003994813066165189
55086.48171555825	0.9998392079506471	0.00039568334937566205
55086.50214876756	1.0005098026633856	0.00040119776515012544
55086.52258187664	1.000091230463434	0.00039725879673410225
55086.54301518548	1.000214124156938	0.00039725713487878515
55086.563448394096	1.0000433425179813	0.0004064474900583988
55086.583881502476	1.0003060911777706	0.0003981837732940526
55086.60431471062	0.9999746343637872	0.0004002434602733718
55086.62474801877	0.9999419821853014	0.0004114849732715777
55086.64518112645	1.0001711485987457	0.00040545290419105313
55086.68604764134	1.0003472737465828	0.0004143770306083432
55086.706480748326	0.9999251799438144	0.0003997281430510865
55086.7269139553	1.0003184371255294	0.0004065282986606562
55086.74734706205	0.9994632115366593	0.0004034760064716259
55086.76778036834	0.9999964392556376	0.0004105905173658978
55086.78821357462	1.0003467446498406	0.0004102120032449412
55086.80864678067	0.9998703881654473	0.0004048593564612569
55086.82907998649	0.9994147836785684	0.00041017418080504104
55086.84951319207	0.9999665418379354	0.00039948104941184775
55086.869946397426	0.9995864300072821	0.0004036877158906673
55086.89037950255	0.9995870838117517	0.0004021993337611036
55086.91081280743	1.0001827920168482	0.0004006256848000795
55086.931246012085	1.0000018594677742	0.0004010325275624913
55086.97211242069	1.0004372689666496	0.0003999413136413232
55086.99254562488	1.000305978920024	0.0003966555660609329
55087.012978728606	1.0002594385792172	0.00039600107656679863
55087.03341193209	1.000433218304966	0.0003954794208061253
55087.05384523558	0.999691614422724	0.0003963007632680381
55087.07427843884	1.0003886216203717	0.0003979603407381672
55087.09471154163	1.000332816769811	0.0003971789260715969
55087.11514484442	1.0001951533487725	0.0003954422287790626
55087.135578046975	0.9996706120582244	0.0003998119536265566
55087.15601114907	1.000404325637845	0.000398336033720705
55087.176444351164	1.0000278254084836	0.000400139013669301
55087.19687765303	1.0001033371815258	0.00039566080996085565
55087.237743956044	1.0000138127997473	0.00039917769935751826
55087.2581772572	1.0005768375517594	0.0003974994694153488
55087.27861035813	0.9997313017106184	0.00039915301508798107
55087.29904355906	1.0002413847404725	0.00039734525550670337
55087.33990995975	0.9996459109353792	0.00039516528042479385
55087.360343159984	1.0000275813866832	0.0003954548302827036
55087.38077635975	0.9997643532960904	0.0003971749250071447
55087.40120965951	1.0002371672012143	0.0003970960250945098
55087.85073979658	1.0010454434948997	0.00045048840889834707
55087.871172991225	0.999644468813686	0.0004504763057020707
55087.89160618586	0.9993167720032695	0.0004260514191777011
55087.91203948004	0.9995159329275334	0.0004384804406712819
55087.932472573986	1.0000825734745817	0.00042368017429787855
55087.95290576769	0.999727747549532	0.0004299076469592532
55087.97333896117	0.9997264078161207	0.0004228320432769424
55087.99377215465	0.9996965213014622	0.00041603812724676486
55088.01420524766	0.999858675910952	0.00040978388820396745
55088.034638540674	0.999532455673531	0.0004042764018706553
55088.05507173322	1.0000467709866552	0.00039990255222988876
55088.075504925764	1.0001176769586557	0.000396985617430558
55088.09593801808	1.0000734414476025	0.00039794976718386286
55088.11637131016	0.9998651443268235	0.00040468800371676767
55088.136804502006	1.000000555709246	0.00040073553010296347
55088.17767088501	0.9999334634256767	0.000397466538698309
55088.19810407615	1.0000577037218554	0.00039592638463695743
55088.21853716707	1.0000548539553904	0.0003950759313574363
55088.23897035776	1.0003621254871355	0.0004042417437220235