55289.15948104799	0.999932009130506	0.0004295283832922855
55289.17991523752	1.0003880198564485	0.0004311815026912298
55289.20034942716	0.9996673194876752	0.00042604161533912524
55289.22078361692	0.9995806131677885	0.00042571175381933313
55289.241217906856	1.0005604834281345	0.00042721941854155656
55289.28208618719	1.0005708521220371	0.00042566017088983545
55289.30252047759	1.0001418942576414	0.0004269292945634839
55289.32295456811	0.9997360862603597	0.000429381493650816
55289.34338875874	1.0000458262929817	0.0004264838389015298
55289.36382304955	1.0000231558123314	0.00042728794095679956
55289.384257140526	0.9993723909321108	0.00042688685463672615
55289.40469133163	1.0005276200196205	0.0004253547805449497
55289.425125622845	0.9999140705604517	0.00042543792359455655
55289.44555971424	0.9995284598350379	0.00042623101911099925
55289.4659939058	1.0002260677149606	0.0004258627717930193
55289.48642819748	1.0003692247766898	0.0004255801569383051
55289.50686238927	0.99979817215637	0.0004254371907868148
55289.547730773396	0.9998604462455396	0.000427503361590352
55289.568164965596	0.9999807108234872	0.0004248161015921813
55289.588599058035	0.9996445623458556	0.0004260825978148938
55289.60903335059	0.9994669542361923	0.00042561533433305436
55289.62946754326	1.000049331654258	0.00042591417703528715
55289.649901636105	1.0010034332750748	0.0004251290226234058
55289.67033592907	1.000666071541298	0.0004251956845393544
55289.6907701222	0.9993728813857945	0.00042592242764744075
55289.711204215455	0.9997430050246203	0.00042480093752616507
55289.731638508885	1.0004603148782123	0.0004250843937164097
55289.752072702424	0.9991317788841365	0.00042473317640602233
55289.772506796144	1.00051034407019	0.0004293155407831939
55289.79294098998	1.0003464891571177	0.0004283177405918494
55289.81337528396	0.9998034312464361	0.0004248452636755492
55289.833809378084	1.000355418875572	0.0004252274863659977
55289.85424357236	0.9998564473658282	0.00042490306577174045
55289.87467786677	0.9998934427835164	0.00042463097910698543
55289.915546156015	1.000449468394878	0.0004266037573706968
55289.935980450864	1.0001961301436766	0.00042672634048081834
55289.956414545864	0.9994806101245585	0.0004247605215449478
55289.97684874101	0.9999523562110959	0.000426741626140405
55289.99728303627	1.0000044490822708	0.0004248295576983188
55290.03815132723	1.000076602975838	0.00042471721668566666
55290.05858562295	1.000460168547992	0.0004263139432713947
55290.079019718796	1.0000551990243496	0.0004258393940172037
55290.09945391479	1.0005289278920935	0.0004248370939070089
55290.11988821089	0.9996378456443065	0.0004275355493350533
55290.14032230717	0.9996988137260124	0.0004250509807376073
55290.160756503596	1.0001876321123746	0.0004249229180240755
55290.18119080013	1.000510305689465	0.0004253985723286344
55290.20162499685	0.9999382456518859	0.00042483512663958254
55290.222059093685	1.0000939500139068	0.0004246898718583396
55290.24249339066	0.9998087127299851	0.00042783570242679376
55290.262927587784	1.0002111522699821	0.0004246638776111837
55290.283361685055	0.999877586698994	0.00042754144307552845
55290.303795982465	0.9997271237002062	0.00043366225747808824
55290.32423018	0.9995904611899626	0.0004280122806219844
55290.344664277705	0.9990543220170709	0.00042823839069480897
55290.36509857552	0.9994575858711312	0.0004346704871818893
55290.38553277349	0.9996968128725057	0.00042469713867137796
55290.40596687161	1.0003182336758258	0.00042612847136425206
55290.44683536827	1.000044199202608	0.00042643541214249344
55290.46726946679	1.0002215778579504	0.0004295945585704923
55290.48770366548	1.000332262490199	0.0004251951625986532
55290.508137964294	0.9994565014336806	0.00042535558361852133
55290.54900626239	1.0003463464151128	0.0004247808399225551
55290.5694405616	0.9999765481923231	0.00042549382975988454
55290.589874761	0.9997974849139393	0.0004250918401073009
55290.61030886053	0.9998338556741746	0.00042523167468862385
55290.63074316019	1.0006191324291687	0.0004253727059224789
55290.65117725999	1.0017799790230866	0.00042495340576152935
55290.67161145994	0.999963738162633	0.0004255631296901898
55290.69204576003	0.9991254533248757	0.00042504140575894
55290.71247986024	1.0000545487055479	0.00042502561018019174
55290.732914060616	0.9999756023809399	0.00042703661969331847
55290.75334836112	1.0000040160883839	0.0004247505445951288
55290.773782461765	1.0005192062109245	0.0004252476487793279
55290.79421666256	1.0005757078405804	0.00042511481633040663
55290.81465096349	1.0001493492250007	0.00042493574984289685
55290.835085064544	0.9987283556433608	0.0004251597770409394
55290.85551926574	0.9998580349031656	0.00042603679431546965
55290.87595356708	0.9989114542337822	0.00042474286044759423
55290.896387768575	0.9997192752429866	0.0004250036248826775
55290.91682187021	1.0001119423669018	0.00042975586766624054
55290.93725617196	1.0008428819935513	0.0004251880002597747
55290.957690373856	0.9997833879591224	0.00042671190892509505
55290.97812447589	0.9998419696860938	0.00042606391768927794
55290.99855877808	1.000571474977124	0.0004250977865934109
55291.01899298042	0.999780447138926	0.0004267724204184728
55291.03942708286	1.000864479482087	0.00042684124910376373
55291.05986128546	0.9995688132293286	0.00042518453065756043
55291.100729691054	0.9998543502616469	0.00042528122814779
55291.12116389409	1.0000079060162728	0.00042503838231230647
55291.14159819724	1.0000794714643684	0.0004261469507959232
55291.162032300526	1.0005630714238707	0.00042491066196346285
55291.18246650397	0.9995554981537274	0.0004247773554231496
55291.202900807526	1.0000674723845902	0.0004248685163382381
55291.22333501122	1.0002072661948538	0.0004276564963613613
55291.24376911507	0.9997927876902147	0.00042827219309305277
55291.264203419065	0.999685867872778	0.0004247690670296214
55291.28463762317	0.9997500516940754	0.00043139340405330977
55291.30507172742	0.9998860549438121	0.0004263170439686741
55291.325506031826	1.0003202424149702	0.0004253707537102885
55291.345940236366	1.000539690179541	0.000431774497735842
55291.36637434103	0.9997481897133647	0.00042522122084056967
55291.38680864587	1.0000471794991053	0.00042497484013223104
55291.407242850786	1.0004627661643712	0.0004354488749588808
55291.427676955886	1.0007120929236741	0.0004285995494929546
55291.4481112611	0.9998476076839242	0.00042504024993833593
55291.46854536646	0.9990353829756665	0.0004266713366801898
55291.488979571965	0.9985162748329267	0.00042524584060860013
55291.50941387762	0.9986397358705399	0.00042601799197818763
55291.52984798338	0.9987868966258904	0.00042505815072881655
55291.550282189266	0.9971520557184959	0.00042523882960879945
55291.57071649533	0.9973161745467769	0.0004247965272268334
55291.5911507015	0.9981180038394788	0.0004262272015387039
55291.61158480782	0.9976401505774349	0.00042489781880261396
55291.63201911429	0.9979317826160254	0.0004245981758843012
55291.652453320894	0.997266061202656	0.0004249717293077978
55291.672887427594	0.9974739163765411	0.00042609183855554225
55291.69332163447	0.99748765949783	0.00042456521980557615
55291.713755941484	0.9978318706785198	0.0004263897777037442
55291.754624255904	0.9979377912520961	0.0004246095509782019
55291.7750585633	0.9980633699777177	0.00042527513189778845
55291.79549267084	0.99862730786648	0.00042698437251673354
55291.81592687853	0.9975176811749457	0.0004249500007347909
55291.83636118636	0.9983857139484511	0.0004252390237409096
55291.85679529431	0.9977742067455437	0.00042539638889148063
55291.87722950241	0.9999326185026414	0.00042468524015054165
55291.89766381065	0.9995775691818254	0.00042571224186204826
55291.91809801901	0.9992943340859225	0.0004250832326401027
55291.93853212748	0.9993767960873061	0.0004256600322160041
55291.95896643613	1.000280080236555	0.00042640505166996527
55291.979400644894	1.0003124035571067	0.00042526241537038596
55291.999834753806	0.999662112707103	0.0004248991935607449
55292.02026906283	0.9991140456513024	0.00042589809686691664
55292.04070327203	0.9999593479768143	0.00042508936145494694
55292.06113738132	0.9999799358014949	0.00042535922253924917
55292.08157169078	1.0001796364385438	0.00042493000407688695
55292.102005900364	1.0003263682585066	0.00042623226812249835
55292.12244001006	1.0005564082127183	0.00042525490451444047
55292.14287431993	0.9998474744212267	0.0004267208597565622
55292.16330852992	1.0001308835798595	0.00042512690263141266
55292.18374264005	0.9998368259227897	0.00042538238665633903
55292.2041769503	1.0002679158969408	0.00042475268907636663
55292.224611160695	1.000917221770362	0.00042630606191318963
55292.24504527121	0.9997811597740787	0.0004256168144164234
55292.26547948186	0.9997635799872524	0.0004260083380208345
55292.285913792664	1.0004810941012385	0.0004254489858343516
55292.306347903585	1.000081322204879	0.0004261581377795337
55292.326782114644	0.9994029792033274	0.0004246739181124387
55292.34721642586	0.9997294120293819	0.00042463735314551875
55292.367650537184	1.0000536804844122	0.0004274444089017243
55292.38808474865	0.999284116515294	0.0004245890786795752
55292.40851906024	0.9997977838215807	0.0004253608998995992
55292.42895317198	1.0002063118248172	0.0004291710665456075
55292.44938738382	1.000100917260561	0.0004245377671940065
55292.46982169585	0.9995928961640406	0.0004251137453145505
55292.49025580796	0.9996310847758523	0.00042515197239635644
55292.510690020245	0.9996604754443057	0.00042456191327464894
55292.53112433265	0.9995616720316138	0.0004260546462985273
55292.55155844517	1.0000539134573971	0.0004256077160976506
55292.57199265783	1.0007244699080586	0.00042453625296529963
55292.592426970645	1.0001601797194104	0.00042575809530322564
55292.612861183574	1.0000645200392477	0.0004261073271070442
55292.63329529664	1.0002985513539135	0.00042515332305721173
55292.65372960983	0.9997608580490579	0.00043103132613306686
55292.67416382317	1.0005503535661475	0.0004278353774446946
55292.694597936614	0.999108016005019	0.0004259427985041388
55292.71503225024	1.0001781498846887	0.00042813870825890996
55292.73546646396	0.9997293331546193	0.0004245622067488106
55292.75590057781	1.0001710083977378	0.0004250832900937841
55292.776334891816	0.9993321699676239	0.00042498999222442217
55292.79676910594	0.9995574677410581	0.0004245070411207077
55292.8172032202	0.9996643152253586	0.00042463025819561496
55292.83763743458	0.9996723481331535	0.0004268478672376989
55292.87850596378	0.9997888133845909	0.0004245018493703987
55292.89894007857	0.999570384734077	0.00042601196776377787
55292.91937439348	0.9994780693572347	0.00042464193186602013
55292.93980860853	0.9996650334764865	0.000425382421222968
55292.960242723726	0.9999002225961651	0.0004246597088510884
55292.98067703904	0.999827435075306	0.0004263820194046538
55293.001111154495	0.999894107223272	0.0004245143725546091
55293.02154537007	0.9994001083758779	0.0004247519413943652
55293.04197968576	0.9999375762085403	0.0004246412311529905
55293.0624138016	1.000203159255646	0.0004250176998301277
55293.082848017584	1.0000922791273767	0.0004246913757562254
55293.10328233369	0.9992059532835482	0.00042496085125871206
55293.123716449925	0.9997669052274143	0.00042489141673767973
55293.14415066629	1.0006449227281	0.0004249434727865948
55293.16458498279	0.9995498335235747	0.0004245476078848436
55293.185019099416	1.0000926915864463	0.00042488976646728695
55293.205453316186	1.0001178313643404	0.0004329637897429548
55293.225887633074	1.000618294758357	0.0004254011364231166
55293.26675596725	1.0002573508685493	0.0004264820787350504
55293.287190284536	0.9997923482479106	0.00042504124806093103
55293.30762450195	1.000240355511985	0.00042458797952969713
55293.328058619474	0.9995731027437671	0.00042728481440547063
55293.34849293718	1.0004842390025073	0.00042451866713904933
55293.36892715499	1.000158312345413	0.0004250391738089481
55293.38936127292	1.00007134999273	0.0004282813616322043
55293.40979559097	1.0001033611328385	0.0004246438418810115
55293.430229809164	1.0002207876576308	0.0004253187331332302
55293.45066392748	0.9998737423384637	0.0004258944105766853
55293.471098145936	1.0000584987438916	0.0004256647956115175
55293.49153246453	1.000605265325341	0.000425377122202464
55293.53240080209	0.9997958272544294	0.00042476002068353756
55293.55283512107	1.000182743995675	0.0004282335383429715
55293.573269340166	1.000600262902447	0.0004251310719370623
55293.59370345941	1.0007242821698656	0.00042565528673216605
55293.614137778764	0.999983282952118	0.000425081172897811
55293.63457199824	1.000642368323914	0.000425104283290595
55293.655006117864	1.0006371548025503	0.0004258917973048651
55293.675440437626	1.0004116383686514	0.0004254562687274147
55293.69587465751	1.001044406633557	0.0004249632433078411
55293.71630877751	1.0001653153253578	0.00042634391881740647
55293.73674309765	0.9994603272570461	0.00042566735918418003
55293.757177217914	0.999579573896046	0.0004250859286251962
55293.77761143832	1.000193066852071	0.0004253412448197233
55293.79804575881	0.9996479447857163	0.0004251829895749784
55293.81847997948	1.000628765971033	0.000425271734804771
55293.83891410027	0.9995948456609908	0.0004248576673362235
55293.85934842117	1.0001825683447594	0.00042530071349370735
55293.90021676338	1.0002771272945523	0.00042546393846095196
55293.94108520608	1.0004215918685533	0.00042476729159534037
55293.96151942763	0.9996870824848888	0.00043346447881298356
55293.98195374931	0.9992183951857363	0.00042518563307382835
55294.002387971115	0.9998533227220814	0.000424854353430975
55294.02282209304	0.9999506737608899	0.0004252182762214387
55294.0432563151	0.9996441798782345	0.00042471294922113084
55294.06369063728	0.9997347373546865	0.00042510879132410194
55294.08412475961	0.9999486045886874	0.00042510608269391993
55294.10455898205	0.999703334594429	0.00042541584304215866
55294.12499330464	1.000770080805943	0.0004253599703005442
55294.165861650166	1.0004140120814915	0.000426177111407704