55154.11489488188	1.000058169600869	0.0001728343551443593
55154.1353277899	0.9999937005909073	0.0002027114348081881
55154.15576049787	1.0002056884124189	0.00018710326978529386
55154.17619330596	1.0000388146906825	0.0001734028561537905
55154.19662621405	1.0002291362028597	0.00016532923489245624
55154.21705892213	0.9999378581723903	0.00016290028355804762
55154.237491730215	0.9998952607208108	0.00016922191394294346
55154.257924638354	0.9999792031721294	0.0001638430518993325
55154.27835734656	0.9997528790328445	0.00017064348882170872
55154.29879015476	0.999700207739854	0.00020469469488410322
55154.319223062965	0.999999271110805	0.0002524894211330459
55154.33965577116	1.0001953222874203	0.00028332871251507917
55154.36008857942	0.99962945411244	0.00025633609062716476
55154.38052138774	0.999743643083252	0.0002495896159650893
55154.400954296056	1.0001315415965393	0.00016173022742828542
55154.421387004375	1.0001990934677512	0.00024693446245571064
55154.44181981275	1.0003458283481788	0.0004869577520359165
55362.19156582296	0.9999364981632526	0.0001671546487875471
55362.212000072446	1.000200983391257	0.0001671788884587461
55362.23243422181	0.9998347912314399	0.00017280886528899583
55362.25286857106	0.999930148162944	0.0001750688756291915
55362.27330282019	0.9999181495654659	0.00017457207350472272
55362.2937371692	1.0000736258378629	0.00018997751913443764
55362.3141713181	1.0000424913749582	0.00019211320041656745
55362.33460556689	0.99999231430143	0.00020900380962291746
55362.355039915434	0.9998923103062259	0.00017541904177068767
55362.375474063985	1.0000907489086757	0.00018188159227874206
55362.416342560624	0.9998908017041022	0.00015961316245040268
55362.4367768087	1.0003135206268272	0.00016037489466586962
55362.45721105667	0.999701842502911	0.0001669578862163176
55362.477645304636	0.9998504148803078	0.00018222050360460658
55362.49807955237	0.9997657915823468	0.0001947349373663864
55362.518513799994	1.0000307394003516	0.00017289895302879138
55362.53894814749	1.000107396404719	0.00018426306080191894
55362.55938229488	0.9999175684500414	0.00018375638679175323
55362.57981654215	1.0001134095646174	0.00017117710468565173
55362.60025088918	0.9998564994545218	0.00016042187068424657
55362.62068503622	1.000080780511389	0.00016096758317374875
55362.641119283144	0.9998586299641845	0.00016454376116750447
55362.66155362983	1.0001877380423556	0.00016512162521791467
55362.6819877764	0.9999934930433585	0.00016535693114880446
55362.70242212297	0.9997883394085748	0.0001593759222656313
55362.722856369306	1.000191482692861	0.00016195813207958
55362.76372486164	1.0002163675926892	0.00019131265888185352
55362.78415910762	1.0000172676352763	0.00017750591748448718
55362.804593253495	1.0000396735476964	0.00017239271078351836
55362.825027599254	0.9998595080339638	0.00016678140344576731
55362.84546184489	1.000011344646809	0.00016404008064342714
55362.865896090414	0.9999761428967857	0.00016351243091627604
55362.88633033571	1.0000856587617442	0.000164473967893702
55362.92719882605	1.00005361629963	0.0001724169115800895
55362.96806731593	0.9998716647639727	0.00017853221997676284
55362.98850156064	1.0001376408539753	0.0001900747579055277
55363.008935905236	0.9998416192051478	0.00017607086654410761
55363.029370049706	1.0002209941335014	0.00017038970591227786
55363.04980429395	1.000014342762353	0.00016665026316193125
55363.070238538196	1.000138929692017	0.00016176277620801578
55363.09067278232	1.0000419742767084	0.00016160853423051648
55363.11110712633	1.000108729905293	0.00016144732009424834
55363.13154127011	1.0001243040433279	0.00016221163995157792
55363.15197551376	1.0000323705188494	0.00016110978075728371
55363.17240985743	1.0002944495863049	0.00016088618755537334
55363.192844000856	1.000102681146264	0.000160495145146018
55363.21327824416	1.000062674349718	0.00015991693523209846
55363.23371258736	0.9998496244087398	0.00016111586371776783
55363.25414673044	1.0000629934820382	0.00016010619869011016
55363.29501531613	1.00002772910186	0.00016164956283038143
55363.31544945886	0.9997756425214742	0.0001598267391643617
55363.33588370135	0.9999340591626225	0.00016250158184937547
55363.35631804385	0.999942432724735	0.00015894378836593784
55363.376752286116	0.9998534713753378	0.00015988397308122024
55363.39718642826	0.9999054145355373	0.00015894800087842918
55363.41762077029	0.9999854715177361	0.00015891619834425318
55363.4380550122	1.0000829947474126	0.00015950393822637134
55363.458489154	1.0000957747569994	0.00015995916919473945
55363.478923495684	1.0000446539147978	0.00016146615201160993
55363.49935773725	1.0000324768078686	0.00015922680959712024
55363.51979207858	1.0003299783662216	0.00015928018673286366
55363.54022621991	1.0000473888093337	0.0001621542801846122
55363.56066046101	1.0001357584518233	0.00016135544593498167
55363.58109480211	0.9997516538618128	0.0001590986557946453
55363.62196318373	0.9998511791608782	0.00016013071369572706
55363.64239752436	1.0002033477751264	0.00015945207893412053
55363.66283166476	0.999777305923577	0.00016222900955264352
55363.68326590516	0.9998705963367582	0.0001723369380854222
55363.7241343855	0.9996872727531033	0.00018249356122810133
55363.74456862555	1.0001554302349756	0.00017686996761024035
55363.76500296537	0.9998958387065107	0.00016972241849415033
55570.50928174762	1.0000096268512824	0.00021147320924475515
55570.529714944525	1.000021071485044	0.00019405365839897395
55570.55014804161	1.000039120810199	0.000201099017879901
55570.57058123899	0.9998601564399633	0.0001709115916840463
55570.59101423655	0.9998690069557481	0.00017071548598116278
55570.611447334326	1.0001126607428674	0.00016529671946081544
55570.631880532346	0.9996237757491474	0.00016804983857641691
55570.65231353059	1.0001552123552289	0.00017798970806365128
55570.672746629076	0.9998410280124126	0.00017715402540227136
55570.693179827795	1.0003369723810858	0.00016822882691220606
55570.71361292668	0.9997063746053171	0.00016122958755976545
55570.73404592586	0.9999684853243831	0.0001580490271441972
55570.75447912522	1.0000473525382612	0.00016343741949787123
55570.774912124805	1.0003996696380768	0.00017149584922613752
55570.79534532463	1.0000619558038832	0.0002094347121530366
55570.81577842463	0.9999236646320693	0.00019473933977253555
55570.83621142491	1.0000367082481982	0.00018992122734443696
55570.85664462543	0.9998778616525904	0.00018981654636103848
55570.87707772613	0.999854970739789	0.00016974864956209666
55570.89751072705	1.0001914582720828	0.00016270649233776887
55570.917943928216	0.9998961915832589	0.00016726763185196232
55570.93837702961	0.9998431815809246	0.00015935244623100934
55570.958810231234	0.9998110665249281	0.00016016263730423384
55570.979243233094	0.9996583106879063	0.00017153573088035974
55570.99967633519	0.9996552273953068	0.00016998098666283005
55571.02010953745	0.9996935712734132	0.00017135688348865377
55571.04054253995	1.0001132532852706	0.00019076286881763752
55571.060975642744	0.9999553379356885	0.00018174832161673896
55571.081408845705	1.000209575943595	0.00019135071249651203
55571.101841848904	1.0001869470501847	0.00018844510509953045
55571.12227495228	0.999854131857878	0.0001731812674279832
55571.14270815594	1.0001144436885783	0.00016291487919551257
55571.163141159836	0.9999446817961924	0.0001625189984417045
55571.18357436391	0.9999636013142591	0.00016574501947072881
55571.20400746821	0.999906373474756	0.000159693022461665
55571.24487367757	1.0001534801254903	0.00017038977844371483
55571.265306782574	0.9998630710865227	0.00019713835668164266
55571.28573988781	0.9998909756196377	0.00018391884906929053
55571.30617299322	1.0002728207548057	0.00018420271625085527
55571.32660609892	1.0002390175152411	0.0001724918807924488
55571.347039204855	1.0002830642312277	0.00019201326042162087
55571.36747241096	1.0003726937557726	0.0001620268334900748
55571.3879054173	1.0001286560135247	0.0001752786930088118
55571.428771630744	0.99977926996941	0.00020289423469885913
55571.44920473778	1.0000215193328335	0.0002136811972234368
55571.469637945054	0.9999327351340396	0.00023661593425700026
55571.510504060236	1.0000479737795613	0.000222307151973356
55571.53093726821	0.999637847612304	0.00019506175378475413
55571.55137027636	0.9998829609125941	0.00020292451700996744
55571.57180338479	0.9999266580315811	0.0002083158899151095
55571.5922365934	0.999584564473921	0.00019349908779715043
55571.61266960224	1.0000539377119435	0.0001823087766798253
55571.63310281132	1.0001578765684462	0.0001646403029658152
55571.673968930176	1.000063792012962	0.00017394640338299272
55571.69440213995	0.9999035685808025	0.00017374498474136932
55571.71483524996	0.9999286918346624	0.000158053962711539
55571.73526836019	0.9999629211896268	0.000165474351495779
55571.75570147061	1.000180510166001	0.00016272168923340231
55571.77613458132	1.0002639192230423	0.00016295705766999433
55778.28193982786	0.9998423580247597	0.00019616331065724107
55778.30237357396	0.9999149263042967	0.00018952548527891022
55778.32280751983	0.9999110900303325	0.00017532358101744354
55778.363675310866	1.0001818122978896	0.0001660779107053895
55778.38410905604	0.9999155211147235	0.00016724530950971086
55778.42497684568	0.9999795084685856	0.00016581268631892378
55778.44541059015	0.9999125318045969	0.00018466031494664327
55778.4862783784	1.000170180581885	0.00016584210808705206
55778.527145965716	1.0000388846393897	0.0001690218647192505
55778.54757990902	1.0002180479207892	0.0002000156583406372
55778.5680137521	0.999791692268319	0.00021437073226509854
55778.58844749494	0.9999681682821225	0.00018655204839300462
55778.60888143755	1.0000484558598988	0.00018616141800402477
55778.629315279926	1.0000112407687194	0.00016612924502225183
55778.64974912207	1.0000405583745642	0.00016235392055324418
55778.67018296398	0.9998980513047668	0.00017174493879407504
55778.69061680566	1.000034643577022	0.00018121448291422902
55778.71105074711	1.0001219224894236	0.00019348816762527782
55778.73148448808	1.0001713272043071	0.0002281192493730513
55778.751918329064	0.9998979151464589	0.00017849058150527916
55778.77235216981	0.9999471462770659	0.00017483274796881073
55778.79278601032	0.9998658184368745	0.00018526443594528197
55778.81321985061	0.9998790645349547	0.0001679036080866763
55778.854087530235	1.0000987953620628	0.00016106176906840132
55778.89495520917	1.0002492823909874	0.0001739165119954175
55778.915389048285	0.9999911440122833	0.0001673779964070036
55779.09929358916	0.9996004634226501	0.0001675609146613721
55779.119727525955	0.9998815230886334	0.00017930582290930102
55779.14016136228	0.9999052562071624	0.00016706453847817128
55779.18102903446	1.000012349196186	0.00018689453159379893
55779.20146287032	1.000155726519972	0.0001917759932151297
55779.2423305411	0.9997595857839805	0.00017044118621516727
55779.26276437626	0.9999351519423516	0.0001717243691149731
55779.28319831095	1.000113516671111	0.00016160648659012866
55779.303632045645	1.0001054247244117	0.00017168539288894748
55779.324065879875	1.0001384750885691	0.00016161583263313024
55779.3444998141	1.0001260576367321	0.00016100596683320747
55779.36493354786	1.0001050900489235	0.00016151965030594567
55779.38536738163	1.0001548110656018	0.00016047195365678107
55779.426235047984	0.9998864635903448	0.00016075202375290867
55779.44666888105	0.9998539592761658	0.0001703634076648762
55779.46710281364	1.0000460751602915	0.00016395288142881034
55779.48753654601	1.0000390965643038	0.00016862259036287097
55779.50797037838	0.9997333849754941	0.00018089648144284165
55779.52840421027	0.9999234879824676	0.0001652239795033573
55779.548838042174	0.9999264287424185	0.00016180090650240241
55779.56927197361	0.9999182908671002	0.00016210156051051514
55779.61013953578	0.9997814887150318	0.00016221616670596036
55779.651007297245	0.999700756363529	0.00016798567436940325
55779.691874957556	1.0001731662818991	0.00016183637243389977
55779.712308787355	0.9999010340896809	0.00016113520443465052
55779.73274251716	1.0002759479132535	0.00016203716507158365
55779.753176446495	1.0000791213819928	0.00018482599282502795
55779.7736102756	1.0000749619142333	0.0002011277590022967
55779.79404400448	0.9999772573121951	0.0001796069229721016
55779.81447793312	0.9996986643826304	0.00017689916853638673
55779.83491176152	0.9999722825388144	0.00016363825125650691
55779.8553456897	1.0002901128556185	0.0001821479264878491
55986.29166238967	1.0000163568318257	0.00015959542953848194
55986.332529716674	1.0000257558372678	0.00015920936774695574
55986.35296338059	1.0000094054855202	0.0001591446361776687
55986.37339714473	1.0000054065570871	0.00015919658476888665
55986.393830709225	0.9998272753166675	0.00015903640610545372
55986.414264373954	0.9999449294477696	0.00015916390243266143
55986.43469813891	1.0000597726206313	0.00015903989847731783
55986.45513180422	1.0001564926278155	0.00015908337816294464
55986.475565469766	1.0000314728004347	0.0001592938502144715
55986.495999135535	0.9997944979101558	0.00015904167345487768
55986.51643280166	1.0000941771288412	0.00015916505987288178
55986.53686646814	1.0003203399332723	0.00015924320362196043
55986.55730013472	0.9997432931476637	0.00015910594485258312
55986.57773380166	1.00005194089661	0.00015911207686685567
55986.598167468954	1.0000248796159028	0.00015906839892097454
55986.61860113635	1.0000655847165785	0.00015908028836184986
55986.63903490423	0.9998911182842302	0.00015914408133723746
55986.659468472215	1.000056496742916	0.0001592731935200988
55986.679902140546	1.000102086074469	0.00015930602416934581
55986.72076947804	0.9998867747576221	0.0001593608550824384
55986.74120314718	0.9999712277412427	0.00015934931743626852
55986.76163691657	1.0000823632032105	0.00015908244406925338
55986.782070486304	0.9999191014201219	0.00015904860760407096
55986.802504156265	0.9998181104882853	0.00015904071683191901
55986.82293792658	1.0003570884924262	0.00015905504831621113
55986.84337149713	0.9995692719382719	0.00015915347994404147
55986.86380526791	0.9997708123041565	0.00015901827133074084
55986.88423893904	0.9999384437557632	0.00015904600461938529
55986.904672510405	1.000292569796181	0.00015905272548344407
55986.925106282	0.9999913571407226	0.00015914391716270135
55986.945539953944	0.9997848261399778	0.00015929728503208813
55986.965973626124	1.0001253199141287	0.00015972991211473072
55986.986407298646	1.000251657075369	0.00015929456482988082
56194.33040892081	1.0000265184903188	0.0001782229194374213
56194.3508423335	1.000136795035647	0.0001807115100216078
56194.37127554572	1.000118420448032	0.00017562308014832715
56194.39170885794	0.99973342107976	0.000183929891971341
56194.41214226993	1.0000526795870015	0.00016370957524279302
56194.49387541509	1.0002709544920103	0.00016185271354267488
56194.51430882568	0.9998321956446206	0.00016424713828607998
56194.534742136275	1.0000516874786944	0.0001784933141145166
56194.555175346395	0.9999627985765367	0.00016851604075215047
56194.575608756524	0.9997466378212934	0.0001725641832655767
56194.59604206619	0.999889427344341	0.00016175510437934837
56194.616475275616	1.0000543022618573	0.0001678195377103054
56194.636908684806	1.0001970750044418	0.00016624754931249372
56194.65734199377	0.999781940462187	0.00016350779571668107
56194.67777530273	1.0001276449475922	0.00016275052226688526
56194.698208611226	0.999876300234434	0.00016186307699678302
56194.71864191949	0.9999717437074249	0.00016274868276430676
56194.73907522752	0.9999440101691823	0.0001837494577540056
56194.759508535084	1.0001250001199486	0.00017042718298179447
56194.77994184265	1.0000068624560345	0.00016632467646796452
56194.80037524998	1.0004214619488958	0.00017437803901837408
56194.82080855708	1.0002335561996665	0.0001992313242918829
56194.84124176395	0.9999705687376359	0.0001687722492935029
56194.861675170345	1.0001073494333919	0.00016482700242380298
56194.88210847675	1.000022516564863	0.00016402887369418873
56194.90254168292	1.0000260650859873	0.00016287699005034588
56194.922975088615	0.9998458284728706	0.0001657293254838898
56194.94340839432	1.00001760232443	0.00016350314203380622
56194.96384159956	0.9999888600221899	0.00018694259726600732
56194.98427500479	0.9998762332534996	0.00016414615464644262
56195.00470830956	0.999902849848305	0.00016430972440518098
56195.025141514336	0.9998864382803728	0.00016391757798881436
56195.04557491864	1.0000151234838899	0.00016547068137740093
56195.06600822271	0.9999610899756699	0.00016290405947901471
56195.08644152655	0.9995424471877203	0.00016644495395371246
56195.10687483039	0.9996680012558617	0.00016233045597218568
56195.12730803376	0.9998510834791204	0.0001651009670695883
56195.14774143691	0.9996119705059894	0.000173729008502065
56195.16817473981	0.9997565279985567	0.0002101540356753703
56195.18860804249	0.9999097387840605	0.0001764510189510797
56195.20904134493	1.0000163711134338	0.00016729111924319623
56195.22947464714	0.9999308692702482	0.00016752450070908116
56195.24990794912	1.0000896260119632	0.0001953915609986555
56195.27034125086	0.9998703702812121	0.00016452680257865378
56195.29077455237	1.0000576139128068	0.000165182381574607
56195.31120785342	0.9998024006077222	0.0001623220714997744
56195.33164125447	0.9995137234315535	0.00017021996302233277
56195.35207445527	1.0000612627636887	0.00016690970134357395
56195.37250775562	0.9999798018404757	0.00016979979629771444
56195.392941155966	1.0000648194426085	0.00016596317426224383
56195.41337435608	0.9998862290341126	0.00018316016701398866
56195.43380775573	0.999765631882872	0.00016373277950030787
56195.454241055384	0.9999761187709799	0.0001684272863103014
56195.47467425456	1.0000587672202577	0.0001630683504857029
56195.49510765375	0.9997432695074979	0.0001771601886535335
56195.51554095246	1.0000138261513043	0.00016214941486844496
56195.535974150946	1.0000917389636366	0.0001618542451195803
56195.55640754943	1.0003029400442325	0.00016336068713702863
56195.576840847454	1.0000381385874673	0.00017697904304051886
56195.597274045234	1.0002384714999102	0.0001622328872152242
56195.61770744279	0.9999794927034873	0.00016212367625916338
56195.638140740106	1.000037531578095	0.00016171476607552713
56195.679007334285	1.000003244071547	0.0001667049105800266
56195.69944063091	1.000077365871325	0.000162088896537083
56195.71987392729	1.000086078852355	0.00016394688208776944
56195.74030722345	0.9998124184423305	0.00016985126372907455
56195.76074051937	1.0000492110024548	0.0001640356234705679
56195.78117381483	0.9999721072807892	0.0001739208842914472
56195.80160711029	1.000382975144257	0.00017618725639304946
56195.82204040552	0.9998357110952614	0.00016442548238284317
56195.842473700504	1.000271594942467	0.00016557253207075858
56195.862906995266	1.0001196543829027	0.0001823405813285921
56195.883340289554	0.9999121931171584	0.0001804183203814414
56195.90377368385	0.9998969474065211	0.00017300537722747067
56195.92420687791	0.9997991205469663	0.00017461799260227548
56402.42256621223	0.9999146464000102	0.0001704072026794438
56402.4430003783	1.0000916935964166	0.00017021189866788067
56402.463434644545	1.000032246532556	0.0001667252895290731
56402.48386881096	0.9998708809557078	0.00016726815609152326
56402.504302877554	1.0000235603805754	0.0001678865639105969
56402.524737144326	0.9996328025870268	0.00016495364789542575
56402.54517131121	0.9997976783196991	0.00016530300303123152
56402.565605378324	1.0000548960735642	0.00016545382539933252
56402.58603964562	0.9998519676235943	0.0001655457873871679
56402.60647381302	0.9999337810016342	0.00016474014483115455
56402.647342148426	1.000109036397733	0.00016603177923290427
56402.68821058452	1.0005004370066484	0.00016351216720012702
56402.70864465286	1.0002265638390873	0.0001643342432050553
56402.729078821314	1.000082115575132	0.00016362420380253338
56402.769947158755	0.9999393608973356	0.00016379269471843377
56402.79038132774	0.9999758226845519	0.00016377568648319848
56402.83124966628	0.9997767885194366	0.00016344133074458668
56402.85168393572	0.9999214376477823	0.00016374004967934386
56402.89255217525	1.000188146905489	0.00016421514320771386
56402.91298644528	1.0004085367181883	0.00017031608965921517
56402.93342051542	1.0000483689073252	0.00016656196745241345
56402.9538546858	0.9997197552713758	0.00016411863310577672
56402.97428895629	0.9998845351531007	0.00016454287694669503
56402.99472312702	1.0001185837170576	0.00016497767393854282
56403.015157297865	0.9998483808300062	0.00016491049659660763
56403.035591468935	1.0001305772714455	0.00016495962259761623
56403.05602564013	0.999590559296639	0.00016470163136770538
56403.0764598115	0.9998934246165897	0.00016652330975995997
56403.096893983035	1.0002275751887058	0.0001662205514560233
56403.11732815475	1.0002345153511971	0.00016650672750070632
56403.137762426646	1.0000209728834653	0.00016669068450649374
56403.158196498705	1.0003405875137266	0.00016755941148147963
56403.17863077089	1.00000439220918	0.00016743625001964531
56403.19906494331	0.9999726058726935	0.00016757438157322297
56403.21949901589	1.0001213729071792	0.00017356859641376598
56403.2399332886	0.9997855221505472	0.00016789018089846542
56403.26036746148	1.0003475127477226	0.00017548165364555035
56403.28080153459	1.0001213367483797	0.00016811726976257547
56403.30123580782	0.9997869236128718	0.00017153717177418272
56403.321669981226	1.0001888156635914	0.0001687546130593419
56403.3421040548	0.9999517240280049	0.00017007238901682405
56403.362538328554	1.0003132329637254	0.0001671128853470012
56403.382972502484	0.9999079188301399	0.00016758224946980334
56403.40340667658	0.9998003498722372	0.00016655457659442004
56403.4238408508	1.0002686654582296	0.0001667876371214972
56403.44427502526	1.000131016629886	0.00016680184541159102
56403.46470919982	1.0001756100134815	0.00016778690925376506
56403.485143374564	0.9998746409398636	0.00016664852874453314
56403.50557754954	0.9996469042425564	0.00016650057544483323
56403.52601172463	1.0002212228131173	0.00016551544572766656
56403.5464458999	0.9995837111566961	0.0001659503696410846
56403.566880175335	1.0003927611315309	0.0001642352765733107
56403.58731425095	1.0001548425648288	0.0001630497559404402
56403.607748426686	1.0000078730290225	0.00016389986080616356
56403.628182702654	0.9998239181343689	0.00016384779650840118
56403.64861687873	0.9998428307258747	0.0001637191231115982
56403.669050955046	0.9999710320450381	0.00016336541239108057
56403.68948523147	0.9998750499374571	0.0001634505797735774
56403.70991940808	1.0000275385253223	0.00016324405377125218
56403.73035348486	0.999899551289767	0.00016314009028215798
56403.75078776182	1.0001616671824043	0.0001632063136138092
56403.771221938885	0.9999356815384915	0.00016389205129313785
56403.79165621619	0.9999619225850523	0.00016447633099225993
56403.812090293664	1.000086305397464	0.00016609532586615798
56403.83252447126	1.000286015946529	0.00016553990508713502
56403.852958749034	0.999929623317088	0.0001667629400956492
56403.87339282698	1.000094447217606	0.0001694315721504554
56403.89382700509	0.9999383831767855	0.00017109275744666504
56403.91426128339	0.9997945653604017	0.00016978977696909886
56403.93469536185	0.9999976932355641	0.00017090116048753756
56403.95512964044	0.9999411204278348	0.00017427333845711256
56403.97556381926	0.9999607029183661	0.0001761507315465446