55866.431386860415	0.9990105203853458	0.0005434851501152101
55866.451819575894	1.0008727503586725	0.0005435865149034596
55866.47225239125	0.9998940817770098	0.0005433690182551293
55866.492685006495	0.9996855087509146	0.0005434462644094442
55866.513117721624	1.0003276535830294	0.000543649757921581
55866.53355043663	0.9991115571094056	0.0005434666849997932
55866.55398315153	1.0004796216677334	0.000543623107723893
55866.57441586619	1.000696403513138	0.0005437441597737113
55866.59484858085	1.0002308242879028	0.0005436659333176024
55866.61528129528	1.000108468192731	0.00054373521633766
55866.63571400959	1.0002105732240172	0.0005436371857070923
55866.6561468239	0.999715601341122	0.0005436078175396059
55866.67657943798	0.9985768012276048	0.0005435260869746898
55866.69701225195	0.9989289986375683	0.0005435839508393105
55866.717444965674	1.0010809015914441	0.0005438072429346228
55866.737877579406	0.9999697772353889	0.0005436414008367829
55866.75831039302	1.0006632341616797	0.000543732951106347
55866.7787431064	0.9999268086455814	0.0005436997496235195
55866.79917571978	1.000121094016501	0.0005436402134360293
55866.81960853293	0.9995897454571085	0.0005435201636810238
55866.84004124596	1.0003964397410492	0.0005436361056674183
55866.86047385899	0.999968063444649	0.0005435378797621345
55866.880906671795	1.00013144124111	0.0005435779406047368
55866.901339384356	0.9999116384273408	0.0005436397893609517
55866.921772196925	0.9996641652984671	0.0005435832260038521
55866.94220480938	0.9998369726823177	0.0005435361145874226
55866.962637521705	0.9993306683157084	0.0005435732392805845
55866.98307033381	0.9990184982812581	0.0005435105176769777
55867.00350294591	0.9994610378154222	0.0005435050217151499
55867.02393565777	0.9986676519205339	0.0005434441236528217
55867.044368469644	0.9991157662293683	0.000543538847706599
55867.06480108128	0.9999673803581017	0.0005436086279354338
55867.08523379279	0.9997425637964557	0.0005436019410020843
55867.1056666042	1.0014118420597462	0.0005436357079025867
55867.12609931549	1.0002426724649311	0.0005435330029017604
55867.14653202665	1.0000612216221831	0.0005435759989277106
55867.18739744852	1.0002821885126272	0.000543662377907575
55867.20783015934	1.000129651505577	0.0005435489125357109
55867.22826286993	0.9998704843166811	0.0005435968393063519
55867.24869558052	1.000676260754502	0.0005436224088312566
55867.26912829087	1.0000923138384248	0.0005436118355969331
55867.28956100111	1.0003193547151135	0.0005435543843964952
55867.30999361135	0.9994166592033146	0.0005435016037012976
55867.33042642135	0.9999870175660055	0.0005435671239419179
55867.35085913124	0.9998751595908242	0.0005435192413464383
55867.371291741016	1.0009757871131975	0.0005436940990928594
55867.39172455067	1.0010117151590645	0.0005437723520769565
55867.41215726021	0.9999506640279112	0.0005436688100875325
55867.43259006951	0.9998837175972233	0.0005435755913990217
55867.45302267882	1.000034974137763	0.0005435639851553034
55867.47345538801	0.9997468291584829	0.0005435991852893544
55867.493888196965	0.9999766370965616	0.0005435993242356007
55867.51432080592	0.9992725299540567	0.0005434313930680518
55867.53475351465	1.0011819771838748	0.0005437244640804742
55867.55518632337	1.000525988881318	0.0005436304268815982
55867.57561893186	0.9996190964103888	0.0005434703583875305
55867.59605164024	1.0000694987175724	0.0005435986838605614
55867.616484448496	0.9998016468837555	0.0005435904971833428
55867.65734986467	0.9971105490545878	0.000543193097474497
55867.67778257257	0.99658374012899	0.0005432151931248338
55867.71864798805	0.9975825848450504	0.0005432111397869092
55867.7390806956	0.9964661942049767	0.0005431516094124181
55867.75951340305	0.9950430605510864	0.0005430298170023661
55867.77994621026	0.9965283540753463	0.0005431757629925778
55867.80037881747	0.9979730502998969	0.0005433089467309964
55867.82081152445	0.9975231847189201	0.0005433517815603097
55867.84124433143	0.9995712158306153	0.0005435666483027688
55867.86167693817	1.000569792914473	0.0005436043038331364
55867.88210974492	0.9998978696952191	0.0005435985455080595
55867.90254245143	1.0001918022514886	0.0005436889630962111
55867.92297505794	1.0000581677088187	0.000543562149026931
55867.94340786422	1.0004198318820634	0.0005436342151361897
55867.96384047039	0.9995327743817127	0.0005435619777692118
55867.98427317643	0.9995727436944382	0.000543519306777783
55868.00470598236	1.0018965611670299	0.0005437568376129721
55868.02513858818	0.9990293902290083	0.0005433684768842646
55868.04557129387	1.0006946830577235	0.0005436367323491298
55868.066004099455	0.9994262678412165	0.0005434959063848394
55868.08643670492	1.0008981725746586	0.0005435837348464332
55868.106869510266	1.0016237319462955	0.0005435906119821606
55868.1273022155	1.0002652136369503	0.0005434808477981576
55868.14773492061	1.0005391725176414	0.0005435305944284268
55868.16816762561	1.0008347673262954	0.0005435724593840011
55868.18860033038	0.9997198230796908	0.0005434045120015671
55868.20903303515	1.0007121833529131	0.0005435775633288423
55868.229465739794	0.9990387923689761	0.0005433811915654711
55868.24989844421	1.0006396417659829	0.0005435672126924086
55868.270331148626	0.9994438793591083	0.000543448840121421
55868.311196557	1.0006703262594234	0.0005434603656954974
55868.3520620649	1.0000442918869232	0.0005435390083772458
55868.37249466862	0.998995705202261	0.0005432959704952269
55868.392927472334	0.9989595325603516	0.0005433785357545363
55868.41336017582	1.0008477207106516	0.0005435078224310835
55868.43379277931	1.000104923093874	0.0005434869059303641
55868.45422558256	0.9997240648517619	0.0005434326836212758
55868.4746582857	0.9990720091199086	0.000543435177794351
55868.49509088872	1.0000086245281938	0.0005435442221109528
55868.535956394524	0.9997988828494322	0.0005434012317369847
55868.556388997196	1.0006593170175242	0.0005435654441487875
55868.61768720451	0.9990958498725927	0.0005434001078469589
55868.65855250892	0.9997171034265244	0.0005434184379237241
55868.67898531089	0.9997844024838778	0.0005434588110330325
55868.699418012744	0.9999071262830423	0.000543509449189386
55868.719850714486	1.0007518584928707	0.0005435790299181606
55868.74028341611	0.9991458293734562	0.0005433587342113566
55868.76071611761	1.0005280835290897	0.0005434869699925824
55868.781148819005	0.9996518940264864	0.0005434985805721482
55868.80158152028	1.0000186795589496	0.000543522301438375
55868.822014221434	0.9997579369290551	0.0005434890675073979
55868.84244702248	1.0008281834473265	0.0005435417235043246
55868.862879723405	0.999010791268759	0.000543386518743838
55868.88331232421	0.9997838951647092	0.0005433677505256507
55868.9037451249	0.9990214253016476	0.0005434625446220655
55868.92417782548	1.0005347914649694	0.0005435062443479374
55868.94461042593	0.9997218218936148	0.0005434653767568891
55868.96504322628	1.0003101885991537	0.0005435711416379215
55868.98547592651	0.9996039608644578	0.0005434328392684835
55869.00590852661	0.9998911870673312	0.0005435594453172865
55869.02634132661	1.0000329951208604	0.0005435065741042661