55191.34316083798	0.9991758105025417	0.0005528770651847224
55191.36359377732	0.9993252283802782	0.0005529017683143987
55191.40445955694	0.9987096671366856	0.000552752058813613
55191.424892597104	1.0011313235892272	0.0005530955778799648
55191.44532553749	1.0002583825063547	0.0005530783591596004
55191.46575837823	1.00037395638416	0.0005530339206539526
55191.486191419084	1.0012370533807773	0.0005531453337887601
55191.50662436029	0.999007983940582	0.0005529240003888348
55191.52705720173	0.9992592644004198	0.0005528931794069896
55191.54749014352	1.0004368625186602	0.0005531076284631587
55191.56792318542	1.0007607795815916	0.0005531698068417601
55191.58835602768	1.0000831030378812	0.0005530918934905748
55191.60878897017	0.999988928176775	0.0005530481039694654
55191.62922201288	1.0005929423340167	0.0005531296830829323
55191.64965485595	1.0010969546642108	0.0005532315809044107
55191.67008779914	0.9983418046799596	0.0005528963416634704
55191.69052084267	1.0006824761416715	0.0005531651947929556
55191.71095378644	1.0008813145560478	0.0005532215366458304
55191.73138663044	0.9999232344537312	0.0005530990477924446
55191.751819674784	1.000221572679211	0.0005531545155045006
55191.77225261925	0.9994703588912907	0.0005530255630557852
55191.79268546407	0.9995489181029072	0.0005530435457369679
55191.81311840911	1.0003922519124568	0.0005531879402266257
55191.833551454394	1.0001126172282016	0.0005530928482346013
55191.853984300025	1.0003625282044917	0.0005532120917287586
55191.87441724588	0.9999448915202821	0.0005531137290410202
55191.89485029198	1.0000079784488267	0.0005531639803270058
55191.91528313831	0.9999411151373071	0.0005531501110756064
55191.93571608487	1.0003031911688076	0.0005531955919241837
55191.95614913178	0.9992757684792358	0.00055305850530729
55191.976581978925	1.0016426491382278	0.0005533676560898855
55191.997014926295	0.9999546271427708	0.0005531644016724735
55192.01744797391	1.0000482143453095	0.0005532145626994243
55192.03788092187	0.9993895972102134	0.0005531442653113269
55192.05831377005	0.9994946597562552	0.0005531327498098744
55192.07874671848	1.0025980148260725	0.0005534851468031351
55192.09917976713	1.0006600464835047	0.0005531972394301918
55192.11961261602	0.9999509266296674	0.0005531835552130594
55192.14004556526	0.9997119545520323	0.0005530678294922485
55192.160478614736	1.00044261022594	0.0005531844539832454
55192.180911464435	0.9996497412585125	0.0005531429503102485
55192.201344414374	1.0011630744941258	0.0005533115453690827
55192.221777464656	0.9999298768248019	0.0005531571924132273
55192.24221031518	0.9989346714599157	0.0005529968031154581
55192.26264326593	0.999202216246325	0.0005530320478665735
55192.28307621692	0.9998874114874219	0.0005531696178455359
55192.30350916825	0.999643818036703	0.0005531605773761404
55192.323942119816	0.9995268801171928	0.000553113914816169
55192.34437507161	0.9997390343069501	0.0005531270569969431
55192.364808023645	1.0001940183191076	0.0005531666906215061
55192.38524097591	1.0012383571689607	0.0005533429439372334
55192.40567382853	0.9992567242295186	0.0005530665336694401
55192.42610688137	0.9999301325048376	0.0005531043565934223
55192.446539834455	0.9999481407068715	0.0005531178797450419
55192.466972687886	0.9991924938469885	0.0005530276862884539
55192.48740574143	0.9990745593741346	0.0005530224376479782
55192.507838695325	0.9991341495777813	0.0005530562529743473
55192.52827154957	0.9999006833254463	0.0005531344100002486
55192.548704503926	0.9971985329656037	0.0005528032412139745
55192.56913755864	0.9966249078596036	0.0005527270625424691
55192.58957051358	0.9971589685346479	0.0005527949690835542
55192.610003368754	0.9980050754174483	0.0005529268717564627
55192.630436424166	0.9961569788712642	0.0005527020468974461
55192.650869379926	0.9961173443817009	0.000552655775975954
55192.67130223591	0.997109867788198	0.0005527901807512925
55192.69173529214	0.9971045835352799	0.0005527818262026718
55192.732601105396	0.9970684550257161	0.0005527705387536914
55192.75303416244	0.9987069106173301	0.0005530082143996694
55192.77346711971	0.9999072010455851	0.0005530894893978948
55192.793899977325	0.9994619630537521	0.0005530920588990219
55192.814332935064	0.9994259875919127	0.0005530732962845664
55192.834765993146	0.9997251972006964	0.0005530496746463051
55192.85519895147	0.9985148648339063	0.0005529994253490476
55192.87563181014	1.000130052252934	0.000553100388297154
55192.89606486904	1.0007590844693817	0.0005532215026974751
55192.91649782817	0.9995400457802568	0.0005529938949980243
55192.93693068754	1.0006996344135504	0.0005532543081898943
55192.95736374713	0.9993411896289915	0.0005530663967907793
55192.977796707084	0.9997722638076973	0.000553149648132756
55192.99822956727	0.9998495413022893	0.0005531575809923824
55193.018662627685	1.001157084843659	0.0005532850506874362
55193.03909558844	1.0000834845067041	0.0005531932053482691
55193.05952844944	0.9993727051332858	0.0005530533247794885
55193.07996141067	1.0010697976114005	0.0005533094056466014
55193.10039447213	0.9991007961452746	0.0005530671830866156
55193.12082733394	0.9997652943068549	0.0005531913277714027
55193.14126029599	0.9999144159631809	0.0005531931992455522
55193.16169325826	0.9994464846365835	0.0005530824666203178
55193.182126220774	1.000323045751764	0.0005532206482601212
55193.202559183635	1.0010991507093023	0.0005533621629770522
55193.24342511005	0.9996624329423219	0.0005531084193950606
55193.26385807361	0.9988954010286397	0.0005530668905366695
55193.28429113751	1.0002330320953492	0.0005532105615000632
55193.30472400165	1.0002975418042668	0.0005532565780588006
55193.32515696603	0.9994585236268894	0.0005531394041129013
55193.345589830744	0.999786746933338	0.0005531554737569324
55193.3660228957	0.9997471294229786	0.0005531963853660979
55193.38645586089	1.000782215915705	0.0005533549085490243
55193.406888726306	0.9999357238689432	0.0005532319180426632
55193.42732179208	0.9997805911437472	0.0005533036784341463
55193.44775475808	1.0003923878548961	0.0005533213117810928
55193.46818772431	0.9999139431437363	0.0005532420577694485
55193.48862069078	1.000078704101049	0.0005532814210312143
55193.5090536576	0.9997551400628993	0.0005531807951543905
55193.52948662465	0.9989311338187068	0.0005531219665499375
55193.54991959205	0.9994232262973854	0.0005532769278760915
55193.59078552743	1.000618378378134	0.0005533390926049282
55193.63165146398	1.000000973808699	0.0005532821450216245
55193.65208443265	1.0004994296057241	0.0005533479802478277
55193.672517301566	1.0000984178576664	0.0005533823794158083
55193.692950370714	1.0005007415789497	0.0005533950724113937
55193.71338334009	1.0000600970114801	0.0005533366449689231
55193.73381630982	1.0008134003385176	0.000553464018876344
55193.75424927978	1.0011967551051848	0.000553464057267189
55193.774682250085	0.9999393854498901	0.0005533808976770278
55193.79511522063	1.000305005966173	0.00055337388016914
55193.81554809141	1.0009332222435392	0.0005534310597105834
55193.83598116241	1.0000474937596928	0.0005533354466539073
55193.85641413377	1.0001938488392021	0.0005534202156870475
55193.87684700536	0.9999428165111497	0.0005533750820796093
55193.91771304924	1.000300246676119	0.0005533847607738605
55193.938145921646	0.9991342281191423	0.0005532989457047722
55193.95857899428	0.9994286633975346	0.0005533473737632934