56281.864900543966	0.9985269990915	0.0005557490608905924
56281.885333345395	0.9990410417921871	0.0005558479891338356
56281.905765946976	1.0002957835294832	0.0005559190282822075
56281.92619874865	0.9986379964265519	0.000555854736219688
56281.94663135047	1.0009858189886558	0.0005560998158001708
56281.9670640524	0.9992146672171389	0.000555829940139323
56281.987496854454	1.000281524297768	0.0005559639845805586
56282.00792945663	0.9998041061255656	0.0005559179929156097
56282.02836215894	0.9996224335304138	0.0005558267012390388
56282.04879496136	0.9994813916008952	0.0005559960954672111
56282.069227563916	1.000469106985686	0.0005559429712634199
56282.08966026659	1.0002552454888427	0.000556044244024569
56282.11009306937	0.9998835042512161	0.0005559571666388422
56282.13052567229	0.9998973359351465	0.0005559793700983498
56282.17139117849	0.9989870831151874	0.000555843782904765
56282.191823881774	0.9998986097950341	0.000555971158846521
56282.212256585204	0.9993729039510891	0.0005559043446711876
56282.23268928873	0.999740714911003	0.0005560456214133796
56282.25312199239	1.0003354550613053	0.0005560218359133473
56282.273554796186	1.0010991674813026	0.0005561639666464866
56282.29398740007	0.9999776691082196	0.0005561247131131788
56282.314420104114	1.0006754548317909	0.0005561389216557828
56282.33485290827	1.0003582194956016	0.000556171848143409
56282.35528551254	1.000272083978461	0.0005560478937485174
56282.37571831696	1.0000723977931165	0.0005561062896457403
56282.396151021494	0.9994386335069824	0.0005561452251472566
56282.41658362614	0.99949454388117	0.0005561327533290188
56282.43701643094	1.0001737548453178	0.0005561362734180811
56282.457449135836	1.0009810927459788	0.000556215697747829
56282.49831454602	0.9996810814458997	0.000556190539913088
56282.51874725131	1.0001844749823923	0.0005562579132890455
56282.539179956715	1.0000418933889204	0.0005562437723421168
56282.55961266224	1.0008395737680242	0.0005563049377981131
56282.58004536791	1.0006551810742703	0.0005562752862677827
56282.60047807369	0.9996413246491888	0.0005562346442910522
56282.62091077961	1.0002626756363384	0.0005563162694393911
56282.641343485644	0.9993146102062488	0.0005562170220758027
56282.66177619182	0.999939574936759	0.0005563548812710284
56282.68220889811	1.0001734772749369	0.0005563739766847744
56282.70264160454	1.0005746020329402	0.0005562820592592099
56282.72307431108	1.0001441011840047	0.0005563518119414414
56282.74350701774	1.000042887905701	0.0005564136166047892
56282.76393982454	1.0002794433744704	0.0005563697396599774
56282.80480513853	1.002062980304362	0.0005565224090108547
56282.82523794571	0.9996465418893333	0.0005563930267465627
56282.845670653005	0.9995608001123732	0.0005562690465373412
56282.86610326045	1.0007457564941407	0.0005564467390818724
56282.88653606801	0.9994783504017464	0.0005564001351964677
56282.906968775715	1.0004727890637333	0.0005564739667727158
56282.92740138354	1.0000650014725125	0.0005564167141178343
56282.94783419148	1.000487063399621	0.0005564844967004308
56282.96826689956	0.9994275234064283	0.0005564159687494652
56282.98869970776	0.9995628347162202	0.0005564163854917784
56283.00913231609	1.000897959314221	0.0005564655245726996
56283.02956502455	1.0004231550207687	0.0005564576084537627
56283.04999783315	0.9997032872881569	0.0005564469437230786
56283.070430441876	0.9980941086136311	0.0005562333625387197
56283.09086315071	0.9971958565281424	0.0005560912765140521
56283.11129595969	0.9966877438668829	0.0005561148917861078
56283.1317285688	0.9969347655990146	0.0005560546749877425
56283.15216137802	0.9967200529942413	0.0005561019517646884
56283.17259408739	0.9967636828862093	0.0005561156836075145
56283.1930266969	0.9964529624344576	0.0005560896951744145
56283.21345950652	0.9963447043296275	0.0005560253419285132
56283.23389221627	0.9973295052137825	0.0005562308693653465
56283.25432482615	0.997891363347954	0.0005562663508294767
56283.27475763617	0.999279235415164	0.0005564659455172715
56283.295190246325	0.9998955281553039	0.0005564171858179095
56283.315622956594	1.0003091163769995	0.0005564981671785788
56283.33605576699	1.0002843901988496	0.0005564392960447849
56283.35648847753	1.0002049917904237	0.000556541948772655
56283.37692118819	1.0001447310153677	0.0005565011419803082
56283.397353898996	0.9992908338023283	0.0005564413291295408
56283.41778660992	1.0005970643606015	0.0005565689016372296
56283.45865203217	1.0008934733880055	0.0005565541718580698
56283.4790847435	0.999803989402834	0.0005565181415329703
56283.519950166534	1.0004920684768701	0.0005565730629357722
56283.540382878244	1.0003779810238718	0.0005565841905999533
56283.56081569008	0.9997908018195911	0.0005564773888709924
56283.58124830206	1.0000248874734525	0.0005565396848216515
56283.60168111418	1.0000375471327414	0.000556439671079167
56283.62211382641	1.0002503168972838	0.0005565263646105974
56283.6425464388	0.9993996104811514	0.0005563644369473898
56283.66297925131	1.000406753910273	0.0005564875145686119
56283.683411963946	1.0000635716924549	0.0005565359958119477
56283.70384457673	0.9992917704688135	0.0005563713285658636
56283.72427738962	1.0006707199934912	0.0005565255049200898
56283.74471010266	0.999347827219935	0.0005564408620339307
56283.76514291583	0.9998080067564054	0.0005564499996691052
56283.78557552914	1.0007990146380608	0.0005566096663049701
56283.80600824257	0.9980045410798674	0.0005562559746268827
56283.826440956145	1.000206870007399	0.0005564948274241417
56283.84687366985	0.9992730128544903	0.0005563293435910446
56283.867306383676	1.0009607577071926	0.0005564401738864588
56283.887739097656	1.0002138627895012	0.0005564726748366782
56283.90817181177	0.9998934225532427	0.0005563344630711312
56283.92860452599	0.9998745803449893	0.0005563222305917777
56283.94903724036	1.0000694283137328	0.000556262790716791
56283.96946995488	1.0000409904545748	0.0005562774952414335
56283.98990276951	0.9993340503954111	0.0005562089464097446
56284.01033548429	0.9982345782991904	0.0005561811202535906
56284.03076809921	1.000229473426567	0.0005563950153142999
56284.05120091425	1.0007559975271445	0.0005562715767630141
56284.071633629406	1.000948998943855	0.000556455538190628
56284.09206624473	0.999235024436479	0.0005562169302123109
56284.11249906018	0.9996052122667156	0.0005562451759876806
56284.13293177575	0.9991635849808158	0.0005562948651965872
56284.15336439149	0.9993037374452978	0.0005561855134293829
56284.17379720731	1.000018795689947	0.0005562665189828788
56284.19422992331	0.9995887503394979	0.0005562518168009654
56284.214662739425	0.9991649058601387	0.0005562721865973364
56284.23509535572	1.0011732318397113	0.0005564047129655303
56284.2555280721	0.9994548315919407	0.0005563453788623553
56284.27596088862	1.0011428036114736	0.0005563606114412432
56284.29639350529	0.9997955519572356	0.0005562765167857606
56284.31682622211	1.000124036322324	0.0005563499086180848
56284.337259039035	1.0006581252453648	0.0005564074622636509
56284.357691656114	0.9994861937666301	0.0005562916142594995
56284.37812447331	0.9990444282448439	0.0005562176332500785
56284.398557190674	0.9998419672138772	0.0005563153150202699
56284.41898980816	1.0000119416726636	0.0005563220111330459
56284.439422625794	1.0003431452614029	0.0005563584626899195
56284.459855343535	1.0007580620313032	0.0005563845164634766