55658.70074600519	0.9996091798033514	0.0005225307994578024
55658.72118043954	0.999730988320477	0.0005225749678376578
55658.762049008816	1.0000163232892338	0.000522579211707393
55658.78248344375	1.0004425262280772	0.0005225793947777795
55658.8029177788	0.9996638860745096	0.0005225388783602432
55658.82335201407	1.0002753001583482	0.0005225639085896381
55658.843786449586	1.0000828914468807	0.0005225100354950814
55658.86422078522	1.0001949133454617	0.0005225890051832455
55658.88465502107	1.0003599419665952	0.0005225878700083747
55658.90508945711	1.0008566179039258	0.0005226730700320705
55658.925523793325	0.9997276529167543	0.0005225164618403723
55658.945958229764	1.000536466626258	0.0005226570109887689
55658.966392466325	0.9998664599889832	0.0005225697859092207
55658.98682680312	1.0003529490365264	0.0005226044989864451
55659.00726124008	1.000761892156091	0.0005226839772563382
55659.027695477285	0.9993947617638533	0.0005225137795389045
55659.048129814604	1.0006236329885476	0.0005228725827576512
55659.06856425215	0.9996814252064508	0.0005225156171421126
55659.088998489875	0.9998436450802427	0.0005225195972303651
55659.10943292777	0.9994101275003997	0.000522537261009479
55659.1298672659	0.9996306427833452	0.0005224976181837889
55659.15030150415	1.000692700787968	0.0005226036477955142
55659.17073594264	0.9999520170920981	0.0005225332080775952
55659.19117028129	1.000451023118115	0.0005225927076316877
55659.21160452012	0.9999622989721466	0.0005225025721628603
55659.23203895918	1.0004864742761173	0.0005226503386282548
55659.25247329836	1.0008974101930561	0.0005225952779946185
55659.27290753777	0.9999777994869411	0.0005225337899979553
55659.29334197736	0.9996325595426214	0.0005225024598956411
55659.31377631712	0.9998465381090872	0.0005224634904570027
55659.334210757115	0.9998436705446951	0.0005224937855253334
55659.35464499728	0.9996899813900245	0.0005224248715150586
55659.375079337566	0.9996446745204917	0.0005224513686821749
55659.395513778145	1.000460010150498	0.0005225780976572455
55659.41594801884	1.0012541767217265	0.0005226472022889842
55659.4363823597	0.9996770953013354	0.0005224905820194386
55659.456816800805	1.0001531189701975	0.0005224760234400868
55659.477251042015	0.999692870105811	0.0005224851423502917
55659.49768548347	0.9996751561475747	0.000522484481308936
55659.518119825094	1.000078286404756	0.0005224217638531719
55659.53855406695	1.0001555345412136	0.0005224940067212548
55659.55898850892	0.9994995931523816	0.0005223926431969637
55659.57942285113	1.0000975141411341	0.0005224784387453341
55659.599857193505	1.0001349210988997	0.0005224654674782288
55659.62029153606	0.9993501791378473	0.0005223111170968901
55659.640725878795	0.9987257523894423	0.0005223347221810472
55659.661160221694	1.0003268280529758	0.0005225111459492741
55659.681594564834	0.9994554494951413	0.0005224057115855456
55659.70202890809	1.0006772768733732	0.0005225547727593626
55659.72246335157	1.0005277365492589	0.000522512645763221
55659.742897595235	0.999491106839648	0.0005223679650200755
55659.76333193907	1.0000493393062446	0.0005224641023254085
55659.78376638314	0.9997237462482306	0.000522417369615051
55659.804200627324	1.0003919787667064	0.0005225211407658322
55659.824634971745	0.9986959673678661	0.0005223146601323106
55659.84506941633	0.9997308538408827	0.0005223548361462997
55659.86550366104	0.9996465474245554	0.0005223699171521685
55659.88593800599	0.9994170886471115	0.000522391387942038
55659.90637245116	0.9988527064624867	0.0005223610847645151
55659.92680669645	0.9972041532129897	0.0005221751963116551
55659.94724114198	0.9969418462597418	0.0005220891496907058
55659.96767548761	0.9963347867812647	0.0005220405011621221
55659.98810973349	0.995419644081929	0.0005218958799293424
55660.00854417954	0.9964073087977301	0.0005220062620271554
55660.028978525756	0.9959212538988657	0.0005219434904608455
55660.049412772154	0.996405916281997	0.0005219748026075409
55660.06984721878	0.9962066120529585	0.0005219154097785085
55660.09028156553	0.9963801384875776	0.0005220111100689669
55660.11071601251	0.9987111351935665	0.000522244863783363
55660.131150259665	1.0014100047958274	0.0005225403214942353
55660.15158460699	0.9993229756046721	0.0005223633687379325
55660.172019054495	0.9989231961265693	0.000522309218052087
55660.19245330217	1.0000333838966649	0.0005224155877877349
55660.21288765002	1.0011412167788487	0.0005225975186147851
55660.23332209805	1.0001671817906133	0.0005223866728953289
55660.253756446305	1.000132255068502	0.0005224618303310191
55660.29462514335	0.9996231948157432	0.0005223698120648318
55660.31505949207	0.9998977962872753	0.0005224449338092176
55660.335493841034	1.0005726084024846	0.0005225318759905246
55660.35592819023	1.000066058720864	0.0005224602354076696
55660.37636253953	1.00019477661396	0.0005224917412975344
55660.396796889014	1.000304230407032	0.0005225082014760859
55660.41723123873	0.9994102550502248	0.0005223609098824382
55660.43766548856	1.0002348612718237	0.0005225184119612402
55660.45809993862	0.9990774957349516	0.0005223560924345902
55660.478534288864	0.9993384887934749	0.0005224078417638355
55660.498968739215	0.9997785334307676	0.0005223245874777036
55660.519402989805	0.9994660293926168	0.0005223572624421712
55660.56027179156	0.9997409833790663	0.000522662814441152
55660.580706042674	0.9993984586992468	0.0005224190887527422
55660.60114039396	0.9999335187016621	0.0005223703198527924
55660.62157484548	1.0009416991455793	0.000522569235453403
55660.642009097115	1.0001746671335323	0.0005224668915140551
55660.662443448986	0.9994842855571866	0.0005223686820525473
55660.682877901025	1.000811304734697	0.0005225193927864752
55660.703312153244	0.9991583482681967	0.000522324371694392
55660.72374660558	1.0003166669883568	0.0005224256543924934
55660.74418095814	1.00053894958283	0.0005224653637607966
55660.76461531089	0.9993937901581114	0.0005223636556969193
55660.785049663864	1.0004151201409768	0.0005224465150135916
55660.80548401695	0.9996559833208245	0.0005222991302147224
55660.82591837022	0.9985551178620429	0.0005222902793567034
55660.84635272366	1.000391676632752	0.0005224958454419405
55660.86678707733	0.9997257998807779	0.0005222838222822036
55660.88722143112	1.000126906578956	0.0005223904897738785
55660.907655785144	1.000587435943731	0.0005224264141533478
55660.928090139336	1.001197278073093	0.0005225730915418915
55660.94852459365	0.9997972495449524	0.0005223477278117645
55660.9689589482	1.0001229474322089	0.0005224155504845191
55660.989393202915	0.9998638038215244	0.0005223548712310917
55661.009827657814	0.9994773231450973	0.0005222678136496064
55661.030261912885	1.0000449938920661	0.0005223294539073961
55661.050696268125	1.0003158597930382	0.0005223569844209399
55661.07113072355	1.0000573499916137	0.0005223483652286614
55661.09156497914	0.9997432558413979	0.0005223689162847849
55661.11199943491	1.0009949718861801	0.0005224632880959927
55661.13243379085	1.0003858099343728	0.00052242754235228
55661.15286804703	1.000264370062789	0.00052242732084009
55661.17330250332	1.0012333725553322	0.0005225333438009156
55661.19373685979	1.0003212421857142	0.0005223308586162791
55661.21417111649	1.000286914771733	0.0005223574606180897
55661.2346055733	0.9991747071920392	0.0005222697922823155
55661.25503993035	0.9998962804808235	0.0005223039923790838
55661.27547418752	0.999733644635434	0.0005222834070047734
55661.29590864491	0.9990850760104051	0.0005222497306704427
55661.31634300249	1.0011739997633737	0.0005224940427279853