55502.91728507307	1.0001228103702466	0.0005440395122868761
55502.97858308329	1.000139785909312	0.0005440335439258409
55502.99901585325	1.0007736123892577	0.0005440544525168427
55503.01944852309	0.9995833625184073	0.000543986719290237
55503.03988109293	0.9996345995462304	0.0005440503996790648
55503.08074653215	0.9994023486525677	0.0005439437936712901
55503.10117910164	0.9996311894194218	0.000544182785851104
55503.12161187114	1.0006472806174374	0.0005441478589374681
55503.14204454051	0.9997797200480677	0.0005440541360852239
55503.18290987892	0.999522599844287	0.0005440864314267818
55503.203342548055	0.9999383325020937	0.0005441527468203828
55503.223775317085	0.9992681687723292	0.0005439761169428879
55503.244207886	1.000141057953401	0.0005441837291452506
55503.264640554786	1.0014382086516083	0.0005443236033654447
55503.28507322358	0.9994487044682342	0.0005439927060952797
55503.30550589226	1.0000764015408448	0.0005441083048216363
55503.325938560934	0.9991412420978528	0.0005439585453085262
55503.3463713295	1.0000173913323556	0.0005440915702982022
55503.366803897945	0.9995880404040044	0.0005441451389019666
55503.38723666627	0.9989165715260724	0.0005440070878566747
55503.40766933448	1.0000953081150263	0.0005441263527965261
55503.4281019027	1.0013783361400885	0.0005442527644710265
55503.44853467079	0.9999833880974983	0.0005441976491619267
55503.468967338886	1.0005411319886497	0.0005442673761883234
55503.489399906866	0.9995516311757057	0.0005441216726365641
55503.509832674725	0.9998599135522427	0.000544131934721364
55503.53026534247	1.00028253927422	0.0005441012848067093
55503.55069791022	1.000067528370505	0.0005442844509178681
55503.57113067785	1.0001145204287814	0.0005441212538913864
55503.59156334548	0.999787564130488	0.0005440864099294058
55503.61199591288	0.9994894948940735	0.0005441516529882284
55503.63242868027	1.00021092092155	0.0005442427820369898
55503.65286134767	1.0006563200442211	0.0005442344860061358
55503.693726681995	1.0008689718675579	0.0005442005600642169
55503.714159349045	1.000572857752062	0.0005442174979936039
55503.73459211609	0.9998609966079804	0.0005440826972588815
55503.75502468302	0.9998300258261532	0.0005442391957464627
55503.77545734984	0.9997173146396744	0.0005442514036244377
55503.79589011665	1.0010764295938013	0.0005443374950204372
55503.81632268323	0.9993799045021153	0.0005440712508648655
55503.836755349934	0.9997510950015742	0.00054412921730426
55503.857188116395	1.0003181933866443	0.000544089094873467
55503.87762078286	1.0002237226145547	0.0005443261243654373
55503.898053449215	1.0005803870666297	0.0005443510540924293
55503.91848611544	1.0002320156866467	0.0005442986397068562
55503.93891878168	1.000047075956012	0.0005440876289155984
55503.97978411391	1.0002619470215228	0.0005442214735917514
55504.00021677991	0.999389747221788	0.0005440910208509701
55504.020649445796	0.9994626228501532	0.0005440957036781435
55504.04108211156	1.0006788743160415	0.0005442272707305633
55504.06151467733	1.0000806833731657	0.0005441897346118526
55504.08194744298	0.9991477943823505	0.0005441390538738457
55504.10238010851	0.9993432725123725	0.0005440113637161436
55504.12281287405	0.9994906310633678	0.0005442182293395034
55504.14324543947	0.9968384125243896	0.0005440128313179324
55504.16367810488	0.9973537105885426	0.0005438904412771227
55504.18411087007	0.9967413883207414	0.0005437858004300086
55504.20454343537	0.9967047574573453	0.000543837963094492
55504.224976100435	0.9967350670475067	0.0005438974930087934
55504.24540886551	0.9959971760838238	0.0005437920267434619
55504.26584143046	0.9972992307586086	0.0005439912861443876
55504.28627409529	0.9957132704090454	0.0005438406608771066
55504.30670686013	0.9977126901623323	0.0005440030163685177
55504.32713942497	0.9989773962471269	0.0005441459696620975
55504.347572089566	0.9999520508912553	0.0005440738465806187
55504.36800485417	1.000022189942059	0.000544328761994544
55504.38843751866	0.9995671729566947	0.0005441173704002975
55504.40887018314	1.0000888369957655	0.0005442303262228025
55504.429302847515	0.9992758958162873	0.0005441752915761607
55504.44973551177	1.0002013540014452	0.0005441916583672552
55504.4701681759	0.9999794094553238	0.0005442388281147979
55504.49060084016	1.000607800123288	0.0005443341691276223
55504.51103350418	1.000826446401923	0.0005443101658381539
55504.5314661682	0.999451176268484	0.0005441609482064352
55504.55189883199	0.99981055468562	0.0005441324211005651
55504.572331495896	0.9995669300054009	0.000544124924824599
55504.59276425968	0.999159110502551	0.0005441905347823261
55504.61319682335	0.9995089984463736	0.0005442228160542319
55504.63362958691	0.9999736921003751	0.000544140376671867
55504.65406215046	1.0002496824468174	0.0005442583090558457
55504.6744948139	1.000304807741139	0.0005443255072764029
55504.69492757734	0.9997924434046167	0.0005441866444738998
55504.71536014066	0.9997806554608685	0.0005442364824187611
55504.75622556708	0.9995498976495302	0.0005442603828483044
55504.77665813016	1.0000252458284804	0.0005442874206942063
55504.79709079314	0.9997786862773943	0.0005442334914444156
55504.81752355611	1.0000552688147433	0.0005442501973844174
55504.837956118965	1.0011907181506494	0.0005444656973655209
55504.858388881825	1.0001722447792936	0.00054430978852167
55504.87882154457	1.000757766802724	0.0005443327144834074
55504.899254107186	0.999764407315885	0.0005441228022107348
55504.919686869696	1.0002675246318427	0.000544211380040246
55504.940119532315	1.0000210488607468	0.0005443376665626283
55504.96055219471	0.9994984502488461	0.0005442109279127856
55504.9809848571	0.9997205714393322	0.0005442332964448501
55505.00141751938	1.000790456831795	0.0005442808028083418
55505.02185018153	1.0000784339527464	0.0005442948035617829
55505.042282943694	1.0003977589663204	0.000544263055068761
55505.06271550573	0.999611761772259	0.0005442035068321025
55505.083148167774	1.0001310688456007	0.0005443065893775766
55505.1035809297	0.9996270353009055	0.0005442119561986588
55505.1853114767	1.0003067415040023	0.0005443208138524344
55505.20574423828	1.000234261934457	0.0005442159929760717
55505.22617689986	1.0006403868649902	0.0005442796075211867
55505.246609461195	1.0002187205194388	0.0005442424298157241
55505.26704222266	0.9996006461235474	0.0005441649893166884
55505.28747488389	0.999418629889492	0.0005440865478712344
55505.30790744511	0.9999225065991638	0.0005441592203832229
55505.32834020622	0.9996183234007142	0.000544091555993646
55505.348772767335	0.9999940445478614	0.0005442577751113118
55505.369205528325	1.0001769547521435	0.0005442078301007392
55505.38963818932	0.9997054243060812	0.0005440822307134967
55505.4100707502	0.9999505472012641	0.0005442007155646959
55505.43050351096	0.9997327434589175	0.0005442239107605062
55505.45093617172	0.9997874087632843	0.0005439488454463187
55505.49180149289	0.999849714822965	0.0005441459076162639
55505.51223415342	1.0004794362574112	0.0005442634135414927
55505.53266681395	1.0000584676798965	0.0005441027260797535