56385.70721273334	0.9994790689762241	0.0005689766830443878
56385.72764677281	1.0000396468065895	0.0005689879927463599
56385.748081012396	1.0000581079561945	0.0005690190734309186
56385.768515152326	0.9996442254918567	0.0005689061498741289
56385.788949192494	0.9987105790493676	0.0005687938157568225
56385.809383433014	1.0008924565654087	0.0005690410398634256
56385.82981757364	1.0002706825602474	0.0005689984881649059
56385.850251614625	1.000104407050503	0.0005689530612394941
56385.87068585596	0.9995355060600629	0.0005688885875553967
56385.8911199974	0.999751324269244	0.0005688509344212634
56385.9115540392	0.999962192391369	0.000568973618097292
56385.931988281234	1.0003846769981188	0.0005690165623193642
56385.95242242349	0.9995647619969348	0.0005688646320582212
56385.97285666599	1.0005861388704977	0.0005689777504270414
56385.99329070884	1.001136907648126	0.0005689689850305419
56386.01372485179	0.9997600150564939	0.0005688404093651725
56386.03415909522	0.9995180290030593	0.0005687550823939549
56386.05459313877	1.000443538999558	0.0005689554947890063
56386.07502728254	1.000527979779991	0.0005689172719532538
56386.09546152667	1.000799602386217	0.0005689857859240698
56386.11589567103	0.9998731627855159	0.0005688264071525728
56386.13632981573	1.0002843143631606	0.0005688908191582589
56386.15676396056	0.9996006070209377	0.0005688198722696084
56386.19763225113	0.999457503102038	0.0005688066465732857
56386.218066396774	0.9997588209263157	0.0005688058558895823
56386.23850054265	1.0002614591725771	0.0005688524415621487
56386.258934788864	0.9996156292054672	0.0005687624148955184
56386.27936883532	1.0005974185012787	0.00056888206069506
56386.299803082	1.0007010744312954	0.0005688895091678574
56386.32023722892	0.9996515097305408	0.0005687391390546785
56386.34067127619	1.000119308879062	0.0005688102841185534
56386.36110552369	1.0015131572934095	0.0005689112119650004
56386.38153957143	0.9987682022511002	0.0005686938286940008
56386.401973719396	0.9992393971435866	0.0005686472245076474
56386.42240796771	0.99891069649072	0.0005686727275669542
56386.44284201614	0.999960093829189	0.0005687524123788134
56386.463276164926	1.0005455550878404	0.0005687616517287592
56386.48371041405	0.9997575344456844	0.0005687354184609161
56386.5041444633	1.0008434590696726	0.0005688881137583645
56386.5245787129	0.9999298898106923	0.0005686689722122557
56386.54501286261	1.0007170295508006	0.0005687879177885734
56386.565446912675	1.0009049528168772	0.000568767912120374
56386.58588116309	1.0009220984687957	0.0005687569054656017
56386.60631531361	0.9993914766362931	0.0005686271274135956
56386.647183615605	0.9996611880699277	0.000568668351318795
56386.66761776694	1.0003531901681915	0.0005687392477044229
56386.68805201864	1.000523008321761	0.0005686513352395959
56386.70848607045	0.9998986533581138	0.0005686503204472608
56386.7289202226	0.9981817597831937	0.0005685012677904999
56386.749354474996	1.0002298844414956	0.000568647394995019
56386.76978852762	0.9991162417578591	0.0005685321016579721
56386.79022268059	1.0001949704569968	0.0005686267225560144
56386.81065693368	0.9996945403407342	0.0005686668893231766
56386.83109108712	1.0000384841856356	0.0005686268283994483
56386.85152524079	0.9997777486291005	0.000568644092530829
56386.87195939481	1.0001623738623373	0.0005686425997604998
56386.892393548944	0.9996640594386978	0.0005686849244114908
56386.91282770343	0.9994786007158556	0.0005685058262929863
56386.933261858154	0.9966515808940888	0.0005682527800445151
56386.95369601311	0.9963634120965558	0.0005682319083713846
56386.97413026829	0.9977251570528897	0.0005682933778697189
56386.994564323824	0.9954666602242335	0.0005680683129141441
56387.014998479586	0.9971456018210297	0.0005682822878663982
56387.03543263559	0.9963638776614412	0.0005681782234262966
56387.05586679182	0.9959683763510867	0.0005681622321063455
56387.076301048284	0.9955767323540675	0.0005680952077388039
56387.117169262034	0.9984745957454869	0.0005683744321099369
56387.17847173469	1.000140581774353	0.0005685009208774061
56387.19890599278	0.9997249326582671	0.0005685847751213842
56387.21934005111	0.9989118357073148	0.0005684009497678662
56387.23977430967	0.9994442968091202	0.0005684781921071521
56387.26020846846	1.0005813613867054	0.000568505324863394
56387.28064252749	0.9994124567093985	0.0005684342824445564
56387.32151094647	1.0006008261609112	0.0005684851694877073
56387.3419451062	0.99915097389132	0.000568476013890305
56387.36237926639	1.0002276659857487	0.0005686245446585803
56387.382813426695	0.9994724378350917	0.0005683900935740615
56387.403247587354	1.0006763597094948	0.0005685722127076884
56387.42368174813	1.0001023654840757	0.0005684984416169123
56387.444115909246	1.0007503218467007	0.0005684865734712837
56387.4645501706	1.0022438063107877	0.0005687429018929204
56387.48498433231	0.9990007855806945	0.0005683847329973799
56387.505418394125	1.0004244949793824	0.0005685082985536638
56387.5258526563	0.9995799766183859	0.0005684414653633858
56387.5462868187	1.0003714724896897	0.0005684991173575004
56387.56672088133	0.9999424265067303	0.0005684765654968551
56387.5871551442	0.9998325869274364	0.0005683307829140582
56387.60758930742	0.999086121412183	0.0005683049476980889
56387.62802357087	1.0008179715878323	0.0005685396045515721
56387.64845763444	1.000113911045363	0.0005683745522577924
56387.668891698355	0.9997583796702122	0.0005683357680698161
56387.689325962616	1.0003827734932131	0.0005684084749565263
56387.709760127	1.0005318252854938	0.0005684082541115738
56387.73019419173	0.9994502363601845	0.0005682984768392666
56387.75062845669	0.999925002499514	0.0005683169167127849
56387.79149688732	1.0005446021493418	0.0005683731510510068
56387.81193095298	0.9993575636209732	0.0005682810806154419
56387.83236511899	0.9989836991684237	0.0005682570497587037
56387.85279938512	1.000415923175417	0.0005683560311400555
56387.873233451595	0.9992640371130354	0.0005682606011586257
56387.89366761831	0.9988642649110518	0.000568162418307798
56387.91410188525	1.0006721002719903	0.0005684473506758577
56387.93453595254	0.9997046000187917	0.0005681913256348705
56387.95497011995	1.0001135018490916	0.0005683355942550611
56387.975404387704	0.9994526103219883	0.0005682486598599153
56387.9958385557	0.9992723148651825	0.0005681814453915299
56388.01627272392	1.0010952350163014	0.0005684349578662215
56388.03670689238	1.0000078300459927	0.0005683352874750726
56388.05714106118	0.9994194540861033	0.0005681850005007645
56388.077575230105	0.99960131495985	0.0005682018809981617
56388.09800939937	1.0007903035635282	0.0005684271823072587
56388.11844356888	0.9993953856192589	0.0005682107467039227
56388.13887783862	1.0003873458356658	0.0005683604766174421
56388.159311908705	0.9997338057496733	0.0005681988752247259
56388.1797461789	1.0002865957093883	0.0005683302585877389
56388.20018034946	0.9991793202367621	0.0005682372369809228
56388.220614420236	1.000487533412424	0.0005683008233844598
56388.24104869114	1.000240182771428	0.0005682663545448303
56388.26148286251	1.0007278403929651	0.0005683482970779211
56388.28191693399	1.000006991628127	0.0005682426455335338
56388.302351205704	1.0003970593610862	0.0005683227558845426
56388.32278527777	1.000631893157291	0.0005683964983225541