55658.70074600519	0.9995370005369769	0.000522493068822145
55658.72118043954	0.999659529982566	0.000522537615450794
55658.762049008816	0.9999497018353427	0.0005225443972888216
55658.78248344375	1.0003834813123669	0.0005225485527698602
55658.8029177788	0.9996111482885972	0.0005225113115511569
55658.82335201407	1.0002221477959747	0.0005225361407279022
55658.843786449586	1.0000285963227256	0.0005224816680992464
55658.86422078522	1.0001482386401546	0.0005225646182487709
55658.88465502107	1.000315821126205	0.000522564821288574
55658.90508945711	1.0008211738779302	0.0005226545602499998
55658.925523793325	0.9996944551112783	0.0005224991107149857
55658.945958229764	1.0005054103906519	0.0005226407879326227
55658.966392466325	0.9998349225831165	0.0005225533032126894
55658.98682680312	1.0003288759008646	0.0005225919226962331
55659.00726124008	1.000738658649548	0.0005226718427199408
55659.027695477285	0.9993730953025842	0.0005225024516582711
55659.048129814604	1.0006079706495283	0.0005228643984539979
55659.06856425215	0.9996678983794929	0.0005225085469113796
55659.088998489875	0.9998337771776479	0.0005225144402515566
55659.10943292777	0.9994029276433848	0.0005225334965953904
55659.1298672659	0.9996272694087818	0.0005224958549523522
55659.15030150415	1.0006916913685544	0.0005226031206344115
55659.17073594264	0.9999567635769457	0.0005225356883925624
55659.19117028129	1.0004527285190834	0.0005225935984600131
55659.21160452012	0.9999701866838149	0.0005225066936678804
55659.23203895918	1.0004936389570596	0.0005226540814303984
55659.25247329836	1.000912915897623	0.0005226033739372258
55659.27290753777	0.999994069336229	0.0005225422917327093
55659.29334197736	0.9996528602244421	0.0005225130709507608
55659.31377631712	0.9998699182758837	0.0005224757076154229
55659.334210757115	0.9998659409097552	0.0005225054234720325
55659.35464499728	0.9997189051139946	0.0005224399866738179
55659.375079337566	0.9996727285004204	0.0005224660307321855
55659.395513778145	1.0004900525403129	0.0005225937899335575
55659.41594801884	1.0012851246224839	0.0005226633568620422
55659.4363823597	0.9997160666338298	0.0005225109507507948
55659.456816800805	1.000190187967913	0.0005224953881375035
55659.477251042015	0.9997338074493083	0.0005225065380753031
55659.49768548347	0.9997114088851277	0.0005225034289567393
55659.518119825094	1.0001141259343918	0.0005224404857377909
55659.53855406695	1.0001961368729806	0.0005225152178971914
55659.55898850892	0.9995401347413131	0.0005224138324280013
55659.57942285113	1.000140984900876	0.0005225011490654377
55659.599857193505	1.000177716978398	0.0005224878238310734
55659.62029153606	0.999393826103019	0.0005223339292158176
55659.640725878795	0.9987723295986587	0.0005223590821152712
55659.661160221694	1.000370907743593	0.0005225341705538448
55659.681594564834	0.9995019197855698	0.000522430001157583
55659.70202890809	1.000723326721206	0.0005225788200404651
55659.72246335157	1.000575394820603	0.0005225375346778837
55659.742897595235	0.9995379326010788	0.0005223924377517904
55659.76333193907	1.0000946713583776	0.00052248778552682
55659.78376638314	0.9997709714760591	0.0005224420477117695
55659.804200627324	1.00044056176368	0.0005225465164620987
55659.824634971745	0.9987381856780153	0.0005223367401677143
55659.84506941633	0.9997763342396432	0.0005223785994483436
55659.86550366104	0.999694212055863	0.0005223948245252508
55659.88593800599	0.9994588505558172	0.0005224132167277368
55659.90637245116	0.9988953053680651	0.0005223833623339544
55659.92680669645	0.9972454204215102	0.0005221968054401781
55659.94724114198	0.9969816946218962	0.0005221100179064315
55659.96767548761	0.9963735879417251	0.0005220608314542298
55659.98810973349	0.995454582029288	0.000521914197802501
55660.00854417954	0.9964417718688893	0.0005220243168314457
55660.028978525756	0.9959552855924152	0.0005219613258276961
55660.049412772154	0.9964405992640721	0.0005219929715509672
55660.06984721878	0.9962394828219849	0.0005219326308656592
55660.09028156553	0.9964096397958232	0.0005220265660280641
55660.11071601251	0.9987369456930988	0.0005222583605797213
55660.131150259665	1.0014340565577016	0.0005225528718136069
55660.15158460699	0.9993446467662983	0.0005223746966281822
55660.172019054495	0.9989445799069966	0.0005223203990374493
55660.19245330217	1.000054375313744	0.0005224265536651431
55660.21288765002	1.0011583708143508	0.0005226064730522186
55660.23332209805	1.0001823583536682	0.0005223945996044078
55660.253756446305	1.0001455677006197	0.0005224687847534042
55660.29462514335	0.999633268382419	0.0005223750761755073
55660.31505949207	0.9999074903306797	0.0005224499989307567
55660.335493841034	1.0005799870092198	0.0005225357293412831
55660.35592819023	1.0000701117073625	0.0005224623527920779
55660.37636253953	1.0001968169842002	0.0005224928071665276
55660.396796889014	1.0003062248444905	0.0005225092432690702
55660.41723123873	0.9994072258746467	0.0005223593266258093
55660.43766548856	1.0002300932997248	0.0005225159211930157
55660.45809993862	0.9990707215204311	0.0005223525506150203
55660.478534288864	0.9993284114184935	0.00052240257377929
55660.498968739215	0.9997705445487425	0.0005223204137638574
55660.519402989805	0.999454631449318	0.0005223513054628602
55660.56027179156	0.999724902644088	0.0005226544074614024
55660.580706042674	0.9993834424208626	0.0005224112392404665
55660.60114039396	0.9999158057546591	0.0005223610665198272
55660.62157484548	1.0009255608839833	0.0005225608100285945
55660.642009097115	1.0001569886185995	0.0005224576566883322
55660.662443448986	0.999467216359543	0.0005223597610375743
55660.682877901025	1.0007904005011066	0.0005225084787736232
55660.703312153244	0.9991345133504739	0.0005223119116489491
55660.72374660558	1.0002926290489922	0.000522413100331747
55660.74418095814	1.0005132377664283	0.0005224519374633846
55660.76461531089	0.9993708748910844	0.0005223516783334682
55660.785049663864	1.0003889560117125	0.0005224328513275105
55660.80548401695	0.9996286563364978	0.0005222848524427854
55660.82591837022	0.9985296911805115	0.0005222769800321467
55660.84635272366	1.0003689958443343	0.0005224839994640134
55660.86678707733	0.9996994290341015	0.0005222700454379924
55660.88722143112	1.0001018259891288	0.0005223773895747763
55660.907655785144	1.0005667507958498	0.0005224156140300945
55660.928090139336	1.0011763429349265	0.000522562164484744
55660.94852459365	0.9997750491467642	0.0005223361291325768
55660.9689589482	1.0001075631098106	0.0005224075144632727
55660.989393202915	0.9998478426592237	0.000522346532704538
55661.009827657814	0.9994580757349707	0.0005222577560899476
55661.030261912885	1.0000341369829382	0.0005223237832791238
55661.050696268125	1.0002995640162085	0.0005223484748959131
55661.07113072355	1.0000416080784003	0.0005223401429375773
55661.09156497914	0.9997272668964731	0.0005223605620120412
55661.11199943491	1.0009836905694693	0.0005224573998807786
55661.13243379085	1.000380338732936	0.0005224246851482973
55661.15286804703	1.000258548356379	0.0005224242802254551
55661.17330250332	1.001231495475641	0.000522532364172435
55661.19373685979	1.0003224645402835	0.000522331496884752
55661.21417111649	1.0002906370742106	0.0005223594044328504
55661.2346055733	0.9991754458079378	0.0005222701783577126
55661.25503993035	0.999902038711687	0.0005223070002380266
55661.27547418752	0.9997418648754394	0.0005222877014435766
55661.29590864491	0.9990959892118156	0.0005222554353062482
55661.31634300249	1.001189630038883	0.0005225021998773339