55347.13179542047	1.0005494656785674	0.0005230936776526845
55347.15222977729	0.9999255925168092	0.0005230787472657227
55347.17266433411	0.9989756065070775	0.0005228487890442851
55347.193098790805	0.9992947262206435	0.0005229274568183947
55347.21353314739	0.999850929387923	0.0005229769504479808
55347.27483661656	1.00126195387733	0.0005230922158546292
55347.29527107268	0.9996658434847685	0.0005229909556746
55347.315705528796	1.00048829689083	0.0005229481636254777
55347.33613998468	0.9993335355849159	0.0005228955115097287
55347.35657444057	1.0002196556140104	0.0005229558295354255
55347.377008896336	0.9998919316459924	0.000522840865527513
55347.39744335199	1.0003242544240285	0.0005230168516894946
55347.41787790753	1.0003381381752054	0.0005230047710257069
55347.438312262944	1.0003615201348062	0.000522919357687555
55347.45874671825	1.0004499424163438	0.0005229450440921858
55347.47918127343	0.9989713959093115	0.0005227002868349784
55347.499615628505	0.9998438458752625	0.0005227978886297756
55347.52005018358	1.0001028743778264	0.0005229320958330315
55347.54048463842	0.9991368315185756	0.000522717462699253
55347.56091899325	0.9990918434235004	0.0005227551650964142
55347.581353547976	0.9997389694153315	0.0005228912260046455
55347.601788002576	1.0000090471344727	0.0005229036146249423
55347.62222235695	0.9996092801886953	0.0005228382392082212
55347.642656911325	0.9995132579617068	0.0005228401648512031
55347.66309136558	0.9999151619524189	0.000522953504541877
55347.68352571983	1.0003729523264826	0.0005229495351141495
55347.70396027386	1.0004587490197667	0.0005228704406014476
55347.72439472776	1.0011039646078594	0.0005230690357567056
55347.74482918167	1.0000678777930214	0.0005228776837524528
55347.765263635345	0.9993723357158751	0.0005227700052907695
55347.78569808902	0.9999846384197977	0.0005228309239632841
55347.80613254246	1.00101947783705	0.0005229931691305326
55347.8265669959	0.9997188278151344	0.0005228223974683529
55347.84700144922	0.9991405681076803	0.0005226977742996569
55347.86743590243	0.9995944776535113	0.000522817624913104
55347.887870355524	1.0009445500205991	0.000522944379903299
55347.9083048085	1.0015176756748896	0.0005230668679146423
55347.928739261355	1.0000661408502192	0.0005228607896435114
55347.9491737141	0.9997894045574238	0.0005227807018061952
55347.96960816672	1.0003916708737026	0.0005229010486276381
55347.99004271923	0.999759083499814	0.0005227628433973116
55348.010477071744	1.000314748154331	0.0005228486660573985
55348.03091152402	1.000493107706532	0.0005229026180630789
55348.051346076296	1.0001724119170696	0.0005228863617915755
55348.07178042834	0.9997812530440425	0.000522739564336474
55348.09221488038	1.0005125160026438	0.0005229493694105771
55348.11264943231	1.000050125018806	0.0005227639633826151
55348.13308378412	1.0003795720461077	0.0005229082787725506
55348.15351823582	0.9995604019148427	0.0005226407562424492
55348.17395278728	0.9994600568263144	0.0005227097684216142
55348.19438713874	1.0004000959995019	0.0005227590312814896
55348.2148216902	0.9998616076329837	0.0005227092020421413
55348.23525614143	1.000062969865712	0.0005227888419702276
55348.255690592545	1.00005167574122	0.0005227601638230825
55348.276125043536	0.9995784075228191	0.0005227166213080511
55348.29655949442	0.9993601278007092	0.0005227050088228634
55348.3169939453	0.9997340280549567	0.0005227582359286696
55348.33742839594	0.9990543349619052	0.0005226224018046927
55348.35786284659	0.9977115826348556	0.0005223345326711491
55348.37829729701	0.996649598997735	0.000522331785232736
55348.39873184742	0.9975613899489606	0.0005223296106516514
55348.41916619772	0.996015055201783	0.0005221468035156295
55348.439600647784	0.9971339635199654	0.0005222575130980654
55348.460035197844	0.9972168950815562	0.000522308132232089
55348.480469547794	0.9964963760776806	0.0005222425210426329
55348.50090399763	0.996737341965136	0.0005222285879210788
55348.52133844734	0.9975225213600972	0.0005222953674113974
55348.54177289694	0.9986852855431935	0.0005224937226815812
55348.562207446426	0.9991596092479051	0.0005225759232951459
55348.58264179579	1.0006548779756597	0.00052284121081965
55348.60307624504	1.0007157019661472	0.0005228066238328247
55348.623510794176	1.0008684232487675	0.0005227914536272831
55348.64394514319	0.9994399393230877	0.0005225795392794463
55348.66437959221	0.9991024082015854	0.0005225384857442423
55348.684814140994	1.0002371304031703	0.0005226248460249804
55348.705248489656	0.9998068278098782	0.0005226459766987111
55348.725682938326	0.9998440000085879	0.0005226608210409629
55348.746117486764	1.000285405303504	0.0005227728380764847
55348.76655183519	1.0003973478177932	0.00052262152695172
55348.8074208316	1.0000363288666998	0.0005225922277050364
55348.827855279684	1.0001225234339828	0.0005227437098143317
55348.84828962754	1.0002813177165693	0.0005226593920174371
55348.868724175394	0.9993409675712022	0.0005225706123858097
55348.889158623126	0.9995409467367314	0.0005225644876683522
55348.90959317075	1.0000116663458094	0.0005226074008822685
55348.93002751813	1.0001744845553036	0.0005226121449313999
55348.95046196552	1.0000210365836208	0.0005226126077583917
55348.970896512794	0.9997245312330078	0.0005225231053882481
55348.99133085995	0.9995694263985738	0.0005225039714246253
55349.01176530698	0.9998771105031387	0.0005224877619786981
55349.03219985391	0.9999873776467854	0.0005226453315739517
55349.05263420071	0.9993826011966185	0.0005224778343740646
55349.0730686474	0.9997175536346097	0.0005226062795553572
55349.09350319397	1.0009147925350659	0.0005226947317940967
55349.11393754043	0.9995622668329045	0.0005225300844504207
55349.13437198688	1.0003845868292789	0.0005226350278693079
55349.15480643311	0.9991784237833592	0.000522489857268795
55349.17524087921	0.9994102048409544	0.0005225064196074898
55349.1956753252	1.000290466238787	0.0005225958811810207
55349.21610977108	1.0001586078269105	0.0005225215755579861
55349.236544216954	0.9993901344522877	0.0005224034342977723
55349.25697876259	1.000594275697964	0.0005225963649688007
55349.27741320812	0.9999105362951356	0.0005224794449965975
55349.29784755364	1.0000993671927103	0.0005225302254915678
55349.31828209893	1.000712097120425	0.0005226159024108257
55349.338716544225	1.0004868401384373	0.0005224829441672987
55349.359150889286	1.001284933131024	0.0005225993116898992
55349.379585434224	0.9998256686798912	0.0005224231818508056
55349.40001987917	0.9991457516995885	0.0005223062634192219
55349.42045422387	0.9995297449429685	0.0005223625305830026
55349.440888768586	1.0001624120954098	0.0005224840376814372
55349.461323213065	0.9993034046099448	0.0005224631257119571
55349.48175755754	0.9999504202655229	0.0005223619904273613
55349.50219210178	0.9998755298700739	0.0005225113986302779
55349.52262654603	0.9999545589661161	0.0005224061785924827
55349.54306089015	0.9998650170654586	0.0005224172083607902
55349.56349543405	1.0001781572069348	0.0005224409905192156
55349.58392987795	1.0002142702526704	0.0005225209525798387
55349.604364421604	0.9997306400718954	0.0005224070206310811
55349.62479876527	1.0003127995901366	0.0005225269881374696
55349.645233208816	1.0006767651777386	0.000522458006361823
55349.665667752124	0.9997494280870465	0.0005224086658235599
55349.68610209544	1.0000024664083382	0.0005224296440315312
55349.70653653864	1.000306965143736	0.0005224370106779159
55349.726971081596	0.999218512068348	0.0005222577511391341
55349.74740552456	1.0002909339082067	0.0005225158819001671