55450.99731188327	0.9997665350358458	0.0005270620363336654
55451.017745065576	1.0003947303956477	0.000527085791777752
55451.03817814788	1.0008411563237205	0.0005271481655172294
55451.05861142971	0.9999944772077669	0.0005270044812017444
55451.079044611084	1.0005384863354996	0.000527072575085047
55451.11991097336	0.9996482426422978	0.0005270712574249975
55451.14034415403	0.9994305551821621	0.0005270370113194847
55451.16077723447	0.9995508892151681	0.0005270015500397745
55451.181210514675	1.0001816641807044	0.0005271184874671205
55451.20164369442	1.0000142279785993	0.0005270619239134476
55451.22207687416	1.000463588906068	0.0005271145765039999
55451.24251005343	0.9994505792853369	0.0005270218100537332
55451.26294323224	0.9991567957955939	0.0005269751900077999
55451.283376411055	0.9997383722136096	0.000527047626019888
55451.30380958939	1.0007625341141395	0.0005271315023582598
55451.32424276751	1.0002821494283871	0.0005270827335471406
55451.34467594539	0.999684560747156	0.0005270808373349004
55451.36510912303	0.9991944839490244	0.000526984039975245
55451.38554230021	1.000524363570079	0.0005271203313421258
55451.40597557716	0.9997489755923666	0.0005270306470929578
55451.42640865387	0.9990522023358946	0.0005269628357240056
55451.44684183035	1.0000544927840151	0.0005270657546668194
55451.46727510636	1.0006057359859424	0.0005271055889227917
55451.48770818215	1.0014713065696599	0.000527179966430783
55451.5081413577	1.0004271741758386	0.0005270963579131303
55451.52857463302	0.999915357094978	0.0005270656237975815
55451.5490077081	1.0009359504306354	0.0005271512193866979
55451.56944088272	1.0006480198325094	0.0005270853640605242
55451.5898741571	1.0006998164971281	0.0005271089418487422
55451.610307231254	1.000059413838098	0.0005270836314937278
55451.63074040518	1.0001937971599975	0.0005270996515590461
55451.651173678634	1.0002262844872265	0.0005270618931579008
55451.67160675208	1.0001216804024093	0.0005270812327029349
55451.692039925074	0.9990403200198881	0.0005269914592543862
55451.71247319759	0.9990278459645151	0.0005269848653708445
55451.73290637012	1.0005208297235184	0.0005271440527857928
55451.75333954218	0.9995515900572395	0.0005270387488692949
55451.773772714005	1.000024679048721	0.0005270798132489418
55451.79420588559	0.9990814315579305	0.0005269567263362724
55451.81463905695	0.9999525621168422	0.0005270633801248721
55451.83507222784	0.9996471142659348	0.0005270316085678816
55451.85550539874	1.0002303246129047	0.0005270814607253317
55451.87593866917	0.9997264041340486	0.0005270796682520161
55451.89637173913	0.9990499146635959	0.0005269936883028391
55451.91680490909	0.9998607916121965	0.0005270276395578814
55451.937238078586	1.0001654324180265	0.0005270880429869633
55451.957671247845	1.0004209330961709	0.0005270582571608624
55451.97810431688	1.0009477872150856	0.0005271466984431656
55451.99853758568	1.00060475769237	0.0005271159641933312
55452.01897075401	1.0000022891629732	0.0005270737895461641
55452.03940382234	1.0002638807108328	0.0005270870088736037
55452.05983709021	1.0005527396279605	0.000527101621209504
55452.080270257604	0.9995466856882875	0.000526990122503614
55452.10070342501	0.9999520676536598	0.0005270754666897888
55452.14156975865	0.9996235343728122	0.0005270560993286414
55452.162003025114	0.9998421505975303	0.0005270251575393072
55452.18243609135	1.0001261046688001	0.000527097357203088
55452.22330252289	0.997212720350663	0.0005267231445008815
55452.2437356882	0.9967494017291666	0.0005267638385574496
55452.26416875304	0.9969166838814131	0.0005267320964327695
55452.28460201788	0.9959998976766999	0.0005266061635039119
55452.30503518225	0.9969879705748828	0.0005267533038519576
55452.32546824662	0.996812884924128	0.0005267289416667859
55452.34590151053	0.9971386882656889	0.0005267449914395165
55452.36633467398	0.9961775325810903	0.0005266588627903965
55452.38676773742	0.997788620820511	0.0005268048029294328
55452.407201000395	0.9999317491863275	0.000527024498360648
55452.42763416314	0.9998800339887408	0.0005270056489616049
55452.44806722565	0.9999085648439332	0.0005270134296923538
55452.46850048793	0.999162983947494	0.0005269365630248909
55452.48893364974	0.9997377365324165	0.0005269664688508002
55452.509366711325	0.9996359026120122	0.0005269738346414472
55452.52979997267	1.0001062837068493	0.0005270233759753879
55452.550233133785	1.0009310522413977	0.0005271047935099741
55452.57066639443	0.9998267710333074	0.000526957476112175
55452.59109945508	1.0000481299255202	0.0005270240151489973
55452.611532615265	0.999406742011673	0.0005269084256743289
55452.63196577521	0.9995345618057927	0.0005269933406021813
55452.6932652532	1.0007078140136683	0.000527091920256331
55452.713698411986	1.0000962270687606	0.0005270352520613289
55452.73413157054	0.9998913546280115	0.0005269765980595777
55452.75456472886	0.9997016718478048	0.0005269551700387719
55452.774997886714	1.0002317611011295	0.0005270659447485887
55452.79543104434	0.9991591457945603	0.0005269506218009139
55452.81586430172	1.0000937422433736	0.0005270527865598522
55452.83629735888	0.9993958912857556	0.000526927638372695
55452.856730515574	0.9994876116258742	0.0005270101527988186
55452.87716377226	0.9996261165094615	0.0005270050852575576
55452.89759682849	0.9991736872991782	0.0005269219052164012
55452.91802998448	0.9997267175529148	0.0005270210469504768
55452.93846324	1.0004205017744294	0.0005270743526344943
55452.95889629553	0.9994068209493985	0.0005269887866466216
55452.979329550595	1.000539419917698	0.000527094271129099
55452.99976270542	1.0002781150566378	0.0005270708128390573
55453.020195760015	1.0000633723615011	0.0005270501553887884
55453.04062901414	0.999127106658545	0.0005269538897748226
55453.06106216827	1.0004572184961351	0.0005271040397789431
55453.08149532194	0.9998701994657154	0.0005269864935852741
55453.10192847537	0.9999781769790208	0.0005269954302969243
55453.122361628564	0.999681216334491	0.0005270384662929307
55453.1427947813	0.9998714263403669	0.0005270435648142172
55453.16322793403	1.00062856500051	0.0005270659723244171
55453.183661086296	1.0003629916688075	0.0005270283615158598
55453.20409423833	0.9996638931293031	0.000527014165254445
55453.2245273899	1.000035892242191	0.000527046160892919
55453.244960541466	1.0002054443748933	0.0005270662417885826
55453.26539369257	0.9999690500203151	0.0005270389155804186
55453.285826843436	0.9998659556798043	0.0005269841142719497
55453.306259994075	1.0004747537454557	0.000527059604759037
55453.32669314448	1.0005281371407624	0.000527120424110491
55453.34712629442	1.0001020547469606	0.0005270043743395961
55453.36755944412	1.0002229106799168	0.0005270087319046475
55453.3879926936	0.9994014471254213	0.0005269786047892615
55453.40842574283	0.9997296853248684	0.0005269966258172773
55453.42885889184	1.000632159864244	0.000527095012357118
55453.44929214039	1.000351410720477	0.0005269888173436444
55453.46972518893	0.9996872838923704	0.0005269867877568409
55453.49015833677	0.9999403288702013	0.0005270255559535772
55453.510591584614	1.0001529614767373	0.0005270676140746438
55453.53102463222	1.0003176386078363	0.0005270487941288024
55453.551457779366	1.000358988760893	0.0005270165477984169
55453.57189102628	1.0000400347575418	0.0005270171412546993
55453.6127572194	1.0006391914741388	0.0005271061183593362