55918.350802974186	0.9995531664052734	0.0005494064858844289
55918.37123573914	1.000240159509348	0.0005495903385719162
55918.412101269685	1.00083863526657	0.0005495811587276521
55918.432534035164	1.0000764232901942	0.0005494834692106565
55918.45296690087	0.9998236765897405	0.0005494670314691023
55918.4733995667	0.9999038811244639	0.00054948193790335
55918.49383233276	0.9994034564240806	0.0005494161596739066
55918.51426519893	1.000678626541337	0.0005495659360708654
55918.53469786528	0.9999041103780479	0.0005494645072710165
55918.55513063187	1.0009275384684775	0.0005495458635770557
55918.57556349856	1.0002948656165092	0.0005495161604790361
55918.59599616544	0.9986615951791473	0.0005493578987736276
55918.616428932546	0.9991141361826213	0.0005493716249189651
55918.636861799765	0.9997080266709113	0.0005494908354938816
55918.657294567165	1.0006761048397586	0.000549549858993454
55918.67772733474	0.9999029510986728	0.000549505097788868
55918.69816010254	1.0003028421051323	0.0005495274645061152
55918.718592870464	0.9999308491387661	0.0005495461034727555
55918.739025638555	0.999094476481523	0.0005494662743669857
55918.75945840683	0.9994746266943464	0.0005494910422243796
55918.80032394396	1.0005617419064818	0.0005495687625237034
55918.82075671275	1.0002824639329289	0.0005495027739547319
55918.86162225086	0.9998708834362504	0.0005495200478728173
55918.882055020236	1.0014157474608583	0.0005496321198449333
55918.9229205594	1.0007636838798109	0.0005495745386365654
55918.9433533293	1.0005078439590913	0.0005496000290953327
55918.96378619932	0.9991418855923966	0.0005494900671467328
55919.00465163987	1.0002409966268018	0.0005495824640736303
55919.025084510475	0.999781374940742	0.0005494907834570426
55919.04551718119	1.0000012055719403	0.0005496397209266124
55919.06595005208	1.0004376753257518	0.0005495921100441837
55919.0863828232	0.999001319407542	0.0005494846023367251
55919.10681549444	1.0008106693295362	0.0005496437662685341
55919.12724836591	0.9997596139318042	0.0005496233246462001
55919.1476811375	0.999521229464046	0.0005495542664583665
55919.16811390932	1.0010038518216289	0.0005496984336119779
55919.18854668132	1.0000412361394297	0.000549524342020457
55919.20897945343	0.9998937915361903	0.0005495760207347417
55919.22941222577	1.0005696497759757	0.0005496010857290372
55919.249844998296	1.000342527903111	0.0005496754827985375
55919.2907106438	1.000383066648021	0.0005497326303630036
55919.331576090066	1.0001863676299998	0.0005496604808033852
55919.352008963455	0.9993976506322287	0.0005496265862046634
55919.372441637024	0.9984584250051404	0.0005494516716899492
55919.39287441077	0.9998936537976599	0.0005496179299097624
55919.41330728468	1.000440966555743	0.0005497060572570914
55919.43373995883	0.9994422618784997	0.0005495412727652855
55919.4541728331	1.0003620821091084	0.0005496464595924159
55919.47460560754	1.0009276989095481	0.0005497247035941173
55919.49503828221	0.9999118206053421	0.0005496412070163279
55919.51547115701	0.9995446911779284	0.0005496243028828379
55919.53590393197	0.9995586873106074	0.0005495780018453732
55919.556336607166	0.9984090480408508	0.0005494498668380465
55919.597202258024	0.9959616599445408	0.0005491780546942152
55919.61763493375	0.9963734671246525	0.0005493271648415015
55919.63806780965	0.9959309486180903	0.0005492681978313938
55919.65850058571	0.9966689448199426	0.000549362521731113
55919.67893346196	0.9967792616311406	0.0005492955287001419
55919.699366138375	0.9980942930146975	0.000549462184192022
55919.71979891497	0.9968109018562502	0.0005493200606979871
55919.7402317918	0.9974313921511119	0.0005494291000739341
55919.76066446875	0.9994836176138917	0.0005496453336729193
55919.78109724592	1.0002620389780832	0.0005497201448433388
55919.801530123215	1.0000995321497184	0.000549716602890789
55919.821962800735	0.9990218500709299	0.0005496348285185293
55919.84239557844	0.9994688351921408	0.0005496489242102544
55919.86282845626	0.9998385380367298	0.0005496476910822587
55919.88326123436	0.9995195759396035	0.000549687105210223
55919.90369401259	1.0006083883181451	0.0005497738078904794
55919.92412679099	0.9990295921061428	0.0005495887803236006
55919.94455956956	0.9996821553901486	0.0005495295012658371
55919.96499244831	1.0013489440308119	0.0005498275544074574
55919.98542512729	0.9998678222246621	0.000549710406799714
55920.00585790644	1.000515684421045	0.0005497531776805169
55920.026290685775	0.9992307221469124	0.000549678834267208
55920.04672346528	0.9992614751394419	0.0005496828778678667
55920.0671563449	1.0003592967379868	0.0005497703985920611
55920.08758902481	0.9999477207958769	0.0005497023287020468
55920.108021804845	1.000697078605332	0.0005498041318191321
55920.128454685044	0.9997330008532236	0.000549706280870727
55920.14888736548	0.9990718490274021	0.0005496221825200372
55920.16932014604	0.9996975118894341	0.0005497025510200488
55920.18975302682	0.9991458396017767	0.0005496240316288368
55920.23061848892	0.9994809856120769	0.0005497150465751246
55920.25105137022	1.0001338564059732	0.000549764271776178
55920.27148405171	0.9990686126508918	0.0005495804423175373
55920.29191693343	1.0016476480904006	0.0005499243114537697
55920.312349715256	1.0000568479073249	0.0005497311983970888
55920.332782497324	0.9999919585522425	0.0005496455228529868
55920.35321527957	1.0002683816037135	0.0005497796877045957
55920.37364806198	1.0001912190950886	0.0005497691515993471
55920.39408084457	1.0001504176609066	0.0005497632881889444
55920.41451362734	0.9997196177157471	0.0005496933517029781
55920.43494641033	0.9991416963683699	0.000549660224650676
55920.455379293446	1.0001972830615824	0.0005497699548105726
55920.49624476031	0.9996112059351372	0.0005496631384339927
55920.51667764401	1.0007328671532034	0.0005497560459535476
55920.537110427875	0.9998707733134111	0.0005496748423443899
55920.55754311198	1.0006303350596992	0.0005497383182621504
55920.5779759962	1.0002800793915136	0.0005497690449146088
55920.59840878066	1.000854383588517	0.0005497905901664711
55920.61884146528	0.9989461398672895	0.0005496524363000434
55920.659707135055	0.9993149612927535	0.000549681847044673
55920.68013992027	1.0004206831956193	0.0005497405780814373
55920.700572705595	1.0004245851448488	0.0005497600694911902
55920.721005391155	1.0001759817531701	0.0005497431976276629
55920.741438276884	1.0009765385715657	0.0005498556599682925
55920.761871062794	1.0003295595133121	0.0005497483067000329
55920.782303748936	1.0001111319673988	0.0005497827266342777
55920.82316942168	1.0001081774835971	0.0005497929556064067
55920.84360210835	0.999253100254389	0.0005497180298862144
55920.86403499518	0.999673780345068	0.0005497393531129357
55920.8844677822	1.0007029403525964	0.0005498313094209453
55920.90490066944	0.9998137809998014	0.000549759485803799
55920.92533335686	1.0001064842408158	0.0005497803119446793
55920.9457661444	0.9995933735299285	0.0005497257260845883
55920.96619903217	1.0004796570127321	0.0005498358637627212