56022.21416077936	0.9998660416621813	0.0005367371003402768
56022.234594925234	0.999859709678218	0.0005368002000463984
56022.255029271226	0.999872744711645	0.0005368174453893013
56022.27546351744	0.9998156907604426	0.0005367146405778244
56022.2958977639	0.9987594237682956	0.0005366701714539704
56022.31633201058	1.0009722252032467	0.0005369513532957527
56022.336766257504	1.0005284731767243	0.000536911171593228
56022.35720060466	0.9992509502684012	0.0005367383109112551
56022.37763475205	1.0007397806023497	0.0005369781512164768
56022.39806899966	0.9994771026151773	0.00053664649797395
56022.418503347515	1.0001789214751626	0.0005367989597859451
56022.43893749548	0.9992228797067522	0.0005367507262674327
56022.4593718438	1.0000355078413004	0.000536736592508145
56022.47980609235	1.0009123655078387	0.0005369615096502418
56022.50024024102	0.9996683449519945	0.00053681266883259
56022.52067459003	0.9995495588160244	0.0005368037259637337
56022.54110873916	0.9997616405333963	0.0005369018905493555
56022.56154298864	1.0000924974590264	0.0005367875732063464
56022.58197733824	0.9995633811057574	0.000536771959009422
56022.60241148807	1.0000306962381431	0.000536839983256945
56022.62284573814	0.9999108400865803	0.0005368054582817605
56022.64328008843	1.0004097622972723	0.00053690492231689
56022.66371423896	1.000986369997954	0.0005369739878261794
56022.68414858972	0.9996610389447743	0.0005367823261258414
56022.70458284071	0.9993985005109075	0.0005367832579121824
56022.72501709194	1.0008559116631754	0.0005369951401153669
56022.7454513434	1.0002920114929557	0.0005368284248275518
56022.76588559498	0.9998566590755236	0.0005369173123658668
56022.786319846906	1.0000167502506447	0.0005369102661193868
56022.80675409906	0.9999347886471117	0.0005368819925192423
56022.82718835134	1.0002050422529074	0.000537029277848482
56022.847622703965	0.9999709818349353	0.0005368958106839504
56022.8680568567	0.9999915177016687	0.0005368688190266682
56022.888491109676	0.9992126135223605	0.0005368120153704485
56022.908925462885	1.0010063635669126	0.0005370339819828937
56022.92935971632	1.0010698599087735	0.0005369889378940827
56022.94979386999	0.9995642433678562	0.0005368126744864124
56022.9702282239	0.9988740082136679	0.0005367736920050622
56022.990662478034	1.0001205123762509	0.0005368848147005572
56023.01109683241	0.9996527017766998	0.0005368250422182808
56023.03153098701	1.0007773708069472	0.0005368912746384013
56023.05196524173	1.00027352763199	0.000536845336470183
56023.0723995968	0.999824998807549	0.0005367732848369228
56023.09283375199	0.9999571168783326	0.000536822908078759
56023.1132680074	0.9997423482718207	0.0005368064112349608
56023.13370236317	1.001150351122402	0.0005368611787822205
56023.15413651906	1.0000738300753294	0.0005368423391393849
56023.17457077517	1.000943665428017	0.0005369616669192813
56023.19500503152	0.9998847400372491	0.0005368420091506451
56023.215439288106	1.0000421750463082	0.0005368964960737324
56023.23587364492	1.000813767047775	0.0005369908253553607
56023.25630780185	0.9997818363401999	0.000536857309763428
56023.27674205913	1.000297021327312	0.0005368645774222223
56023.29717641664	1.0000795832453429	0.0005369252333882884
56023.317610574275	0.9991849844667815	0.000536746949297815
56023.33804483226	0.9992581807529213	0.0005367338641620294
56023.35847919035	1.000464368918359	0.0005369540534425869
56023.37891344868	0.9999443586562763	0.0005368673173758232
56023.399347707236	0.9999923338468845	0.0005368036603012232
56023.41978196603	0.9984136244324806	0.0005366824679976065
56023.44021622506	0.9977300781691693	0.0005365989379935306
56023.460650484325	0.9972701703311173	0.0005365746445367144
56023.48108474381	0.9963359013909123	0.0005364388726344115
56023.501519003425	0.9966480868769976	0.0005364835591191775
56023.52195336338	0.9965768086590542	0.000536431636117076
56023.542387523456	0.9973535440021698	0.0005365848727616344
56023.56282188388	0.9965571493265061	0.0005365116333845815
56023.58325614442	0.9976260505383451	0.0005365502505405442
56023.60369030519	0.997166053275013	0.0005364335943554407
56023.6241246662	0.9992656355379422	0.0005368163642780604
56023.64455892744	1.0004924469927725	0.0005368374095758622
56023.66499308891	1.0004247608264911	0.0005369169093551446
56023.6854274505	0.9989106863083441	0.0005368208395632368
56023.705861712435	1.0002684668886224	0.0005367919742220158
56023.72629587461	0.9994750812232444	0.0005368071604550407
56023.7467302369	0.9989792416120719	0.0005367095003110351
56023.76716449941	1.000563428576325	0.0005368788653192765
56023.78759876217	0.9994167734642703	0.0005366857245056382
56023.80803302527	0.9999384303471414	0.0005368360881583497
56023.82846728837	0.9991196472685203	0.0005367168279273119
56023.84890155182	1.0004995846735687	0.000536807898312368
56023.86933581551	0.999967539222608	0.0005367642023870673
56023.88977007942	1.0004770702563837	0.0005366789527172979
56023.93063860784	0.9996355562417252	0.0005367015414309279
56023.95107297233	0.9997502323840435	0.0005367126492524902
56023.97150713707	1.000733048569121	0.0005367786781424065
56023.99194140203	1.0004332182992115	0.0005367563966740358
56024.03280993266	1.000055573851578	0.0005367920892504145
56024.05324419832	0.9999024680096588	0.0005366775752901578
56024.0736785641	1.0008276049325573	0.0005367546285874504
56024.09411283023	1.0002498899692622	0.0005367636376967282
56024.11454709647	0.9992757839409977	0.0005366819911424222
56024.13498136295	1.0010574556208347	0.0005369065627792833
56024.15541562966	1.000126004873288	0.0005367434021835597
56024.19628416378	0.9995231725645971	0.0005366888421922494
56024.21671843119	0.9986950871078948	0.0005364348171046245
56024.23715279871	1.0000026900419232	0.000536711846735772
56024.25758696659	0.9996575818093044	0.0005366633559975598
56024.27802123458	0.9999359891405403	0.0005367384622741752
56024.2984556028	0.9999843139625125	0.0005366571832688605
56024.31888977138	0.9998425473755865	0.0005366801371455136
56024.33932414007	0.9994052845869877	0.0005366131569913349
56024.35975840887	0.9996426681716439	0.0005367497707271126
56024.38019257803	1.0000163679292993	0.0005366690655609215
56024.40062694742	1.0006962852894183	0.0005367183316871063
56024.42106121692	1.0001184421998963	0.0005366130016650874
56024.44149538666	0.9987960767303857	0.0005365842263564518
56024.46192975675	0.9997936394560176	0.0005367213990318958
56024.482364026946	0.9994238729513174	0.0005367239259258104
56024.502798297384	1.0000874675525486	0.0005366716085715922
56024.52323256794	1.0001524014077245	0.0005368621088763328
56024.543666838836	1.0006405484055043	0.0005366395603321222
56024.56410110997	1.0002264345337708	0.0005366563113846841
56024.584535381226	1.0015583612877037	0.0005369061076780171
56024.604969652704	0.9996901581257897	0.0005365836432911822
56024.62540392442	1.000523342158402	0.0005366710861900648
56024.645838196375	0.9994428115190411	0.0005366321822046519
56024.66627256855	1.0000884302352815	0.0005366983674121443
56024.68670674097	1.000391901684919	0.0005365795724819469
56024.7071410135	0.9996124324527206	0.0005366165468712948
56024.72757538638	1.000430434128184	0.0005367111624937327
56024.74800965938	1.0002955707946009	0.0005366178813660757
56024.76844383261	1.0003513410523883	0.0005366818577951231
56024.78887820607	0.9999646112986829	0.0005366958909268504
56024.80931247977	0.9994966825170195	0.0005366513962617265
56024.82974665358	0.9997970745377683	0.0005365875828755888