56074.138066089814	1.0005676465345283	0.0005323800603599027
56074.15850070035	1.0003308075419084	0.0005323484165561607
56074.1789351109	0.999252093158804	0.0005322246161200146
56074.199369621376	1.0004371676178276	0.0005324558501130567
56074.21980423186	0.9999754500483129	0.0005323789176902121
56074.24023874229	1.000049861822783	0.0005322622000697397
56074.26067315272	1.0001830645380827	0.0005322905059586969
56074.28110776314	1.0003789221126915	0.0005323473652679441
56074.30154227351	1.0005660732438713	0.0005322868532069958
56074.321976683874	1.0001234710220293	0.00053235011779036
56074.34241129419	0.9992462557174915	0.0005322440470711496
56074.3628458045	1.0002160592920408	0.0005323982640615144
56074.383280414746	0.9986791463454383	0.0005322063236416726
56074.403714825	1.0001311486931281	0.0005323020356226195
56074.46501835564	1.0004536337157126	0.0005323179539340424
56074.485452865774	0.9985689422864243	0.0005320939444164619
56074.505887375904	1.0003123251386214	0.0005323431861371389
56074.52632188598	1.0002149378989647	0.0005322323965418837
56074.54675649606	1.000467507029527	0.0005322628226986381
56074.56719090608	0.9996857414389907	0.0005322396616853359
56074.5876254161	1.0005228215534945	0.0005322211618674608
56074.60806002612	1.0003181108911956	0.0005322966949285162
56074.628494436074	0.9995360946069317	0.0005321570985705295
56074.64892894604	1.0001350977022507	0.0005322696942724608
56074.68979796584	0.9992463195976665	0.0005322206520198023
56074.710232475685	1.000383049252372	0.0005322450640986758
56074.73066708553	0.9991764844783586	0.0005321240081415414
56074.75110159531	1.0012746356470126	0.0005322766876590273
56074.7715361051	1.0000064137312263	0.000532133906072654
56074.79197061488	0.9990529921190272	0.0005320332241119211
56074.812405124554	0.9995510110163144	0.0005320830764470139
56074.83283963434	0.9998486976727394	0.0005321336804341535
56074.853274144014	0.9994704869844953	0.000532189441409116
56074.87370865368	1.0000559027653246	0.0005321586893524229
56074.894143263235	1.0000557843635638	0.0005321834024507601
56074.91457767278	1.0005382661885334	0.0005322667829151954
56074.935012182454	1.0007061803455743	0.0005323215060870782
56074.95544679189	1.000031899940643	0.0005322180142130937
56074.97588120145	0.9998931131528872	0.0005322095147142538
56074.99631581088	1.0001314072364644	0.0005321724937244466
56075.016750320436	0.9999458619509003	0.0005322323589375073
56075.03718472975	0.9996779254398463	0.0005321016999375101
56075.05761933919	0.9997459775162699	0.0005321045975186461
56075.07805384851	0.9999316933053755	0.0005321071493580933
56075.09848825795	0.9998975523177789	0.0005322317099737532
56075.11892286727	1.000804147393113	0.0005322319613614922
56075.13935737647	0.9995854048891051	0.0005321775459011037
56075.15979188579	1.0003117894423947	0.0005321608532202947
56075.180226394994	1.000196926402734	0.0005321543843690176
56075.2006608042	0.9998051374794217	0.0005321580641222983
56075.22109541328	1.000304026538026	0.0005321082050080404
56075.24152992249	0.9994619176543551	0.0005321132230609901
56075.26196443158	0.9995860948949069	0.0005321275927757618
56075.28239894066	1.0005150801514564	0.0005321890061339916
56075.302833449634	1.000744197418935	0.0005321946256104303
56075.32326795872	1.00095671572093	0.0005322026506824552
56075.34370246769	0.9986639822626207	0.0005319314525742838
56075.36413697666	0.9973240904871595	0.0005318016259269301
56075.38457158564	0.9965071063674172	0.0005318041341840945
56075.40500609449	0.995665017650789	0.000531668069040664
56075.42544050334	0.9967499071790479	0.0005317504110085904
56075.4458751122	0.9966531415156603	0.0005317484092077901
56075.46630962105	0.9976103678859062	0.0005319148386607242
56075.48674402979	0.9970487363178977	0.0005318769946081437
56075.50717863853	0.996214457772143	0.0005317687896886363
56075.527613147264	0.9956520191729654	0.0005316185941903156
56075.548047756005	0.9981360103958221	0.000531867742007182
56075.56848216463	1.000089852078068	0.0005321597218191796
56075.588916673245	0.9992834632528129	0.0005320248014990419
56075.60935128187	0.9994634164181535	0.0005321506513130695
56075.62978569038	1.0004878430332287	0.0005319887902666463
56075.65022019888	0.9998096400785902	0.0005320750547237233
56075.670654807385	0.9996002510975494	0.0005320580790993504
56075.69108921589	0.9994036120051869	0.0005320647824366314
56075.731958332784	1.0010197511875774	0.000532219464829456
56075.75239274106	1.0000969494762992	0.0005320254028329025
56075.77282734944	0.9992372491834213	0.0005319661369986641
56075.79326185772	0.9999098058971277	0.0005320719301195949
56075.81369626599	0.9999994617960383	0.0005320884961024976
56075.83413087426	0.9999990489158488	0.0005320571487948962
56075.854565282534	0.9997483810158801	0.0005319231197864915
56075.87499979069	1.0002933094867061	0.0005320578377830713
56075.895434398844	0.9994925368488649	0.000531956147310652
56075.915868907	1.00102192705985	0.0005321320426786736
56075.936303315044	1.0002896354542528	0.0005321546223489381
56075.95673792308	1.0008147449710632	0.0005322057812868106
56075.97717243112	0.9991277508995472	0.0005319401781758829
56075.997606939156	0.999789743308462	0.0005320319135927119
56076.01804144708	1.000165521213904	0.0005320872220114833
56076.03847595501	1.0012423798249197	0.0005321652612700501
56076.05891046293	0.9999851505386053	0.000532112462198448
56076.079344970734	0.9998028321547788	0.0005320264390181247
56076.09977947854	0.9998691857800017	0.0005320266942036506
56076.120214086346	1.0008431326975566	0.0005321088224376445
56076.14064849404	1.0002299219454012	0.0005321630631827143
56076.16108310185	1.0004136116636835	0.0005320938182616421
56076.18151760953	0.9995189616994924	0.0005319619590705194
56076.20195201711	0.9994477745449116	0.000531967717004792
56076.2223866248	0.9999262863448349	0.0005320165909554312
56076.24282113237	1.0003937469884445	0.0005320688473319456
56076.26325553995	0.9996505656946495	0.0005320322260873546
56076.28369014741	1.0001994913136005	0.000532031519789111
56076.30412465498	0.9998865829642638	0.0005320466136286159
56076.32455906232	1.0000473760333248	0.0005320200200774793
56076.34499366978	1.0009394184199834	0.0005321338978429073
56076.365428177116	0.9995927628873175	0.0005320066716484176
56076.38586278446	0.999727969439234	0.000532014203998061
56076.4062971918	1.0000674620674275	0.0005320074698812426
56076.42673169914	0.9990148650585208	0.0005318149256158303
56076.447166206366	1.000265999161459	0.0005320379889766361
56076.4880352207	0.9998903156973747	0.0005320062410144658
56076.50846972781	1.0007753562387605	0.0005320848050585916
56076.52890423492	0.9993271733181811	0.0005319660450089491
56076.54933874202	1.0001900232165089	0.0005320454358109405
56076.569773349016	0.9992996012717174	0.000531926811706363
56076.59020775601	1.0006121898837337	0.0005320686343912
56076.610642363	1.0000693474450484	0.0005319782577333989
56076.631076869875	0.999655188912585	0.0005319512302071415
56076.65151127675	1.0001629392008258	0.0005319411599627896
56076.67194588362	1.0004140016047307	0.0005319990985056486
56076.6923803905	0.9987861839558339	0.000531747044761571
56076.71281479726	1.0006881515723698	0.0005319976140518249
56076.73324940402	0.9991669821556706	0.0005318491673175627
56076.75368391066	1.0005667281571413	0.0005320166947193551