56229.925035497465	1.0004118805520268	0.0005516021393255641
56229.945468278594	0.9998848334352926	0.0005515371371736796
56229.9659011595	1.0005782486631905	0.0005516281420375493
56229.98633384017	1.0000063158237125	0.0005515757497969067
56230.0067666206	1.0004968705846602	0.0005516309646955049
56230.02719950104	0.9991597896927153	0.0005514627413451603
56230.047632181246	0.9997787086067026	0.0005515517752264447
56230.06806496121	0.9997762995440056	0.0005515565440265335
56230.088497841185	1.0000393701558445	0.000551637294891881
56230.108930620925	0.9995022396326572	0.0005515544458405095
56230.1497961797	0.9997126910125955	0.0005515458969976418
56230.17022895874	1.0001471747423174	0.0005516055570835897
56230.190661737775	0.9998512897074321	0.000551568791227143
56230.211094516584	1.0003999348259967	0.0005516136745698903
56230.23152729539	0.9996930921065512	0.000551485953206515
56230.25196017373	1.0007396477677595	0.0005516427734700146
56230.27239285207	1.000681102360583	0.0005516713913924383
56230.29282563018	1.0000188826742145	0.0005516029665424669
56230.313258508286	0.9992285485093847	0.0005514975338097533
56230.33369118593	0.999355139458355	0.0005515461416083614
56230.354123963574	1.00084952416861	0.0005516626005151408
56230.37455684121	0.9994865496167871	0.0005515209250761539
56230.39498951839	1.0007640922086503	0.0005516539626162111
56230.41542229557	1.000052243539135	0.0005515606718077916
56230.43585517251	0.999020253020847	0.000551430898935989
56230.47672072593	0.9987453368480572	0.0005515017871407287
56230.497153402175	1.0001951250233583	0.0005515899984051906
56230.51758617842	0.9996443893111326	0.0005515711549736464
56230.53801905467	0.9997349403616949	0.0005515909568770614
56230.558451730445	0.9986253742142276	0.0005514544153918879
56230.57888450623	1.0002096053595468	0.0005515898685616677
56230.59931738177	0.9993379094629401	0.000551540658836313
56230.61975015732	1.0001634691887007	0.0005516640858388133
56230.640182832634	0.9998621874231177	0.0005515929136874743
56230.66061570772	1.0008038809764987	0.0005517230137299813
56230.68104848256	1.0006854864371415	0.0005516819034263471
56230.70148125718	1.0001169537091534	0.0005516201990852035
56230.72191403179	1.0011911054279128	0.000551654425848919
56230.742346806175	1.000736193953764	0.0005516634439590331
56230.76277968056	1.0006806265372468	0.0005516398427351403
56230.78321235448	1.0000523059459734	0.0005515974963088729
56230.80364512839	0.9991516538794455	0.0005514966007216548
56230.82407800208	1.0000235372639235	0.0005516233143236038
56230.84451067576	1.0000184256435716	0.0005516438284191804
56230.86494344898	0.9988229951402628	0.0005515550912704845
56230.8853763222	1.0002491426033384	0.0005516595713391169
56230.90580899542	0.9994476900384306	0.0005515462257059572
56230.92624176817	1.0003867637844024	0.0005516679610916698
56230.94667464092	1.0009837596872828	0.0005517314027606542
56230.96710731344	0.9998592233607184	0.0005516294639834508
56230.98754018596	0.9993792930500578	0.000551579669707048
56231.00797295802	1.0002278737106332	0.0005516380587294606
56231.02840563007	1.0004928133092403	0.0005516358087138118
56231.04883850189	1.0001677066451569	0.0005516619982846639
56231.069271273715	1.000163934440255	0.000551643392231661
56231.0897040453	1.0011477408395015	0.0005517422596375762
56231.11013681666	0.9994148776386687	0.0005515414956703625
56231.13056958778	0.9989599631346477	0.0005515071489483708
56231.1510023589	0.997383288905037	0.0005513520349529546
56231.17143512979	0.9979122848703985	0.0005514275700789639
56231.19186790045	0.9969744172130035	0.0005512928226110862
56231.2327334413	0.9969425710851356	0.0005513401689433187
56231.25316621149	0.9963835324675868	0.0005512340999370613
56231.27359908145	0.9972263167497096	0.0005512951709519755
56231.29403175141	0.9971953197323883	0.0005512971504655336
56231.314464521136	0.9974525757300127	0.0005512501999780008
56231.334897390625	0.9987214429229982	0.0005514550956885944
56231.35533006012	1.000233830585155	0.000551545341474386
56231.37576282915	0.9996860130211679	0.0005514449949580043
56231.396195698406	1.0002783022725241	0.0005515866341718404
56231.4166283672	1.0003049631317649	0.0005515177181786866
56231.437061135766	1.0000265758788895	0.0005515496067293172
56231.457494004324	1.0003016699803882	0.0005515348498882157
56231.47792667289	1.0005309753050544	0.0005515313663857138
56231.49835954099	1.0004127661891478	0.0005515739106180357
56231.51879230908	0.9988618538979745	0.0005514247789108504
56231.53922497694	0.9997113224763994	0.0005515347710574789
56231.55965784458	0.9999619533848528	0.0005514907727747521
56231.5800906122	0.9998390779043288	0.0005515030392426342
56231.62095614677	1.0001201571938731	0.000551523345918102
56231.64138891393	1.0003133907291	0.0005515608192717324
56231.66182168063	0.9995499395061275	0.000551517703931885
56231.68225444756	0.9994227118955779	0.0005514598861782743
56231.70268721403	1.000371238923223	0.0005516202463109253
56231.723119980496	1.0003438686735535	0.0005514903621169736
56231.743552846725	1.0004895791553832	0.000551576356122019
56231.76398551273	1.0001028731800472	0.0005514529941474146
56231.7844183785	0.9996578245722183	0.0005514955582654681
56231.80485104426	0.9998731454866266	0.0005514949336972907
56231.82528381003	0.9995382503210284	0.0005514160648307789
56231.845716675336	1.0012139052491646	0.0005515621397304323
56231.86614934064	1.0000008900001813	0.0005514770007057619
56231.886582105704	1.000596270894597	0.0005515280243766807
56231.907014970544	0.99928552430256	0.0005514623355688191
56231.927447635375	0.9995611476611116	0.000551464652623061
56231.94788039998	1.0002439091089204	0.0005515842521137223
56231.98874592873	1.0003746180787674	0.000551520078816686
56232.02961155677	0.9982437860752882	0.0005513373106508164
56232.050044220436	0.9999131866275918	0.0005514966675815834
56232.07047708411	0.9998791920263747	0.0005515185815282165
56232.09090984755	0.9993639739959782	0.0005514403629071383
56232.131775373964	0.9999289679432887	0.0005514800528201872
56232.15220813694	0.9992932279792223	0.0005514518449505111
56232.17264089968	1.000022806231838	0.0005515461218370288
56232.19307366242	1.00038766302606	0.0005518248181543792
56232.21350642493	1.0005524196939388	0.0005518979429867183
56232.2339391872	1.0002736672479648	0.0005518111799901608
56232.25437204925	1.000137723022122	0.000551671546194916
56232.27480471129	1.0005577751504742	0.0005518035515607067
56232.2952375731	0.9999032156557749	0.0005519586014233846
56232.315670334676	0.9988468598405125	0.0005515020307420262
56232.336102996254	1.0005187406413643	0.0005519882794338306
56232.356535857594	0.9999816556073914	0.0005519527125445431
56232.37696861871	1.0000075137138376	0.0005519754567086744
56232.39740127982	0.999322712616281	0.0005519699986554544
56232.417834140695	0.9999114385344902	0.0005520431911217476
56232.43826690134	1.0008843412595658	0.0005521395633946452
56232.45869956199	1.000039585869103	0.0005520462213359428
56232.4791324224	0.9988909547319276	0.000551891303976631
56232.49956518258	0.9996230891100539	0.0005516295924843435
56232.51999784253	1.000949861210161	0.000552119189742682
56232.54043070247	1.0006650848087586	0.000552125301173145