55814.49077878889	1.0003288940942408	0.0005200094635122381
55814.51121209342	1.0004044546577193	0.0005200411418806777
55814.53164539796	1.000252349961217	0.0005200133666178642
55814.552078702036	1.0005260783282122	0.00052003087908141
55814.57251200588	0.9999186299492591	0.0005199642246824123
55814.59294530925	0.9999784765068865	0.0005200278218750881
55814.61337861239	0.9994164256138186	0.0005199710561089654
55814.63381191529	1.0004979365506201	0.0005200863027592105
55814.65424521797	1.0002889404057786	0.0005200814012958913
55814.67467852018	1.0005381215433724	0.0005200587620996876
55814.695111922156	1.000148774594984	0.0005199954503910029
55814.7155451239	0.9994460680606261	0.0005199417512766365
55814.73597852518	0.9998835874839684	0.0005200397499943166
55814.756411826456	0.9988129310216044	0.0005199241302128663
55814.77684502727	0.9997526222460811	0.0005200208408846146
55814.79727842762	1.000067340502915	0.0005200202934874506
55814.81771172796	1.0010188927723367	0.0005201215415776046
55814.838144927846	1.000168066986694	0.0005200485721819444
55814.8585783275	1.0002044868065172	0.0005200196784724719
55814.879011626675	0.9999103640322353	0.0005199816784969805
55814.89944482563	0.9999813852074527	0.0005200654185373416
55814.91987822435	0.9999569889567549	0.0005200218689561226
55814.94031152283	0.9997827218053532	0.0005199937266692373
55814.96074482085	0.9993104000441573	0.0005199902818705731
55814.98117811887	0.9999204404763493	0.0005200095108250403
55815.001611316184	0.9997757006147897	0.0005200156168761007
55815.022044613506	1.0008882538262995	0.0005201312893203235
55815.042478010364	1.0003473298184287	0.0005200346815927129
55815.06291130698	0.9985041395051883	0.0005199284620349952
55815.08334460337	0.9999444060832354	0.0005200263355586872
55815.1037778993	0.9997572023463109	0.0005200285323065653
55815.124211195216	0.9995447655394437	0.0005200027512738151
55815.144644590444	1.0020218095109215	0.0005202290305120405
55815.16507778567	1.0002086935301848	0.0005200054891601997
55815.185511080424	0.9986976957433825	0.0005199489558724536
55815.205944474954	0.9995784579025708	0.0005199861055613323
55815.22637766925	1.0002205112905356	0.0005200765734688365
55815.246810963305	0.9993665092054375	0.0005199238436796349
55815.2672443569	0.999644761821314	0.0005199141443877975
55815.28767755027	1.0002205554391925	0.000519996808968352
55815.30811084339	0.9998991087464703	0.0005200125881801242
55815.32854423606	0.99957807695779	0.0005200089135071911
55815.34897742849	1.0010935832272196	0.0005202035940530831
55815.369410820684	0.9997241930943811	0.000520046833700408
55815.38984411242	0.9997502644424303	0.0005200043128339096
55815.41027730415	1.0004656011081332	0.0005200498320297812
55815.430710695415	0.9998948463784619	0.0005200776296778125
55815.45114398622	1.0001731709525947	0.000520090710534106
55815.47157717702	1.0005439338623578	0.0005201351869537985
55815.49201056735	0.9992354475563887	0.000519971836333978
55815.51244385746	1.000975057710767	0.0005201508934179683
55815.532877147096	1.0003818484649962	0.0005200757050301082
55815.55331043673	0.9995842336810243	0.000520019602461717
55815.5737437259	1.0001074031329815	0.0005200228875718623
55815.59417701484	1.0002428971761006	0.0005200087734181012
55815.61461030331	0.9996991157638316	0.0005199669431828227
55815.63504359155	0.9986043409245566	0.0005198973050170486
55815.65547687956	0.9993246021966653	0.0005199195837585895
55815.67591016733	0.9999792656840629	0.000519955137903632
55815.69634345464	0.998650120948528	0.0005198933488487115
55815.71677684171	0.9967139129782269	0.0005196708904796386
55815.73721002856	0.9968334680818308	0.0005196074771290389
55815.75764331517	0.9971838704870796	0.0005197252745717066
55815.77807670132	0.9962110578374431	0.0005195699454938853
55815.79850988722	0.9965118232057096	0.0005196195110234264
55815.818943172904	0.9967820666433473	0.0005197010690155192
55815.83937655811	0.9967916012144488	0.0005196852693899408
55815.859809743095	0.9971693026923014	0.0005196275131722468
55815.880243027845	0.9974618481391611	0.0005197760909377544
55815.90067641236	0.998818098511904	0.0005199096454436877
55815.921109596406	1.000892601781114	0.0005200420038533312
55815.941542880224	1.000948838389616	0.0005201123700189095
55815.9619762638	0.9998572926635635	0.0005199875785055662
55815.982409547156	0.9994583581872261	0.0005199715640058198
55816.00284273004	0.9997500695868176	0.0005199519778421951
55816.0232761127	0.9999572546398876	0.0005200660627003
55816.04370939511	0.9994227962764118	0.00051995741370539
55816.06414267707	0.9997794714833035	0.0005200125268050705
55816.08457595878	0.99913564144579	0.000519878094571821
55816.10500924027	1.0002622222605415	0.0005199482608445658
55816.12544262153	1.000157595278083	0.0005200239147211781
55816.145875802315	0.9994561302626326	0.0005199204018907393
55816.16630908287	1.0005465133923965	0.0005199460214875573
55816.1867424632	1.000428979400997	0.0005199675481454945
55816.20717564305	1.0000403673112066	0.0005200058140406357
55816.22760892291	0.9999511778051896	0.0005199209726041666
55816.24804230231	1.0010775151693598	0.0005201735222227093
55816.26847548123	1.000549701659163	0.0005200118674078821
55816.30934213862	1.000701031615727	0.0005199785975067698
55816.329775316844	1.0006186938012747	0.0005200066999835961
55816.35020859461	1.0008396530292383	0.0005200658279793514
55816.370641872374	1.0001965711516667	0.0005199989834293076
55816.391075149666	1.000111245383222	0.0005199272338682477
55816.4115085265	0.9997546463305031	0.000520004342377296
55816.43194170333	1.000071655571044	0.0005199966366087928
55816.45237497969	0.9996459557412194	0.0005199934528391385
55816.47280835583	1.0005458232331126	0.0005200553394736409
55816.49324153173	0.9995548018487905	0.000519909890040179
55816.51367480716	1.0003315468361902	0.0005199901403618244
55816.534108182364	0.9998282863068582	0.0005199485277102984
55816.554541457335	1.0000638668481836	0.000519928589861847
55816.574974632065	0.999626674567173	0.0005199172667512564
55816.59540800634	1.0000854846887564	0.0005200085837912589
55816.61584128038	0.9991317369599627	0.0005198682401934226
55816.63627445418	0.9999811632465865	0.0005200592384335986
55816.65670782775	0.9998506971107992	0.0005199435894061167
55816.67714110086	0.9995458393018409	0.0005198900210761867
55816.69757447373	1.0005847973044322	0.0005200386352125143
55816.71800764614	1.0005185723077277	0.0005200226522166622
55816.73844091855	0.9993403329703374	0.000519947654904222
55816.758874290485	0.9999054708333696	0.0005199155466348949
55816.779307462195	0.9998408260257708	0.0005199764356241208
55816.79974073367	0.9999263837630459	0.000519943637640221
55816.82017410468	1.0002801253529388	0.0005200409311282133
55816.84060727546	0.999508646974059	0.0005199590213201697
55816.861040546006	1.000648942617576	0.0005199658470785433
55816.88147391608	0.9998234953197188	0.000519975171315514
55816.90190708616	0.999883101765303	0.0005199398137840047
55816.94277372492	1.0008178492537672	0.0005200515348948728
55816.96320689407	0.9994044192374898	0.0005198905939274987
55816.983640162754	0.9995545844962367	0.0005198327657218205
55817.0040734312	1.0002519929887719	0.000519994911208472
55817.02450669942	1.0000593594510652	0.0005199578065760773
55817.044940067164	1.0001492071172473	0.0005198911495776447
55817.065373334684	0.99995686557302	0.000519902849654808
55817.08580650197	0.9996434334259569	0.0005198460948469891
55817.10623986879	1.0001341232603485	0.000519901081163457