56074.138066089814	1.0005674756950096	0.0005323799694599484
56074.15850070035	1.0003306449685945	0.000532348330039135
56074.1789351109	0.9992519388569331	0.0005322245339352941
56074.199369621376	1.0004370211176743	0.0005324557721422792
56074.21980423186	0.9999753114756035	0.000532378843915212
56074.24023874229	1.0000497309786676	0.0005322621304298352
56074.26067315272	1.0001829412947179	0.0005322904403694311
56074.28110776314	1.0003788063429648	0.0005323473036615791
56074.30154227351	1.0005659648293987	0.0005322867955320456
56074.321976683874	1.0001233699067287	0.0005323500639682634
56074.34241129419	0.999246161813284	0.0005322439970534936
56074.3628458045	1.0002159723031114	0.0005323982177587636
56074.383280414746	0.9986790663629515	0.0005322062810181879
56074.403714825	1.0001310753537447	0.0005323019965890358
56074.46501835564	1.0004535798951282	0.0005323179252973696
56074.485452865774	0.9985688948213655	0.0005320939191243971
56074.505887375904	1.0003122837312874	0.0005323431641011093
56074.52632188598	1.000214902510983	0.0005322323777113008
56074.54675649606	1.0004674775245483	0.0005322628070015735
56074.56719090608	0.9996857177192897	0.0005322396490568016
56074.5876254161	1.0005228034556248	0.0005322211522404248
56074.60806002612	1.0003180983120135	0.0005322966882347884
56074.628494436074	0.9995360874224989	0.0005321570947455082
56074.64892894604	1.0001350957756787	0.0005322696932471436
56074.68979796584	0.9992463278092357	0.0005322206563934654
56074.710232475685	1.000383062357329	0.0005322450710710538
56074.73066708553	0.9991765023189257	0.0005321240176427599
56074.75110159531	1.001274658159164	0.0005322766996264665
56074.7715361051	1.0000064407158082	0.0005321339204319729
56074.79197061488	0.9990530234471307	0.0005320332407953124
56074.812405124554	0.9995510466037764	0.0005320830953910059
56074.83283963434	0.9998487373878653	0.0005321337015711077
56074.853274144014	0.9994705306719943	0.0005321894646714595
56074.87370865368	1.0000559503397424	0.0005321587146681476
56074.894143263235	1.0000558356707057	0.0005321834297540462
56074.91457767278	1.000538321126026	0.0005322668121408667
56074.935012182454	1.0007062387693728	0.0005323215371653758
56074.95544679189	1.0000319616705728	0.0005322180470658263
56074.97588120145	0.9998931780897925	0.0005322095492779869
56074.99631581088	1.0001314752754813	0.0005321725299281823
56075.016750320436	0.999945932933449	0.0005322323967187621
56075.03718472975	0.9996779992286525	0.0005321017392133089
56075.05761933919	0.9997460540053023	0.0005321046382291532
56075.07805384851	0.9999317723737763	0.0005321071914338287
56075.09848825795	0.9998976338178042	0.0005322317533550953
56075.11892286727	1.0008042312725205	0.0005322320059689228
56075.13935737647	0.999585490837916	0.0005321775916601025
56075.15979188579	1.0003118774953657	0.0005321609000640336
56075.180226394994	1.0001970163554437	0.0005321544322283217
56075.2006608042	0.9998052291742114	0.0005321581129279305
56075.22109541328	1.0003041199247362	0.0005321082546847721
56075.24152992249	0.9994620124750705	0.0005321132735435104
56075.26196443158	0.9995861911078406	0.0005321276439945184
56075.28239894066	1.0005151777028225	0.0005321890580230292
56075.302833449634	1.0007442961089983	0.0005321946780936937
56075.32326795872	1.0009568154153698	0.0005322027036893878
56075.34370246769	0.9986640825767937	0.0005319315060059333
56075.36413697666	0.9973241913805879	0.0005318016797261813
56075.38457158564	0.9965072077582574	0.0005318041882931597
56075.40500609449	0.9956651194022261	0.000531668123374189
56075.42544050334	0.9967500093544757	0.0005317504655175754
56075.4458751122	0.9966532438604301	0.0005317484638122119
56075.46630962105	0.9976104703742434	0.0005319148933063746
56075.48674402979	0.9970488386594931	0.0005318770492024059
56075.50717863853	0.9962145598047553	0.0005317688441525705
56075.527613147264	0.9956521207902476	0.0005316186484478631
56075.548047756005	0.9981361117729626	0.0005318677960271053
56075.56848216463	1.0000899530235268	0.0005321597755334603
56075.588916673245	0.999283563351661	0.0005320248547922983
56075.60935128187	0.9994635156338472	0.0005321507041391111
56075.62978569038	1.0004879413123624	0.0005319888425245502
56075.65022019888	0.999809737117283	0.0005320751063654216
56075.670654807385	0.9996003468059023	0.000532058130042117
56075.69108921589	0.9994037062483597	0.0005320648326100274
56075.731958332784	1.0010198422744738	0.0005322195132582898
56075.75239274106	1.0000970386205859	0.00053202545025533
56075.77282734944	0.9992373362566456	0.0005319661833540284
56075.79326185772	0.999909890895536	0.0005320719753489414
56075.81369626599	0.9999995445305996	0.0005320885401246296
56075.83413087426	0.999999129240827	0.0005320571915324156
56075.854565282534	0.999748458773583	0.0005319231611580212
56075.87499979069	1.0002933845997632	0.0005320578777358435
56075.895434398844	0.9994926090783306	0.0005319561857530685
56075.915868907	1.0010219964330962	0.0005321320795567142
56075.936303315044	1.0002897016731278	0.0005321546575774152
56075.95673792308	1.0008148079800896	0.0005322058147932795
56075.97717243112	0.9991278104239529	0.0005319402098669484
56075.997606939156	0.9997897993520892	0.0005320319434159806
56076.01804144708	1.000165573617245	0.000532087249890017
56076.03847595501	1.0012424284792392	0.0005321652871300607
56076.05891046293	0.9999851951910033	0.0005321124859588984
56076.079344970734	0.9998028727186004	0.0005320264606034062
56076.09977947854	0.9998692221252863	0.0005320267135428422
56076.120214086346	1.0008431647120346	0.0005321088394584798
56076.14064849404	1.0002299494358253	0.0005321630778087397
56076.16108310185	1.0004136345126848	0.000532093830414428
56076.18151760953	0.9995189797445475	0.0005319619686744222
56076.20195201711	0.9994477876641397	0.000531967723987654
56076.2223866248	0.9999262944017484	0.0005320165952421589
56076.24282113237	1.000393749836286	0.000532068848846597
56076.26325553995	0.9996505631894615	0.0005320322247540479
56076.28369014741	1.0001994833108943	0.0005320315155322682
56076.30412465498	0.9998865693272898	0.000532046606372287
56076.32455906232	1.0000473566139296	0.0005320200097464615
56076.34499366978	1.000939393054935	0.0005321338843579734
56076.365428177116	0.9995927314931928	0.0005320066549397294
56076.38586278446	0.9997279318337325	0.0005320141839859563
56076.4062971918	1.0000674180966727	0.0005320074464900505
56076.42673169914	0.9990148146448854	0.0005318148987786685
56076.447166206366	1.0002659420437074	0.0005320379585959038
56076.4880352207	0.9998902448924758	0.0005320062033416854
56076.50846972781	1.000775278294462	0.000532084763617746
56076.52890423492	0.9993270882759191	0.0005319659997388944
56076.54933874202	1.000189930739271	0.000532045386618196
56076.569773349016	0.9992995013771622	0.0005319267585325279
56076.59020775601	1.000612082203564	0.0005320685771330119
56076.610642363	1.0000692320278952	0.0005319781963382405
56076.631076869875	0.9996550656059044	0.0005319511645913759
56076.65151127675	1.0001628077447613	0.0005319410900472902
56076.67194588362	1.000413861881158	0.0005319990242035952
56076.6923803905	0.9987860360929595	0.0005317469660403717
56076.71281479726	1.0006879948993495	0.0005319975307594697
56076.73324940402	0.9991668170591391	0.0005318490794379046
56076.75368391066	1.0005665540092028	0.0005320166021222218