55087.3608188274	0.9995904955640383	0.0005027550057893883
55087.38125190749	1.0000078334778542	0.000502870360093773
55087.40168508711	1.0000428825296712	0.0005028472073380917
55087.85121257224	1.000013287249936	0.0005028143771034633
55087.87164564581	1.0000910527538747	0.0005027952713371229
55087.892078719146	0.9995988099908955	0.0005027758567624557
55087.93294486466	0.9998502670766847	0.0005028175514467876
55087.95337793706	1.000050611724509	0.000502838619265721
55087.97381100924	0.9999499867217135	0.0005028176455173106
55087.99424408095	1.0001586264370084	0.0005028414787078951
55088.01467705265	1.0008133902331076	0.0005028392456309472
55088.03511022389	0.9999167191597358	0.0005027803056163612
55088.055543294904	1.0005057559858583	0.0005028739667456532
55088.075976365675	1.0000333534065302	0.0005028138354701324
55088.09640933622	1.0002639959091815	0.0005027701060178173
55088.11684250653	0.9992398318329287	0.0005027079601202079
55088.13727557637	0.9997175992949245	0.0005027759518634695
55088.15770854599	0.9995777616557145	0.0005027906940346613
55088.1781417156	0.999535979512737	0.0005027659847424602
55088.19857478474	1.000576091692326	0.0005028163683115415
55088.219007753425	1.0008764522972753	0.0005028460404890569
55088.23944082211	0.9998719262913189	0.0005027649495196291
55088.25987399055	0.999547382746439	0.0005026860360063798
55088.280306958535	1.0002437669264834	0.0005028088634100602
55088.30074002629	1.0002912699014674	0.0005027546179448126
55088.3211731938	1.0004040087560677	0.0005028325660949016
55088.341606161084	0.9998358510956915	0.0005027637880342968
55088.36203922814	0.9994717882951927	0.000502737093690852
55088.38247229472	0.9996818303314329	0.0005027166509366847
55089.34282602736	1.0000321278246294	0.0005027247133252089
55089.36325898114	1.0003416201721342	0.0005027837515649018
55089.38369203468	1.0007638712572007	0.0005028778515508462
55089.404125188	0.9997975682588071	0.0005027376210449169
55089.42455814108	1.000044156106205	0.0005027798190453083
55089.44499119392	0.9999242409689683	0.0005027748804623329
55089.46542434631	1.0000278594773562	0.0005027652797541783
55089.485857398686	1.000146934521931	0.0005027493550778303
55089.506290350604	1.0000523602842997	0.0005027462991250436
55089.52672340229	1.0008379540890222	0.0005027954823098199
55089.547156453744	1.0002000606744932	0.0005027627623797818
55089.56758950496	1.0006326698575332	0.0005028019886856757
55089.58802245571	0.9994373473304934	0.0005027114122274703
55089.60845560647	0.9992491382045295	0.0005026628094608026
55089.62888865675	0.9997939148395866	0.0005027342288048093
55089.66975465663	1.000656005559109	0.0005027938265295767
55089.69018780621	0.9995785880471348	0.0005027278702512425
55089.71062085557	0.9996576587542888	0.0005027439182988003
55089.731053804695	1.0003044900790397	0.0005027883646102676
55089.75148695335	0.999453562835571	0.0005027021139204068
55089.771920001775	0.9997706279840415	0.0005027606194755413
55089.7923529502	0.9998020925803943	0.0005027349010091624
55089.83321914588	0.999514039612	0.0005026902735251711
55089.853652093145	0.9996271393463514	0.0005027309985453968
55089.8740851404	1.0003978141860832	0.0005027891649560138
55089.89451828743	0.9999895605861772	0.0005027469463777031
55089.914951333994	0.9999684347321439	0.0005027095957880125
55089.93538428032	1.0000370899787514	0.0005027591292739924
55089.955817326416	1.0006571940200504	0.0005028491042399008
55089.97625047228	0.9995487301694818	0.0005026577224516931