55139.42362310112	1.0001562850483754	0.0005125362444362419
55139.44405584569	1.0005359403789957	0.0005125970777863309
55139.46448839027	1.0000903075078036	0.0005125454848880121
55139.484921034855	0.9997988034630673	0.000512521760850712
55139.50535357931	0.9999083490752495	0.0005124736374801068
55139.52578632378	1.0001473849942657	0.0005126000134503661
55139.546218968244	1.0003325416799973	0.0005125977175551167
55139.5666515127	0.9996187742409158	0.0005125366410030038
55139.58708425705	1.0000600861096742	0.0005125689754610413
55139.607516901284	0.9997947875569086	0.0005125658600455072
55139.627949445625	0.9993467837704423	0.0005125338668992376
55139.64838208986	1.000286110885957	0.0005125589852791217
55139.66881483409	1.0000770618443044	0.0005126134640348394
55139.6892473782	0.9996834063675385	0.0005125733771644738
55139.709680022315	1.0000775800807626	0.0005125541911534002
55139.73011276643	1.0005743948585077	0.0005126979795657676
55139.75054531054	0.9994266863143044	0.0005125605330181651
55139.77097795454	0.9999473128829186	0.0005126489666216975
55139.79141069854	0.9998660421872162	0.0005125603031844202
55139.81184334242	0.9996446614723726	0.0005126555419224714
55139.8322758863	1.0007851150957086	0.0005127248158048946
55139.85270853018	0.9995885855385908	0.0005126047297143468
55139.87314127406	0.999640752375038	0.0005126588844234395
55139.893573817826	0.9997606827058435	0.0005126772395700909
55139.91400646159	0.9998501697975819	0.0005126352220499767
55139.93443920535	1.000488641890941	0.0005127830300225076
55139.975304392654	0.9999083867604519	0.0005126638989204587
55139.9957371363	0.999808853782792	0.0005126787411708633
55140.01616967983	0.9992319842919304	0.0005126200545209395
55140.03660232348	0.9992780918237314	0.0005126659532746056
55140.05703496689	1.0004023605044496	0.000512747093779667
55140.07746761043	1.0002744492331743	0.0005127829665521661
55140.097900253844	1.000042598867979	0.0005127353153599502
55140.13876564067	1.0002850810223125	0.0005127220442949135
55140.159198183974	0.999805254897473	0.0005127312660355346
55140.17963082727	0.9995440805793747	0.0005126178015901269
55140.20006357057	0.9995340456325232	0.0005126645332583351
55140.220496113754	1.0010409878172106	0.0005129069785701519
55140.24092875705	1.0002816380023594	0.0005128089106614808
55140.26136140012	0.9994329619570661	0.0005126844859616627
55140.2817940433	0.9996575242698515	0.0005127164648209896
55140.30222668636	1.0008386597986163	0.0005128887034302942
55140.32265932943	0.9997036030912367	0.0005127093701377686
55140.3430919725	1.000513989341403	0.0005128328886487746
55140.363524615444	0.9996313747210178	0.0005127089050426778
55140.404389901465	1.0002370929843638	0.0005127664805819497
55140.42482254429	1.0009629226738825	0.0005129039438636897
55140.44525518713	0.9996072453867377	0.0005126614226572998
55140.465687729964	0.9997863456564641	0.0005127570748734557
55140.48612047279	1.0010196740060704	0.0005129133857937218
55140.50655311563	1.0002371482771573	0.0005127846487431844
55140.52698565835	0.9993795542608114	0.0005126373856276868
55140.54741840106	0.9996230725398182	0.0005127173340856246
55140.56785094366	0.9999710330873323	0.0005128267259143214
55140.58828358638	1.001301144078387	0.0005129572193470257
55140.60871622898	0.9986411410773246	0.0005125912664433865
55140.629148971464	0.9969584293791836	0.0005123616610064651
55140.649581514066	0.9965954771724769	0.0005123182741411318
55140.67001415655	0.9971111026762467	0.0005124280459222625
55140.69044689903	0.9949789643615174	0.0005121182792125992
55140.71087944152	0.9966693490722889	0.0005123323020880799
55140.73131208388	0.9967410835935308	0.0005123911765144437
55140.75174482637	0.996304925973527	0.0005123278884444735
55140.77217736874	0.9975629961300752	0.0005124923442240038
55140.79261001099	0.997385180148206	0.0005124159445468805
55140.81304255335	0.9973009615458215	0.000512390031126131
55140.83347529561	1.0000936880641982	0.0005128302970276628
55140.87434057999	1.0001224188062774	0.0005128550297391891
55140.894773222244	0.9999324660022144	0.0005128383195158459
55140.91520586438	1.0003250804247241	0.0005129041704296421
55140.93563850651	0.9993146278360125	0.0005127569170159034
55140.976503790545	1.0002351215324712	0.0005128747897159125
55140.99693643268	1.0000337431553554	0.0005129237383700952
55141.017368974586	1.0015031810737571	0.0005130427496783394
55141.0378017166	0.9997092624079139	0.000512828025603671
55141.058234358505	1.0000511356988533	0.0005128742960791729
55141.07866690047	1.0002455217819681	0.000512923565983756
55141.099099642306	0.9998408089196582	0.00051292845413784
55141.11953228415	0.9999897741966456	0.0005129553353413103
55141.139964926	0.9995115355258707	0.000512843746786961
55141.16039756778	0.9997708020783823	0.0005129009323826636
55141.18083020957	0.9993751686740925	0.0005128472461145376
55141.2012628513	1.001018983577492	0.0005130153023842813
55141.22169539302	1.0010040724806646	0.0005130775642878019
55141.24212813469	0.9995946273406244	0.0005128577114805281
55141.26256077636	0.9996044500465792	0.0005128972493186668
55141.282993317975	1.0003455405950403	0.0005130121729200862
55141.30342605958	1.0001031431282676	0.0005129647499966947
55141.32385870114	1.0001005704248789	0.0005130318396345571
55141.34429124268	1.0005811100912116	0.0005130913639532238
55141.405589167116	0.9990363896756391	0.0005128830768814064
55141.42602180855	0.999462480572918	0.0005128806488683361
55141.44645454999	1.0004168414287948	0.0005130380313208172
55141.46688709136	0.999842451983091	0.0005129205080558207
55141.48731973274	0.9992246098065485	0.000512907544981623
55141.50775247406	1.0006443999834456	0.0005130890535877089
55141.528185015384	0.999778258079358	0.0005129185789610097
55141.54861765664	0.9996038076762948	0.0005129955864999301
55141.56905039785	0.9992545684701877	0.0005128944235938806
55141.5894829391	1.0006326973654367	0.0005130970139202224
55141.60991558031	1.002029428092211	0.0005133356696672741
55141.671213503745	1.0001811012802675	0.0005130744382143759
55141.691646144835	0.9992567519734186	0.0005128197208799341
55141.71207878586	1.000989354577734	0.0005131340759134754
55141.73251142695	0.999970110430007	0.0005130521408045599
55141.75294406798	0.9997182808206012	0.0005129854812531224
55141.77337670895	0.9990678559833056	0.0005128843072298705
55141.79380934992	1.000045645124413	0.0005130173781247704
55141.81424199089	0.9995923480299421	0.0005129712760291499
55141.834674531805	1.0004276810279853	0.0005130943966179421
55141.855107272655	0.9992493188379739	0.0005129482041100776
55141.87553991357	1.0007249693359337	0.0005131657518579289
55141.895972454426	0.9993022202741805	0.0005129543942442198
55141.91640519522	1.0003985125712134	0.0005130729483521734
55141.936837836016	0.9997878404688239	0.0005131082233282415
55141.95727037681	1.0005720650188887	0.0005131470825929183
55141.97770311755	0.9995189066706672	0.0005130433218464917
55141.99813575829	1.0001314071886134	0.0005130933881051551
55142.01856839897	0.9993153751902679	0.0005130318959645419