56022.21416077936	0.9998632365163344	0.0005367355945127108
56022.234594925234	0.9998570505254449	0.0005367987724123747
56022.255029271226	0.9998702290849404	0.0005368160947851286
56022.27546351744	0.9998133164057477	0.0005367133659919796
56022.2958977639	0.9987571904751873	0.0005366689714234457
56022.31633201058	1.0009701233855692	0.0005369502258180687
56022.336766257504	1.0005265062131612	0.0005369101160663344
56022.35720060466	0.9992491171261646	0.0005367373262560318
56022.37763475205	1.0007380737827687	0.0005369772353691798
56022.39806899966	0.9994755243895667	0.0005366456505816039
56022.418503347515	1.0001774662141294	0.0005367981787430815
56022.43893749548	0.9992215473314211	0.0005367500105578135
56022.4593718438	1.000034293513312	0.0005367359407570205
56022.47980609235	1.0009112668808362	0.0005369609202675604
56022.50024024102	0.9996673618416907	0.0005368121409114363
56022.52067459003	0.9995486874901905	0.0005368032580219993
56022.54110873916	0.9997608782390109	0.0005369014811744805
56022.56154298864	1.0000918416886146	0.0005367872212294954
56022.58197733824	0.9995628299253835	0.0005367716630220195
56022.60241148807	1.0000302466111664	0.0005368397418866156
56022.62284573814	0.9999104898323385	0.0005368052702466066
56022.64328008843	1.0004095087545615	0.000536904786244318
56022.66371423896	1.000986210765822	0.0005369739024069216
56022.68414858972	0.9996609717746707	0.0005367822900578914
56022.70458284071	0.9993985227045196	0.0005367832698325118
56022.72501709194	1.0008560208818424	0.0005369951987151039
56022.7454513434	1.0002922051123067	0.00053682852873758
56022.76588559498	0.9998569345568469	0.0005369174602977633
56022.786319846906	1.0000171052573197	0.0005369104567229224
56022.80675409906	0.9999352206233468	0.0005368822244546288
56022.82718835134	1.0002055488908113	0.0005370295498720931
56022.847622703965	0.9999715604106756	0.0005368961213278558
56022.8680568567	0.9999921658779012	0.0005368691670152284
56022.888491109676	0.9992133282650855	0.0005368123993552756
56022.908925462885	1.0010071443206172	0.0005370344008526294
56022.92935971632	1.0010707029833537	0.0005369893901319749
56022.94979386999	0.9995651448995876	0.0005368131586510502
56022.9702282239	0.9988749663614988	0.0005367742068933709
56022.990662478034	1.0001215265857872	0.0005368853591486435
56023.01109683241	0.999653767915337	0.000536825614747038
56023.03153098701	1.0007784881730597	0.0005368918740765319
56023.05196524173	1.000274692012192	0.000536845961391331
56023.0723995968	0.9998262078024692	0.0005367739339066854
56023.09283375199	0.9999583687634545	0.0005368235801481911
56023.1132680074	0.9997436402056108	0.0005368071049320345
56023.13370236317	1.001151682850776	0.0005368618929139828
56023.15413651906	1.0000751959170104	0.0005368430723268965
56023.17457077517	1.0009450656520942	0.0005369624180770941
56023.19500503152	0.9998861695689499	0.00053684277667178
56023.215439288106	1.0000436332356868	0.0005368972789374831
56023.23587364492	1.0008152524637814	0.0005369916223615504
56023.25630780185	0.999783343958657	0.000536858119316032
56023.27674205913	1.0002985511382614	0.0005368653984796597
56023.29717641664	1.0000811318157121	0.0005369260647886297
56023.317610574275	0.9991865484211964	0.000536747789430297
56023.33804483226	0.9992597592989384	0.0005367347120501127
56023.35847919035	1.0004659615805038	0.0005369549082320437
56023.37891344868	0.9999459604250881	0.000536868177360999
56023.399347707236	0.9999939433709201	0.0005368045243062403
56023.41978196603	0.998415236842486	0.0005366833347247423
56023.44021622506	0.9977316926749056	0.000536599806306597
56023.460650484325	0.9972717850828062	0.0005365755133432218
56023.48108474381	0.9963375134281702	0.0005364397405740773
56023.501519003425	0.9966496960411241	0.0005364844253126806
56023.52195336338	0.9965784121699338	0.0005364324992456951
56023.542387523456	0.9973551410749273	0.0005365857320006552
56023.56282188388	0.996558735315117	0.0005365124872255688
56023.58325614442	0.9976276262966404	0.0005365510980259397
56023.60369030519	0.9971676142874053	0.0005364344341147623
56023.6241246662	0.9992671837083699	0.0005368171959720472
56023.64455892744	1.000493978851709	0.0005368382315302766
56023.66499308891	1.0004262723263786	0.0005369177205604244
56023.6854274505	0.9989121732736982	0.000536821638667702
56023.705861712435	1.0002699315931807	0.0005367927602526443
56023.72629587461	0.9994765185205373	0.0005368079324117338
56023.7467302369	0.9989806500023987	0.0005367102569798797
56023.76716449941	1.0005648090185437	0.0005368796060321896
56023.78759876217	0.9994181202583777	0.0005366864477326147
56023.80803302527	0.9999397438633246	0.0005368367933446575
56023.82846728837	0.999120923882112	0.000536717513711041
56023.84890155182	1.0005008253202818	0.0005368085639687709
56023.86933581551	0.9999687396704124	0.0005367648467653925
56023.88977007942	1.0004782299503645	0.0005366795748038701
56023.93063860784	0.9996366269823718	0.0005367021163085941
56023.95107297233	0.9997512566446338	0.000536713199123445
56023.97150713707	1.0007340254815724	0.0005367792021440624
56023.99194140203	1.0004341448979066	0.0005367568938164415
56024.03280993266	1.0000563951634562	0.0005367925300996339
56024.05324419832	0.9999032343235069	0.0005366779865937309
56024.0736785641	1.0008283154595703	0.0005367550096507436
56024.09411283023	1.0002505420797052	0.0005367639876384551
56024.11454709647	0.9992763759530077	0.0005366823090948728
56024.13498136295	1.0010579876318568	0.0005369068481177599
56024.15541562966	1.0001264739332034	0.0005367436539166549
56024.19628416378	0.9995235122578745	0.0005366890245888129
56024.21671843119	0.9986953599701986	0.0005364349636687179
56024.23715279871	1.0000028952898137	0.00053671195689445
56024.25758696659	0.9996577177359861	0.0005366634289694158
56024.27802123458	0.9999360545636542	0.0005367384973915248
56024.2984556028	0.9999843076042739	0.0005366571798566126
56024.31888977138	0.999842468038006	0.0005366800945599049
56024.33932414007	0.9994051311618771	0.0005366130746124099
56024.35975840887	0.9996424394304483	0.0005367496479064404
56024.38019257803	1.0000160626882608	0.0005366689017501799
56024.40062694742	1.0006959023001951	0.0005367181262727964
56024.42106121692	1.0001179808977512	0.0005366127541536745
56024.44149538666	0.9987955366058526	0.0005365839361848026
56024.46192975675	0.9997930183112175	0.0005367210655813786
56024.482364026946	0.9994231706530365	0.0005367235487682293
56024.502798297384	1.0000866824533645	0.0005366711872680004
56024.52323256794	1.0001515330563853	0.000536861642762438
56024.543666838836	1.0006395955634195	0.0005366390493266885
56024.56410110997	1.000225397265925	0.0005366557548543658
56024.584535381226	1.0015572369537713	0.0005369055049555213
56024.604969652704	0.9996889496511452	0.0005365829946424762
56024.62540392442	1.0005220456910613	0.0005366703907774674
56024.645838196375	0.9994414289233933	0.0005366314398456985
56024.66627256855	1.000086958562205	0.0005366975776374467
56024.68670674097	1.000390340794741	0.000536578735268268
56024.7071410135	0.9996107835560287	0.0005366156617029834
56024.72757538638	1.0004286941039908	0.0005367102290051306
56024.74800965938	1.000293740796968	0.0005366168996467906
56024.76844383261	1.000349420337614	0.0005366808273443893
56024.78887820607	0.9999626003832306	0.0005366948116385956
56024.80931247977	0.9994945813206464	0.0005366502680839275
56024.82974665358	0.9997948811798455	0.0005365864057080852