55710.64517517204	0.9998983224965912	0.0005167564346774193
55710.66560956355	0.9998486129489664	0.0005168115840029767
55710.68604415494	1.0011100761093168	0.0005169512018594602
55710.72691323749	0.999452752679393	0.0005166978595265075
55710.747347628654	0.9996884676902025	0.000516640206116501
55710.76778211981	0.999673715110588	0.000516759202364297
55710.788216710855	0.9999770547956256	0.0005168059689159493
55710.8086511019	1.0004116636746527	0.0005168627647804794
55710.82908559282	0.9997682381242934	0.0005167001222671444
55710.849520183634	1.0002206280016253	0.0005167179282320294
55710.86995467445	1.0006012495955618	0.0005168602803007457
55710.890389065135	0.9998816852201704	0.0005167065180315591
55710.91082365583	0.9996796708371374	0.0005167157865683642
55710.931258146404	1.0004561163097174	0.0005167408776953358
55710.951692536866	0.9995369293875486	0.0005166742150580645
55710.99256151779	0.9995567143961055	0.0005166719415470005
55711.01299610802	0.999648816813072	0.000516688487039676
55711.03343059836	1.0011116419098287	0.0005168673188138143
55711.05386508847	1.0000084649670482	0.0005167644651206332
55711.074299578584	1.000034988367814	0.0005167455531307121
55711.0947340687	0.9993441587049752	0.0005166770494106595
55711.115168458695	1.0007164908969286	0.0005168127748446018
55711.13560304857	0.99990195420034	0.0005167137899826063
55711.15603753845	0.9991686077539418	0.000516525860198064
55711.176471928215	0.9994983987382815	0.0005166278496758912
55711.19690651786	0.998741152618447	0.0005165790284581656
55711.217341007505	1.000237989044907	0.0005167494411293104
55711.23777559715	0.9999148153990076	0.0005167627539330724
55711.25820998656	0.9998386260993914	0.000516677672327412
55711.27864447598	1.0006127495271688	0.0005167878649730212
55711.299079065386	1.0011230340238833	0.0005168969912322121
55711.319513454684	0.9992901028192738	0.0005166536556096184
55711.33994794398	1.0001689849582527	0.0005167362103281302
55711.38081692211	1.0002121948529006	0.0005166627930127227
55711.401251411175	0.9994033194685286	0.0005166281537247037
55711.42168600012	1.000844053290718	0.0005168005603061352
55711.44212048907	0.99971733150255	0.0005166466188001519
55711.462554977785	0.9996272290863448	0.0005166864760796534
55711.48298946661	1.0004936162324383	0.0005167928966509308
55711.50342395521	0.999789692608391	0.0005166537270575378
55711.52385854381	1.0003060001685613	0.0005167409142439294
55711.544292932405	1.000232736604033	0.0005166545244540655
55711.56472742089	0.9997815923010038	0.0005165570337951363
55711.58516200926	0.9998191176682631	0.0005166221995065897
55711.60559639762	1.000804154499929	0.000516754940224325
55711.62603088587	1.0005958335535818	0.0005166961904759035
55711.646465374004	0.9995985412721359	0.0005166093364903307
55711.66689986213	1.0007893608815728	0.0005167385879948573
55711.68733435015	0.9996719152089972	0.0005166214817625315
55711.70776883817	0.9996239607333093	0.0005165674485444263
55711.72820332606	0.999872024285063	0.0005165401449187498
55711.74863791385	0.9993279189841417	0.0005165108118106852
55711.769072301635	0.9996727400553338	0.0005165572171143701
55711.7895067893	0.9997257944879971	0.0005164910120588501
55711.80994137697	0.9999371511243677	0.0005166729200566917
55711.83037576452	1.0000624326508918	0.0005167128470854204
55711.85081025195	0.9974055706464747	0.0005163093880245322
55711.871244839385	0.9972446271065248	0.0005164031726989033
55711.891679226705	0.9974473360140751	0.0005163097496422196
55711.9121137139	0.9972370209175185	0.0005162585506827127
55711.932548301105	0.9976887984657423	0.0005163577432369705
55711.95298278819	0.9968168795522653	0.0005162270643284439
55711.97341727527	0.9975289000525454	0.0005163593700035866
55711.99385176224	0.9961564088519423	0.0005161150559587059
55712.01428624909	0.9967728295771212	0.000516232327791384
55712.034720735945	0.9974691244453606	0.000516277634549479
55712.05515522268	1.0004505466299902	0.0005166917850261168
55712.07558970942	1.0002395995866307	0.000516658353704623
55712.096024296035	1.0003305081225702	0.0005166634789004012
55712.11645868254	0.9995410770930038	0.0005165612617389668
55712.13689316904	1.0003157319003926	0.0005165692461469494
55712.15732775543	0.9996994962979435	0.0005165333672663434
55712.1777621417	0.9997880474536995	0.0005165906873767087
55712.198196727964	1.0006620626154519	0.0005165231846888534
55712.21863121412	0.9998368735606454	0.0005164864290342911
55712.239065600275	1.0006631710759686	0.0005166051448447628
55712.25950018631	0.9991644476092868	0.0005164334379454601
55712.27993457223	1.0008745117410642	0.000516574590744565
55712.30036905815	1.0002594779876026	0.0005164765214039432
55712.320803643954	1.0000899025817038	0.0005164778938108296
55712.34123802964	1.0001707113902836	0.0005165283113476394
55712.36167251533	0.998530535418457	0.0005163426500738738
55712.3821071009	1.0010824683834343	0.0005166865152366714
55712.40254148636	1.0001261236525159	0.000516622130178134
55712.422975971815	0.9988928151568546	0.000516361035249529
55712.44341055715	1.0005053924823146	0.0005166649619910638
55712.46384504249	0.9994986937271518	0.00051644518149448
55712.484279527715	0.9998134041227301	0.0005164683428717323
55712.504714012815	0.9992277336656746	0.0005164555506980366
55712.52514849792	1.0002955508364255	0.0005165526452988197
55712.545582982915	0.9997000479747726	0.0005164896422897997
55712.56601746778	1.0012057757144166	0.0005165961912670154
55712.58645195266	0.999993176634841	0.0005165054634653604
55712.60688653742	1.0001335618599672	0.000516495638886572
55712.62732092217	0.999622807596046	0.0005164372836438957
55712.647755406695	1.0005341492747322	0.0005165822764949126
55712.66818999134	1.0001733049113442	0.0005165653089725232
55712.68862437574	1.0005640215720661	0.0005164842090166834
55712.70905896015	1.0010280608641622	0.0005165755066745744
55712.72949344444	0.9999522275236274	0.0005165434090161878
55712.74992782873	0.9989996976604402	0.0005163715843472224
55712.770362412906	1.0004095816900105	0.0005165869902989633
55712.79079689697	0.9998606280697323	0.0005164643766935479
55712.81123128102	1.0003253929084834	0.0005165527995779555
55712.831665864964	1.0002430180009994	0.0005165728136463598
55712.85210034879	1.0004221701189213	0.0005165195761931519
55712.872534732494	1.0003200831837622	0.0005165548114570701
55712.89296931632	1.000297667620073	0.0005164617053297506
55712.91340379992	0.9998699610238126	0.0005164337812867296
55712.933838283505	1.0001173069545217	0.0005164072021830745
55712.95427276698	1.0001430502837771	0.0005163703451411553
55712.9951417337	0.9996357998696209	0.0005163968093613113
55713.015576216945	1.000345255127767	0.0005165252935714802
55713.036010700074	0.9998897147994362	0.0005164485925484379
55713.056445183196	0.9996420872754844	0.0005164945029688694
55713.07687966621	0.9997494611808804	0.000516467670543267
55713.09731414922	0.9994623538044144	0.0005164403065553242
55713.117748731995	0.9998619906811848	0.0005164379814525969
55713.138183114774	1.0004912041303637	0.0005163717955124407
55713.15861759755	1.0005883560471192	0.0005163673799487194
55713.17905218021	0.9995744253521965	0.0005163208447178678
55713.19948656276	0.9989624952663375	0.000516247031638389
55713.21992114518	0.9999447612208923	0.0005163271964780294
55713.24035562761	0.9993737181672528	0.0005162662850149621