56385.70721273334	0.9995409583490402	0.0005690119150078712
56385.72764677281	1.000100186399922	0.0005690224376824201
56385.748081012396	1.0001172210157747	0.0005690527079348764
56385.768515152326	0.9997018436111191	0.0005689389408427121
56385.788949192494	0.9987666306105005	0.0005688257387002705
56385.809383433014	1.0009470705619206	0.0005690720897581095
56385.82981757364	1.0003236595057032	0.0005690286238095842
56385.850251614625	1.0001557281804936	0.0005689822575052125
56385.87068585596	0.9995851077545492	0.0005689168185064193
56385.8911199974	0.9997992019658827	0.0005688781764681704
56385.9115540392	1.000008301133476	0.0005689998537470217
56385.931988281234	1.0004289816030436	0.0005690417626793547
56385.95242242349	0.9996071647095844	0.0005688887639648737
56385.97285666599	1.0006266742880197	0.0005690008006670739
56385.99329070884	1.0011755110458134	0.0005689909242237064
56386.01372485179	0.9997965716586612	0.0005688612092293686
56386.03415909522	0.9995525421538234	0.0005687747213892876
56386.05459313877	1.0004760069989531	0.0005689739594458716
56386.07502728254	1.0005583334528638	0.0005689345315692899
56386.09546152667	1.0008278078443826	0.0005690018216066814
56386.11589567103	0.9998991500081091	0.0005688411912462056
56386.13632981573	1.0003080827539113	0.0005689043369342453
56386.15676396056	0.9996220960218184	0.0005688321005242236
56386.19763225113	0.9994743637986614	0.0005688162422552186
56386.218066396774	0.9997733268072084	0.0005688141089100347
56386.23850054265	1.0002735825365165	0.0005688593361646685
56386.258934788864	0.9996253296703148	0.0005687679342768197
56386.27936883532	1.0006046862928701	0.0005688861927427555
56386.299803082	1.0007058778758957	0.0005688922398826641
56386.32023722892	0.9996538253188356	0.0005687404564794814
56386.34067127619	1.0001191236642129	0.0005688101787790104
56386.36110552369	1.0015104510111854	0.0005689096746568895
56386.38153957143	0.9987629767892993	0.0005686908533410895
56386.401973719396	0.9992316314568068	0.0005686428052100834
56386.42240796771	0.9989003893528834	0.0005686668597869739
56386.44284201614	0.9999472251416872	0.0005687450929896639
56386.463276164926	1.0005301256914714	0.0005687528808647845
56386.48371041405	0.9997395683126877	0.00056872519800664
56386.5041444633	1.0008229274262013	0.0005688764433939126
56386.5245787129	0.9999068422923334	0.0005686558648847213
56386.54501286261	1.0006914399328004	0.0005687733731519684
56386.565446912675	1.0008768502726435	0.0005687519427464948
56386.58588116309	1.0008915072999944	0.0005687395225558543
56386.60631531361	0.9993584717660349	0.0005686083485216354
56386.647183615605	0.999623339288282	0.0005686468206196794
56386.66761776694	1.0003129477464634	0.0005687163683405299
56386.68805201864	1.0004804312008486	0.0005686271363591543
56386.70848607045	0.9998538205634006	0.0005686248236801689
56386.7289202226	0.9981347739407479	0.0005684745076230887
56386.749354474996	1.0001806202681531	0.000568619387489671
56386.76978852762	0.9990649099133851	0.0005685028920423128
56386.79022268059	1.0001415197297918	0.0005685963349688674
56386.81065693368	0.9996391196186456	0.0005686353637637559
56386.83109108712	0.9999811170831633	0.0005685942091812392
56386.85152524079	0.9997185441372901	0.0005686104187622685
56386.87195939481	1.0001013724015024	0.0005686079173627363
56386.892393548944	0.999601398243816	0.0005686492779595268
56386.91282770343	0.9994143488240206	0.0005684692796627408
56386.933261858154	0.9965860044683897	0.0005682153908636588
56386.95369601311	0.9962964445163365	0.0005681937163668962
56386.97413026829	0.9976567859216946	0.0005682544344183877
56386.994564323824	0.9953972387084884	0.0005680286971591369
56387.014998479586	0.9970749641139297	0.0005682420307988976
56387.03543263559	0.9962923090130594	0.0005681374112808522
56387.05586679182	0.9958959658853435	0.0005681209246784979
56387.076301048284	0.9955035998344792	0.0005680534769183079
56387.117169262034	0.9984001182777175	0.000568332036350817
56387.17847173469	1.0000652635068061	0.0005684581083916021
56387.19890599278	0.999649681393374	0.0005685419766253887
56387.21934005111	0.9988368229047729	0.0005683582659726748
56387.23977430967	0.9993695654249408	0.000568435685323825
56387.26020846846	1.0005070131295362	0.0005684630820416443
56387.28064252749	0.9993388110544085	0.0005683923951188898
56387.32151094647	1.0005287774341078	0.0005684442354492802
56387.3419451062	0.9990800986686549	0.0005684356887891771
56387.36237926639	1.0001579381853678	0.0005685849047444987
56387.382813426695	0.9994041396254367	0.0005683512530574977
56387.403247587354	1.000609512446148	0.0005685342309006177
56387.42368174813	1.0000372434918232	0.0005684614236551634
56387.444115909246	1.0006870001363954	0.0005684506029186573
56387.4645501706	1.00218238947162	0.0005687080497031503
56387.48498433231	0.9989417131399773	0.0005683511235408818
56387.505418394125	1.0003676388768228	0.0005684759891027349
56387.5258526563	0.9995256172887039	0.0005684105522821483
56387.5462868187	1.0003196692690568	0.0005684696782081284
56387.56672088133	0.9998933897343638	0.0005684486876358915
56387.5871551442	0.9997864431745984	0.0005683045536077525
56387.60758930742	0.99904303829007	0.000568280440950438
56387.62802357087	1.0007779829872003	0.0005685168880298516
56387.64845763444	1.0000772516453176	0.0005683537183609164
56387.668891698355	0.9997251633989349	0.0005683168855123576
56387.689325962616	1.0003530948148665	0.0005683916117989983
56387.709760127	1.0005058225638825	0.0005683934818062662
56387.73019419173	0.9994280546422297	0.0005682858640686966
56387.75062845669	0.999906716333271	0.0005683065235957094
56387.79149688732	1.0005344334539266	0.0005683673745834283
56387.81193095298	0.9993516102528485	0.0005682776952540914
56387.83236511899	0.9989820370140217	0.0005682561042668427
56387.85279938512	1.0004186344512882	0.0005683575714693902
56387.873233451595	0.999271189550068	0.0005682646686002797
56387.89366761831	0.9988759232633901	0.0005681690496769345
56387.91410188525	1.0006883555215835	0.000568456584723218
56387.93453595254	0.9997254619015226	0.000568203182678245
56387.95497011995	1.0001390395920386	0.000568350106616195
56387.975404387704	0.9994828303206537	0.0005682658417388412
56387.9958385557	0.999307254181362	0.0005682013117191291
56388.01627272392	1.0011349894910768	0.0005684575309765546
56388.03670689238	1.0000522969585892	0.000568360559392746
56388.05714106118	0.9994686482472724	0.000568212968121741
56388.077575230105	0.9996552640816156	0.0005682325472167898
56388.09800939937	1.0008490512963488	0.0005684605497450879
56388.11844356888	0.9994587531566098	0.0005682467746026234
56388.13887783862	1.0004554474788165	0.0005683991679128896
56388.159311908705	0.9998064869008328	0.0005682401835691085
56388.1797461789	1.0003638905768928	0.0005683741750135161
56388.20018034946	0.999261036122249	0.0005682837091286606
56388.220614420236	1.0005737980416363	0.0005683498237549524
56388.24104869114	1.0003307874605305	0.0005683178297777472
56388.26148286251	1.000822764933725	0.0005684022080404366
56388.28191693399	1.0001060243591213	0.00056829891976114
56388.302351205704	1.000500204877957	0.0005683813525625882
56388.32278527777	1.0007390260850777	0.000568457353849372