55191.34316083798	0.9994024743982514	0.0005530024858245397
55191.36359377732	0.999538256694681	0.0005530196315769176
55191.40445955694	0.9988946319366491	0.0005528544305812568
55191.424892597104	1.0013008485936128	0.0005531892354532086
55191.44532553749	1.000407076563404	0.0005531605773809402
55191.46575837823	1.0005103436415446	0.0005531093192378494
55191.486191419084	1.0013596478699833	0.0005532130625742896
55191.50662436029	0.999113308092946	0.0005529822944691612
55191.52705720173	0.9993404784177801	0.0005529381153689271
55191.54749014352	1.0005096284873825	0.0005531478583006436
55191.56792318542	1.0008129180464007	0.0005531986263409811
55191.58835602768	1.0001255330716543	0.0005531153592482197
55191.60878897017	1.0000204213422939	0.0005530655213977862
55191.62922201288	1.0006039248845768	0.0005531357542577866
55191.64965485595	1.0010987593373657	0.0005532325782125914
55191.67008779914	0.9983201940388472	0.0005528843733732956
55191.69052084267	1.0006504055410623	0.0005531474665520239
55191.71095378644	1.0008369531136363	0.0005531970165504087
55191.73138663044	0.9998701900001061	0.0005530697067032691
55191.751819674784	1.0001562968420616	0.0005531184158791188
55191.77225261925	0.9993963219975375	0.0005529845970636569
55191.79268546407	0.9994663483876433	0.0005529978604810759
55191.81311840911	1.0003002790935034	0.0005531370819216193
55191.833551454394	1.0000137379545337	0.0005530381649737742
55191.853984300025	1.000255936170263	0.0005531531450963581
55191.87441724588	0.9998338314517652	0.0005530522968069382
55191.89485029198	0.9998861670349095	0.0005530965991780313
55191.91528313831	0.9998214548141727	0.0005530839170567475
55191.93571608487	1.000178446777685	0.0005531266047931864
55191.95614913178	0.9991425487662741	0.000552984773613145
55191.976581978925	1.001506969480629	0.0005532926984848263
55191.997014926295	0.9998188188164369	0.0005530892739321345
55192.01744797391	0.9999091060117575	0.000553137609653751
55192.03788092187	0.9992511521739766	0.0005530676384602281
55192.05831377005	0.9993581056467616	0.0005530571790708568
55192.07874671848	1.0024633406287633	0.0005534107997899096
55192.09917976713	1.0005274840864797	0.0005531239546494671
55192.11961261602	0.9998215064618927	0.000553111958591046
55192.14004556526	0.9995895762246436	0.0005530001264747968
55192.160478614736	1.000320213949978	0.0005531167762210274
55192.180911464435	0.999524128010425	0.0005530734438823694
55192.201344414374	1.0010473250711094	0.0005532475742800998
55192.221777464656	0.9998280090800452	0.000553100839585901
55192.24221031518	0.9988381815231422	0.0005529433875837991
55192.26264326593	0.9991110641267734	0.0005529815975748075
55192.28307621692	0.999800723445363	0.0005531216592548519
55192.30350916825	0.9995695579322781	0.0005531194849775295
55192.323942119816	0.9994553839823057	0.0005530743505904856
55192.34437507161	0.9996776212531346	0.0005530930789081096
55192.364808023645	1.0001406282793766	0.0005531371627588621
55192.38524097591	1.00119742429884	0.0005533203220363701
55192.40567382853	0.9992208765075935	0.0005530466927468581
55192.42610688137	0.9999096938540121	0.000553093051096721
55192.446539834455	0.9999357319516712	0.0005531110158847202
55192.466972687886	0.9991857035542818	0.0005530239280337753
55192.48740574143	0.9990784453467614	0.0005530245886686748
55192.507838695325	0.9991502330718341	0.0005530651557597835
55192.52827154957	0.9999248894817795	0.0005531478005881591
55192.548704503926	0.9972253764819943	0.0005528181220851106
55192.56913755864	0.9966585382538168	0.0005527457139215977
55192.58957051358	0.9972048192691413	0.0005528203873530143
55192.610003368754	0.9980625033046123	0.0005529586886507686
55192.630436424166	0.9962222915613504	0.000552738284617268
55192.650869379926	0.9961885840180332	0.000552695300432304
55192.67130223591	0.9971865179639923	0.0005528326750299078
55192.69173529214	0.9971949280027242	0.00055283191200162
55192.732601105396	0.9971681764857744	0.0005528258239098147
55192.75303416244	0.9988086519745226	0.0005530645510542708
55192.77346711971	1.00001851790265	0.0005531510632955235
55192.793899977325	0.9995752789460925	0.0005531547667583676
55192.814332935064	0.9995462859867084	0.0005531398683274925
55192.834765993146	0.9998534174303533	0.0005531206062948155
55192.85519895147	0.9986445537621015	0.0005530712499210113
55192.87563181014	1.0002613834392542	0.0005531730181816231
55192.89606486904	1.000894442621829	0.0005532963289385368
55192.91649782817	0.9996723693488323	0.0005530671027958463
55192.93693068754	1.0008428606802917	0.0005533334933383598
55192.95736374713	0.9994798024138768	0.0005531431094033297
55192.977796707084	0.9999107175900682	0.0005532262512390568
55192.99822956727	0.9999895004697663	0.0005532350121170878
55193.018662627685	1.0012984076905458	0.0005533631521359368
55193.03909558844	1.0002236266135585	0.0005532707245379129
55193.05952844944	0.9995146172643071	0.000553131859019502
55193.07996141067	1.0011996317777805	0.0005533811673415439
55193.10039447213	0.9992267340294213	0.0005531368978852601
55193.12082733394	0.9998926411064695	0.0005532617914547964
55193.14126029599	1.0000380605838572	0.0005532616044632283
55193.16169325826	0.9995592823524094	0.0005531448876101928
55193.182126220774	1.0004348672715853	0.0005532824902560121
55193.202559183635	1.0012059490239018	0.0005534211962369718
55193.24342511005	0.9997615023692565	0.0005531632340328189
55193.26385807361	0.9989836134033283	0.0005531157318304883
55193.28429113751	1.000315434303529	0.0005532561366514461
55193.30472400165	1.0003695125103902	0.0005532963844813161
55193.32515696603	0.9995245964222145	0.0005531759713798466
55193.345589830744	0.9998501500098349	0.0005531905529965049
55193.3660228957	0.9998028789095748	0.0005532272335811749
55193.38645586089	1.0008301887469302	0.0005533814338021846
55193.406888726306	0.9999748195620246	0.0005532535484182506
55193.42732179208	0.9998091051409991	0.0005533194587960638
55193.44775475808	1.00041395098069	0.0005533332384382675
55193.46818772431	0.9999286638073829	0.0005532502025606112
55193.48862069078	1.0000880684455806	0.0005532866017413207
55193.5090536576	0.9997567060867586	0.0005531816616608868
55193.52948662465	0.9989218079099574	0.0005531168026654487
55193.54991959205	0.9994102147578807	0.000553269724736906
55193.59078552743	1.0005902476148816	0.0005533235363735531
55193.63165146398	0.999957417281117	0.0005532580459960821
55193.65208443265	1.0004469459619234	0.0005533189530265882
55193.672517301566	1.000039295499979	0.0005533496653644815
55193.692950370714	1.000433122101739	0.0005533576708544209
55193.71338334009	0.9999897770972865	0.0005532977367217978
55193.73381630982	1.0007407084603097	0.0005534238192356926
55193.75424927978	1.0011149313119547	0.0005534188248707083
55193.774682250085	0.9998521252242002	0.0005533326066078626
55193.79511522063	1.00021375618954	0.0005533234003228342
55193.81554809141	1.0008370704504599	0.0005533778959354639
55193.83598116241	0.9999504200063112	0.0005532817348561967
55193.85641413377	1.0000913047942757	0.0005533634767383662
55193.87684700536	0.999835322987428	0.0005533155944403861
55193.91771304924	1.000186735404508	0.0005533219642204313
55193.938145921646	0.9990197807501031	0.0005532355672248383
55193.95857899428	0.9993147773623448	0.0005532843191994325