55762.56876749813	0.9997155824457157	0.0005170921943362267
55762.58920165215	1.000217013428724	0.0005171252423903076
55762.6096356057	1.0011038554281417	0.0005172329571487083
55762.63006965902	1.0000607459652586	0.0005171496843376029
55762.65050381234	0.9998122257758764	0.0005171285216847947
55762.6709378652	1.0001528759841811	0.0005171298210145582
55762.69137191782	0.9998372685919967	0.000517086460021606
55762.71180596998	0.9995536307170507	0.0005171060519767127
55762.73224002214	1.0008719226242841	0.0005172154269218483
55762.75267407406	0.9995870563698456	0.0005170572963812811
55762.77310812552	1.0001217342979212	0.0005171108812992902
55762.81397632797	1.000936249267385	0.0005171979232045537
55762.99788277573	0.9993328441602685	0.0005170898323324066
55763.01831672416	1.0003644823456896	0.0005171867546910584
55763.038750872365	1.0008173651862988	0.0005172593931452471
55763.05918492033	0.9991298447717198	0.0005171115545179369
55763.07961886783	0.9999358401050098	0.0005171203714594082
55763.10005301533	0.9994834545865051	0.0005170794092893127
55763.12048706236	0.9998542618082197	0.0005171210984678818
55763.1409211094	0.9997856196788855	0.0005170988580324734
55763.16135515597	0.999819330227972	0.0005171014551720482
55763.1817892023	1.0006403527658099	0.0005171785623062285
55763.20222324841	1.0003566225026996	0.0005172055379788507
55763.22265729428	0.9996194052965465	0.0005170308357623957
55763.243091339915	0.999708071337325	0.0005170527548180915
55763.26352538509	0.9996384016733684	0.0005171063640408
55763.283959430264	1.0003307107903356	0.0005171256944304446
55763.304393474966	1.0003276576960183	0.0005170852509475157
55763.32482751944	1.000528047298675	0.0005171891180671569
55763.34526156392	1.0000187599735062	0.0005170851309221133
55763.3861297517	1.0007197727252888	0.000517158005747448
55763.40656369501	0.9994888930374795	0.000517147739840191
55763.426997738316	0.9999412242693025	0.0005170469781217472
55763.46786582401	0.9999721958203998	0.0005170908421006819
55763.48829986638	0.9994695256252072	0.0005170426077063846
55763.50873400853	0.9995908457340225	0.0005171641458491195
55763.529167950444	1.00034421678581	0.00051713253253345
55763.54960209212	1.000128912119143	0.0005171766382334761
55763.57003613357	1.0000512789007203	0.0005171765626061401
55763.590470074785	0.9998261693191814	0.0005171078844218923
55763.61090421553	1.0003337060100606	0.0005171764308294029
55763.63133825628	0.9991944941763401	0.0005170535319118771
55763.651772296565	1.0000108973883095	0.0005171089274902456
55763.67220633661	0.9992425988070048	0.0005171065440764515
55763.69264037643	0.9997122319231291	0.0005170819790672049
55763.71307441601	0.9995930128743593	0.0005171437713223681
55763.73350845536	0.9995553235729833	0.0005170807454714357
55763.753942494484	1.000998005413262	0.0005171864769758198
55763.77437653313	0.9980940684335055	0.0005169811894433872
55763.79481067179	0.9981410284995749	0.0005168636389496822
55763.81524460998	0.9964138274216698	0.0005167266056565651
55763.83567874793	0.9966789289138012	0.0005167188536425552
55763.85611278565	0.9967157051824168	0.0005167212670319463
55763.87654672314	0.996594982565559	0.0005167226394629252
55763.896980860394	0.9968333553506935	0.0005167613574898605
55763.917414797186	0.9970515712137148	0.0005167338970012675
55763.93784883398	0.9980875856477414	0.0005168980023167474
55763.9582829703	0.9982517661907755	0.000516964149796669
55763.978716906626	0.9994687668507959	0.0005170612805022438
55763.99915094249	1.000133427772889	0.000517165479528182
55764.01958507811	0.9998588241395437	0.0005171610211453253
55764.040019013504	1.0000942812889313	0.000517071268708751
55764.060453048434	1.0012609086193187	0.0005173124750484207
55764.08088718336	0.9992589294974503	0.0005171039960081533
55764.101321118054	1.0000568165512354	0.0005171095237470806
55764.12175525229	0.9999915283962153	0.000517166055316783
55764.14218928628	0.9990321338879488	0.0005170809104269368
55764.16262322004	0.999908024347938	0.0005171365865807712
55764.18305735358	1.0002558823228276	0.0005171039342207444
55764.22392541994	1.0003595718423162	0.0005171306280862208
55764.24435945254	0.9998029256365185	0.0005170509646863703
55764.264793485134	1.000154657068018	0.0005171432403247549
55764.28522751727	0.9996811364623731	0.0005170599013198043
55764.30566164917	1.0003780187781697	0.0005171174584049585
55764.32609558084	1.000136426573053	0.0005170758960434042
55764.346529712275	0.9993919224049287	0.0005170401760110123
55764.36696374348	1.000474854306472	0.0005171944516544529
55764.38739767444	1.0002645908662102	0.0005171755973001781
55764.40783180495	0.9992006798866585	0.00051706341893642
55764.42826583545	0.9999513050693585	0.0005171104694175533
55764.4691338953	1.0007856531312505	0.0005172714723841096
55764.48956792487	0.9991299407129653	0.0005169867080862774
55764.51000185421	0.9998098753193946	0.000517102685812088
55764.53043598332	1.0000388227712558	0.0005171601682165899
55764.55086991196	0.9998088140568029	0.0005171460643953669
55764.5713039406	0.9994684387102901	0.0005171231633289721
55764.591738068775	1.000249247951927	0.0005172282938096566
55764.61217199672	1.0003348783728887	0.0005171279836100174
55764.632606124425	1.0001947129340683	0.0005171247091881078
55764.653040151905	1.0000611428268273	0.0005171434491827417
55764.673474179144	0.9995181812288257	0.0005171168319326854
55764.69390820616	1.000275286755854	0.0005171805969509003
55764.714342232706	1.0002146017100084	0.0005171872779815138
55764.734776259254	1.0006591815231054	0.0005172211851533665
55764.75521028533	1.000140701024409	0.0005171486337804308
55764.77564431118	0.9999217085329182	0.0005171378603227394
55764.79607833679	1.0010766270626161	0.0005172851305669359
55764.816512462174	1.000180774645308	0.0005170880828135052
55764.83694638709	0.9996349802251489	0.0005171844641052066
55764.85738041201	1.0002784699144207	0.0005171429785441693
55764.877814536456	1.0003419768666246	0.0005172120928711547
55764.89824846091	1.0003318318292143	0.0005171640808421489
55764.91868258489	0.9999593315594374	0.0005172724096703832
55764.93911660864	0.9986962464009739	0.0005170268586627855
55764.95955053216	1.0004288611859755	0.000517168745687585
55764.97998465521	0.9988632726106327	0.0005170703401093362
55765.00041867827	1.0003764729206597	0.0005172187449235512
55765.02085260086	0.9998531119999011	0.000517127777591545
55765.04128672344	1.0003245433719241	0.0005172300153740914
55765.061720745565	0.9997190139705449	0.0005171584120180365
55765.082154667456	0.9996253292691184	0.0005171048525175834
55765.10258878911	1.0011511650840517	0.0005176018383945046
55765.123022810534	0.9995624701646086	0.0005171292435967244
55765.143456831494	0.9997227453809332	0.000517082786926872
55765.16389085245	1.0007890340998047	0.0005172697863329756