56022.21416077936	0.9998801380631023	0.0005367446674153051
56022.234594925234	0.9998742871323131	0.0005368080263246241
56022.255029271226	0.9998877648733232	0.0005368255095003235
56022.27546351744	0.9998311114151878	0.0005367229185947084
56022.2958977639	0.9987751856499455	0.0005366786408926822
56022.31633201058	1.000988334688425	0.0005369599949040308
56022.336766257504	1.000544840527071	0.0005369199547648078
56022.35720060466	0.999267512181868	0.0005367472069883189
56022.37763475205	1.0007565321513885	0.0005369871397827426
56022.39806899966	0.9994939456790309	0.0005366555414740047
56022.418503347515	1.0001958358060936	0.0005368080377569503
56022.43893749548	0.999239783054513	0.0005367598062078256
56022.4593718438	1.000052375113716	0.0005367456454690151
56022.47980609235	1.0009291420630497	0.0005369705098032254
56022.50024024102	0.9996849393162395	0.0005368215798529327
56022.52067459003	0.9995659337169464	0.0005368125200327717
56022.54110873916	0.9997777451639533	0.00053691053921744
56022.56154298864	1.000108277502954	0.0005367960429544013
56022.58197733824	0.9995787673308714	0.0005367802215111827
56022.60241148807	1.0000456487520977	0.0005368480101178916
56022.62284573814	0.9999252953639539	0.0005368132186454689
56022.64328008843	1.0004236752986517	0.000536912389216161
56022.66371423896	1.0009996883759749	0.000536981132401542
56022.68414858972	0.9996736861998237	0.0005367891172507528
56022.70458284071	0.9994104407879499	0.0005367896711105292
56022.72501709194	1.000867115681778	0.0005370011514737144
56022.7454513434	1.0003024085565102	0.0005368340046374339
56022.76588559498	0.9998662056408509	0.0005369224388168949
56022.786319846906	1.0000254083722877	0.0005369149146759177
56022.80675409906	0.9999425142432596	0.0005368861405231923
56022.82718835134	1.0002117980002965	0.0005370329051388757
56022.847622703965	0.9999767265942436	0.0005368988951106609
56022.8680568567	0.9999962177368165	0.0005368713423503911
56022.888491109676	0.9992162328298257	0.0005368139597891922
56022.908925462885	1.001008879730578	0.000537035331889789
56022.92935971632	1.001071238429109	0.0005369896773531358
56022.94979386999	0.9995644582879255	0.0005368127899085254
56022.9702282239	0.9988730395065586	0.0005367731714424214
56022.990662478034	1.000118337487711	0.0005368836471766275
56023.01109683241	0.9996493062800531	0.0005368232187973794
56023.03153098701	1.00077273412899	0.0005368887871801402
56023.05196524173	1.0002676450759431	0.000536842179310973
56023.0723995968	0.9998178627008629	0.0005367694536950415
56023.09283375199	0.9999487179191319	0.0005368183991316983
56023.1132680074	0.9997326868922072	0.0005368012236078418
56023.13370236317	1.0011394105488796	0.000536855311961926
56023.15413651906	1.000061640489936	0.0005368357957369491
56023.17457077517	1.0009302098232467	0.000536954448587005
56023.19500503152	0.9998700540484093	0.0005368341241860693
56023.215439288106	1.0000262544083585	0.0005368879486994877
56023.23587364492	1.000796616315027	0.0005369816230577534
56023.25630780185	0.9997635051846977	0.0005368474664011363
56023.27674205913	1.0002775033872964	0.0005368541020430148
56023.29717641664	1.000058916758378	0.0005369141379129653
56023.317610574275	0.9991632118671806	0.0005367352533890535
56023.33804483226	0.9992353118484256	0.0005367215805343188
56023.35847919035	1.0004404091679964	0.0005369411941289758
56023.37891344868	0.9999193841804368	0.0005368539086498969
56023.399347707236	0.9999663691171883	0.0005367897222324321
56023.41978196603	0.9983867539105181	0.0005366680241461903
56023.44021622506	0.9977023231193085	0.0005365840107796427
56023.460650484325	0.997241571211334	0.0005365592569687432
56023.48108474381	0.9963065209780688	0.0005364230538773827
56023.501519003425	0.9966179392030111	0.0005364673309924672
56023.52195336338	0.9965459576240435	0.000536415029799286
56023.542387523456	0.9973220175093481	0.0005365679112345601
56023.56282188388	0.9965250537394202	0.0005364943542392125
56023.58325614442	0.9975933842452237	0.0005365326817253062
56023.60369030519	0.9971329264399389	0.0005364157735048913
56023.6241246662	0.9992320246304458	0.0005367983081331069
56023.64455892744	1.0004584439867548	0.000536819164474939
56023.66499308891	1.000390474825346	0.0005368985084373645
56023.6854274505	0.9988762341563548	0.0005368023247616544
56023.705861712435	1.0002338177901353	0.0005367733798560056
56023.72629587461	0.9994403789617042	0.0005367885222490176
56023.7467302369	0.9989445463498602	0.0005366908600069435
56023.76716449941	1.0005287395208133	0.0005368602519857984
56023.78759876217	0.9993822575358892	0.0005366671894894947
56023.80803302527	0.9999041028215149	0.0005368176587690852
56023.82846728837	0.9990856276197225	0.0005366985529208702
56023.84890155182	1.000465872297101	0.0005367898102789135
56023.86933581551	0.9999342732725786	0.0005367463458362956
56023.88977007942	1.0004442907841757	0.0005366613690531259
56023.93063860784	0.9996040346771509	0.0005366846175908446
56023.95107297233	0.9997194345159837	0.0005366961155175409
56023.97150713707	1.0007030229644005	0.0005367625728439603
56023.99194140203	1.000404078143945	0.000536740762282401
56024.03280993266	1.000028417348118	0.0005367775126642625
56024.05324419832	0.9998764107613797	0.000536663589585279
56024.0736785641	1.0008026913451473	0.0005367412671620749
56024.09411283023	1.0002262285567942	0.0005367509402838551
56024.11454709647	0.999253451781174	0.0005366699971882073
56024.13498136295	1.0010364608074263	0.0005368953024334961
56024.15541562966	1.000106472817644	0.0005367329198023928
56024.19628416378	0.9995067335112562	0.0005366800153268535
56024.21671843119	0.9986802962681931	0.0005364268724161078
56024.23715279871	0.9999895780606428	0.0005367048093990154
56024.25758696659	0.9996462317453151	0.0005366572627476889
56024.27802123458	0.999926451818988	0.0005367333428991755
56024.2984556028	0.9999766483411818	0.0005366530693935788
56024.31888977138	0.9998368089377643	0.0005366770569549323
56024.33932414007	0.9994015261218503	0.0005366111389493314
56024.35975840887	0.9996409368616362	0.0005367488411146828
56024.38019257803	1.000016712766335	0.0005366692506212623
56024.40062694742	1.0006987544096513	0.0005367196559871079
56024.42106121692	1.0001230762346074	0.0005366154880538702
56024.44149538666	0.9988029092546564	0.0005365878970003752
56024.46192975675	0.9998027244652018	0.0005367262761571815
56024.482364026946	0.9994352358074284	0.0005367300281582133
56024.502798297384	1.000101154623857	0.0005366789533917344
56024.52323256794	1.0001684376380162	0.0005368707168088847
56024.543666838836	1.0006589708065172	0.000536649440192773
56024.56410110997	1.0002472530192	0.0005366674812270452
56024.584535381226	1.0015816381929874	0.0005369185857452948
56024.604969652704	0.9997158389071462	0.0005365974274493145
56024.62540392442	1.0005515121934365	0.0005366861963255938
56024.645838196375	0.999473432169921	0.0005366486233921944
56024.66627256855	1.0001215665302778	0.0005367161500350493
56024.68670674097	1.0004275551871904	0.0005365986959284423
56024.7071410135	0.9996505712761891	0.0005366370207300495
56024.72757538638	1.0004711245722924	0.0005367329921130795
56024.74800965938	1.0003387784049977	0.0005366410604913533
56024.76844383261	1.0003970738089958	0.000536706393115636
56024.78887820607	1.0000128455007284	0.0005367217789410336
56024.80931247977	0.9995474068252026	0.0005366786312403783
56024.82974665358	0.9998503196780305	0.0005366161593555973