55295.20776787478	0.9997609896432618	0.0005298429273529958
55295.22820217805	1.000981974526184	0.0005299516345506686
55295.248636581484	1.0008949474319366	0.0005300390431051645
55295.269071085044	1.0006525819237244	0.0005299822351012214
55295.28950548878	0.9986711751585198	0.0005296576585680795
55295.30993979263	1.0000325342648293	0.0005299257698707202
55295.330374296645	0.9997330533955276	0.0005298765716139153
55295.350808600844	0.9991790593156296	0.0005297235453208946
55295.37124300515	1.0002617338901143	0.0005298411157823079
55295.391677509644	1.0000879875720279	0.0005297361457964453
55295.41211181425	1.0005639895104885	0.0005298712737419421
55295.43254621903	1.0002957917353803	0.0005298744860016749
55295.45298072392	1.000681173546228	0.0005299800875910366
55295.473415028995	0.9998198338582798	0.0005298283052910674
55295.49384943418	1.0003900295652641	0.0005298488377621001
55295.51428393954	1.000697510322132	0.0005298862452613889
55295.53471824508	0.9996595869622982	0.0005298312368873574
55295.55515265073	0.9993721141700981	0.0005297416315232396
55295.575587156556	1.000265822795839	0.0005298213571091234
55295.5960214625	0.9998793003068253	0.000529800359384358
55295.616455868614	1.0008090504523661	0.0005298853105701451
55295.65732478126	1.0017470327082414	0.0005300567950148477
55295.67775908779	0.9995865334732155	0.0005297987319701932
55295.698193594544	0.9990619091522588	0.0005296771335938129
55295.71862800136	0.9999375597797824	0.0005297583990845653
55295.73906230835	0.9997258769371317	0.0005298028818861662
55295.75949681552	1.0026672715284504	0.0005302214280989502
55295.77993122274	0.9987270402942204	0.0005296951384355894
55295.8003655302	0.9996997737065465	0.0005296767650926805
55295.82080003777	0.9997625496828255	0.0005296929531954535
55296.00470961262	0.9995059307137447	0.0005297075219357837
55296.02514412165	0.9997682086587838	0.0005297941456468907
55296.04557853085	0.9998342559950233	0.000529730320644915
55296.06601284017	0.9989530633573538	0.0005296224914228733
55296.08644734973	0.9990423708858227	0.0005297082744216463
55296.10688175933	0.999185638573521	0.0005296760245741427
55296.12731606912	0.9999716922895509	0.0005297896230595555
55296.147750579024	0.9993642036601651	0.0005296108055500023
55296.168184989096	0.9992771344068365	0.0005297255634163546
55296.18861929929	1.0004559056006597	0.0005297201777045231
55296.20905380966	1.0002580789157816	0.0005297796764509083
55296.22948812014	1.0011520429837089	0.0005298951191092923
55296.2499225308	1.000037351598642	0.0005297709005541233
55296.270357041634	0.9997531620734167	0.0005297532103169706
55296.29079135253	0.999050396374701	0.0005296905217498746
55296.311225763646	0.999952220224578	0.000529708730581744
55296.33166027489	1.000739021726689	0.0005298002532359671
55296.35209468624	1.000513472233894	0.0005298514218562487
55296.372528997774	0.9993129012580283	0.0005295716504669813
55296.392963509425	1.000931694020178	0.0005298016981045014
55296.41339792124	0.9983674518707062	0.0005294959192062223
55296.43383223318	0.9967612113216402	0.0005292700434593762
55296.45426674524	0.9969321302454259	0.000529291370095327
55296.474701157524	0.9972880374204427	0.0005293747792511867
55296.49513546987	0.9962916993657576	0.0005292444598325129
55296.515569882395	0.9967967899892962	0.0005292411465620422
55296.536004395086	0.9972156875690379	0.0005293286238187967
55296.5564387079	0.9971737023387964	0.0005292720303904825
55296.57687312083	0.9967890561283226	0.0005292252317023708
55296.59730763393	0.9977476515619076	0.0005294114650298218
55296.61774194721	1.0006082026615106	0.0005297815632792763
55296.638176360604	0.9992842909099448	0.0005295910003182708
55296.65861087411	1.00072624566801	0.000529890375666671
55296.6790451878	0.9999599861150937	0.0005296991394883776
55296.6994796016	0.999367756855469	0.0005295896186738073
55296.71991411557	0.9994362762091317	0.000529688027522591
55296.74034852967	0.9998108164020937	0.0005296316462507291
55296.76078284388	1.000808383640434	0.0005297698516422893
55296.781217358315	1.0001117402735051	0.0005296732957871236
55296.80165177282	1.0000030536960847	0.0005296776351407909
55296.84252060228	1.0010459799950595	0.0005298180964809595
55296.86295501725	0.9991591297869096	0.0005295576181617623
55296.88338933233	0.9989060346247224	0.0005294918787337204
55296.903823847584	0.9999499693129166	0.000529662643629848
55296.92425826296	0.9996882093373778	0.0005295798006650919
55296.94469257851	0.9999865325674103	0.0005296401773923994
55296.96512709417	0.9998036343326125	0.000529587122916704
55296.98556150995	0.9980962779711863	0.0005294785655026121
55297.00599582591	1.0000138818084277	0.0005296293715489314
55297.026430341975	0.9995575693616575	0.0005295724663477333
55297.04686465822	0.9997325246032308	0.0005295866807894232
55297.06729907459	1.0005887764602261	0.0005297004667049872
55297.08773349112	1.0000074166246014	0.000529611833848639
55297.10816800778	1.0001958298126206	0.0005297165710350897
55297.12860232455	0.9998365900830127	0.0005296499496385505
55297.14903674149	0.9998968703386657	0.0005295825887144189
55297.16947125855	1.000112133375827	0.000529704482470991
55297.18990557579	1.0005452386917204	0.0005296068899561953
55297.21033999314	0.9998587640834551	0.0005296225911496773
55297.23077451064	1.000043630158795	0.000529638141667777
55297.25120882825	1.0008734766388154	0.0005296974630984192
55297.27164324604	1.0002642459777147	0.0005296585234845573
55297.292077763945	0.9990809160853377	0.000529534274651137
55297.312512082	0.9998324079146663	0.0005295907182098714
55297.33294650022	1.0000994542608057	0.0005296529376235243
55297.35338101856	1.0005504216333068	0.0005296582548495534
55297.37381543702	1.0001328675844223	0.0005296540141733488
55297.39424975565	0.9996975092759252	0.0005296160913330154
55297.4146842744	1.000410960058052	0.0005296071195657025
55297.43511869327	1.000318462296358	0.0005296378646358999
55297.4555530123	1.0006214590293963	0.0005297406083454507
55297.47598753149	1.0002701894259463	0.0005297227471548222
55297.4964219508	0.999635672500403	0.0005295822455622431
55297.51685627024	0.9998251928701687	0.000529563922076478
55297.537290789835	0.9996304605306192	0.0005295848641148501
55297.557725209575	1.0004486927039815	0.000529671051023028
55297.578159529425	1.0002770867497794	0.0005296171530615673
55297.59859404943	0.9995136363430469	0.0005296478602882915
55297.61902846958	1.0001998976597948	0.0005295544502544854
55297.63946278983	1.0007178526936333	0.0005296651378901466
55297.68033173083	0.9997194495328582	0.000529560722806333
55297.70076615152	1.000012225387275	0.0005295876503628062
55297.72120057234	0.9994169219059021	0.0005294932355451232
55297.741634993334	1.0006709318956448	0.0005296555116037963
55297.762069314434	0.9997932368091225	0.0005295311313882846
55297.78250373569	0.9995439981250088	0.0005294439985494731
55297.80293825706	1.0002466088365054	0.0005296472718433416
55297.82337257857	1.001235168727847	0.0005297403611706802