54983.63879894539	1.0008285064172429	0.000516979856643742
54983.65923346356	0.9998414925488691	0.0005167866036777524
54983.67966778149	1.0000827244522288	0.0005167734377716804
54983.70010219919	1.0014960306135277	0.0005169507993393596
54983.72053671689	1.0005059710263007	0.0005167639312684973
54983.740971134364	0.9995524247425109	0.0005167169375617839
54983.76140545183	0.999907564917737	0.0005167550765401321
54983.781839869065	1.0003106162512934	0.000516771325028436
54983.802274386304	1.000395486827385	0.0005167639799452486
54983.8227087033	0.9998036268040877	0.0005167084409096882
54983.84314312007	1.0006329707893316	0.0005168330589893007
54983.86357763685	1.000591520204151	0.0005167995138178311
54983.88401195338	0.9993863868962299	0.0005165926849001277
54983.904446369685	1.0003368764307479	0.0005168909413459488
54983.92488078599	0.999699184829261	0.0005166609939445246
54983.94531520229	0.9992788697159172	0.0005166654680113479
54983.965749618364	0.9995055808340365	0.0005166486001938933
54983.986184034206	1.0000220567509293	0.0005167008674912017
54984.00661834981	0.9992575949130774	0.0005165453152324905
54984.02705286565	0.999358979306004	0.0005164843425814696
54984.04748728102	1.0000845143908625	0.0005166880157573189
54984.08835611153	1.0007211589597265	0.0005166518960369786
54984.108790526676	0.9999788604326537	0.0005165139402227567
54984.12922484158	0.9992346104165837	0.0005164414460440936
54984.149659256254	1.0003574935481538	0.0005166511446860046
54984.17009377093	0.9988674237545603	0.000516364851765808
54984.1905280856	1.0001356634325624	0.0005164723600964995
54984.21096249981	0.9999593850291955	0.0005166219728699872
54984.23139701426	1.0005075981614409	0.0005166439967337684
54984.25183142823	0.9984116362560668	0.0005163714205264979
54984.272265742205	1.0003083990038846	0.0005165028755145296
54984.292700156184	1.0006179755419236	0.0005165745126850619
54984.31313466969	1.0002264514084516	0.0005164396703162607
54984.333568983435	1.0007425794831526	0.0005166230327035523
54984.354003396715	0.9989389868068888	0.0005161685064924447
54984.37443790999	0.9992179814695195	0.0005163160586309156
54984.39487222327	1.001068539206903	0.0005162747563922731
54984.41530663608	0.9996920700080988	0.0005161052764048732
54984.43574104912	1.0001312275042034	0.0005159981903156748
54984.4561754617	0.9987035403568761	0.0005159406429325286
54984.476609874284	0.999306699560779	0.0005159233334852194
54984.49704428686	0.9994184451333162	0.0005161476272866589
54984.51747869921	0.9997603746510182	0.0005160394165685318
54984.53791311132	1.001383116283015	0.0005160677350564183
54984.5583475232	1.0005177578838984	0.0005157412040049285
54984.57878193508	0.9998552333563324	0.0005160729237024223
54984.599216446964	1.0001879028093195	0.0005161863070381069
54984.61965075861	1.0009911527849666	0.0005164018003576323
54984.640085170024	0.9997115866425459	0.0005160226096185376
54984.68095399262	0.9998697032080188	0.0005165049228712579
54984.70138840357	1.0000694560586685	0.000516536719919751
54984.72182281452	0.9990042076052073	0.0005162732513380765
54984.74225722523	1.00013987008763	0.0005164957017508799
54984.76269163595	1.000367047400585	0.0005162161369795004
54984.78312604644	1.000504599110222	0.0005164119893859673
54984.80356035668	0.9992139658724596	0.0005162483068900586
54984.823994866936	0.998649409592356	0.0005163166082968973
54984.844429276956	0.9995942164476669	0.0005162816760173834
54984.864863586976	0.9972587493849054	0.0005162446706537988
54984.88529809676	0.9968774766103515	0.000515875042571164
54984.905732506544	0.9964394283945082	0.0005159464392702915
54984.92616681586	0.9963580975391552	0.0005160676081524714
54984.94660122541	0.9966433738213606	0.0005160517505958473
54984.9670357345	0.9969693136526937	0.0005160478141671147
54984.987470143584	0.9970768231257011	0.0005160806626629618
54985.00790445267	0.9966268585329713	0.0005160512700386954
54985.028338961296	0.9977050912488148	0.0005161674171225312
54985.048773370145	1.0003618156014344	0.0005164671759150918
54985.069207678534	1.0001354415532349	0.0005165394732464176
54985.089642086925	1.0003642245790143	0.0005164945012149995
54985.11007659531	0.9996206044058625	0.0005164723049054887
54985.13051090323	0.9995990795725542	0.0005164507306674466
54985.15094531116	0.9995819529406652	0.0005165231754448219
54985.171379719075	1.0003536712961087	0.0005165076874464159
54985.19181412677	0.9995537713559208	0.000516543732726368
54985.212248534226	0.9999456073805056	0.0005164824424996751
54985.232682941685	1.000566422701701	0.0005166037836171735
54985.253117448905	1.0001389414983841	0.0005165775003263055
54985.27355175613	1.0005442045384858	0.0005165432207111403
54985.31442046988	1.0011915683677473	0.0005166193675516655
54985.334854976405	0.9996930900646585	0.0005165167040187338
54985.35528938293	0.9996438448032183	0.0005164696898750661
54985.37572368945	1.000234279377583	0.000516565366649012
54985.39615819575	1.0001808127839362	0.000516543792833255
54985.4165926018	1.0000856470794832	0.0005165081663172069
54985.43702700763	1.0002725738467197	0.0005165597589720764
54985.45746131346	1.000087050293962	0.0005164865648303541
54985.47789581929	1.0002185649730235	0.0005164600307467856
54985.49833022488	0.9991675367578998	0.0005163749464441625
54985.51876453024	0.9996327477292715	0.0005164453004724564
54985.53919903537	0.9999975447680876	0.0005164143391342013
54985.5596334405	0.999230256145581	0.0005162514999051237
54985.580067745395	0.9999844664006876	0.0005165114076126729
54985.60050215029	1.0009124119594623	0.0005164366007251127
54985.62093665495	1.0003092991961633	0.0005165571369816007
54985.641370959616	1.0008849215970652	0.0005164734309507568
54985.68223976824	0.9998425207424377	0.0005164031132687326
54985.70267417221	0.9996508582105605	0.0005164002573080925
54985.86614939996	1.0002180885549528	0.0005164046850701349
54985.88658370276	0.9995649175691688	0.0005164369519089756
54985.907018205326	0.9989016214713888	0.0005163659828520324
54986.131796624955	0.9993824463519021	0.0005160264992001744
54986.152230925894	0.9997639650808848	0.0005159642986940216
54986.172665326594	1.0008708496332854	0.0005162436752583129
54986.1930997273	0.9998560755587893	0.0005160204663652127
54986.213534227776	1.0004218743993984	0.0005162155026723706
54986.23396862801	1.0005451297275305	0.0005160766038961248