55243.28468389492	0.999084075717616	0.0005558808745124598
55243.30511754789	0.9999578318942154	0.0005558913517687591
55243.325551301205	0.9998391794138758	0.0005558180173746849
55243.345985154876	1.0000930177893355	0.0005558344976734705
55243.366418909005	0.9994148703350606	0.0005558100447115134
55243.38685256326	1.000178876200341	0.0005558578526805283
55243.407286417976	0.9997039845664868	0.0005558235927928339
55243.427720173044	1.0007023564561246	0.0005559928572408549
55243.448153828336	1.0000270722006355	0.0005558860394989193
55243.4685876841	0.99987195452749	0.0005558858198605926
55243.489021440095	1.000199146296601	0.0005559068560268961
55243.50945509644	0.9985826326327789	0.0005557673243423853
55243.52988895314	0.9990611996714818	0.0005557358380390171
55243.55032271007	0.9990382536683255	0.0005557068133512201
55243.57075636746	1.0002414653524927	0.0005559367608344723
55243.59119012509	0.9987813173634256	0.0005556904857354402
55243.611623983175	1.0004684097295564	0.0005559065315720871
55243.6320577415	0.9997394395784566	0.0005558002235695957
55243.65249140018	1.0011444852092066	0.0005558442009230281
55243.6729252592	1.000103824074391	0.0005557746555146054
55243.693359018456	1.000191751338594	0.000555794167228961
55243.71379267818	0.9995012020358962	0.0005557215801289908
55243.73422653813	0.9995095519782187	0.0005557375768569046
55243.754660198436	0.999677056423364	0.0005557440960210196
55243.77509395909	0.9995268264270019	0.0005556640866939106
55243.79552782009	1.0003649878444696	0.0005559086292779827
55243.81596148144	1.0008808774744198	0.0005559331670943286
55243.83639524315	1.0000973812951732	0.0005558610409743639
55243.856829105076	1.0000290436062527	0.0005557844900884132
55243.87726276748	0.9997935727560463	0.0005557291485217774
55243.89769653011	1.0002030760807377	0.0005558191827190576
55243.91813039309	1.0004203130946094	0.0005557915876603744
55243.93856405642	1.0006395270447948	0.0005557945980088648
55243.958997820104	1.0013723783418744	0.0005560114042851798
55243.97943168401	1.0001345120736314	0.0005558178072459799
55243.99986534839	1.0004090779642916	0.0005558087521518358
55244.020299113006	1.0005159337409855	0.0005558959156179663
55244.04073287797	1.0000810178004131	0.0005557985362537912
55244.061166743275	1.0009814661150809	0.0005558437081078864
55244.081600408936	0.9988796537396946	0.0005556065007520852
55244.10203417482	1.0000317916263644	0.0005557266210844459
55244.12246804118	1.000431029872629	0.0005557526926723102
55244.16333547472	1.0007258735380498	0.0005557850549792826
55244.18376934212	1.000120775355865	0.0005557634957272494
55244.20420300976	1.0008866921625263	0.000555772155492814
55244.224636777624	0.9997218729261442	0.0005556299889623857
55244.245070645964	0.9999313753373754	0.0005558330894872333
55244.265504314535	1.0007795208786623	0.0005558292652342352
55244.28593808357	0.9998372637481014	0.0005557013711923119
55244.306371952836	0.9993666717076858	0.0005556284424713462
55244.326805622455	0.9998233217139508	0.0005556319161698252
55244.3472393923	1.0002745118720135	0.0005558082085267425
55244.36767316262	1.0006019004507436	0.0005558403377827947
55244.38810703317	1.0006754008431664	0.0005558350184341929
55244.408540704186	1.0003930867421467	0.0005557944814006653
55244.42897447543	1.000391090421316	0.0005558017722390376
55244.44940834703	0.9998159525515605	0.0005556870175124026
55244.490275791264	0.9986080367158128	0.0005554379141338517
55244.510709563794	0.9965429254560831	0.0005552837975072243
55244.53114333667	0.9973082704161389	0.0005554180002849268
55244.55157711001	0.9959014642277363	0.0005551436293507717
55244.57201088359	0.9961818608255395	0.0005551705782465966
55244.59244465751	0.9961035484880874	0.0005551766245014632
55244.61287843167	0.9956779781689096	0.0005551486635210726
55244.63331220629	0.996245962883286	0.0005552326621487667
55244.65374598115	0.996758104608557	0.0005552591477831302
55244.67417975647	0.9985609737310011	0.0005554961935735662
55244.694613532025	1.0002082281506008	0.0005557160734189732
55244.715047307924	1.0007665566663733	0.0005557396537142024
55244.73548108406	0.9997532560905443	0.0005556215245434766
55244.755914760666	0.9992421686865927	0.0005554937498562384
55244.776348637504	0.9998044048115654	0.0005555851763867681
55244.7967824148	0.9996378489405822	0.0005555557688105443
55244.817216092335	0.9999141108118602	0.0005555490254331208
55244.83764997021	0.9998019264737795	0.0005555524030755769
55244.85808374833	0.9998975074550395	0.0005556041656419786
55244.878517526915	1.000659208432506	0.0005555601209830658
55244.89895130585	1.0001863413678802	0.0005555693363047298
55244.919385085006	0.9988530254072524	0.0005553732712307464
55244.93981886452	0.9997685509009386	0.0005554519238584624
55244.96025264438	1.0007202847249852	0.0005556850057366268
55244.98068642459	0.9998971380002344	0.0005555790315179042
55245.00112020504	0.9998896312503013	0.000555529566650187
55245.02155398595	1.000575450389207	0.0005556080117332925
55245.04198776709	1.000298205246393	0.0005555515584560148
55245.06242154858	0.9995821695333134	0.0005554883828570313
55245.08285543042	0.999360857091445	0.0005553590359823344
55245.10328911261	1.0000743552783218	0.0005555120999596477
55245.12372289515	0.9992723957108554	0.0005554780558901569
55245.16459046104	1.0001577821158467	0.0005555687948905385
55245.18502424463	1.00044508309169	0.0005556569686507964
55245.20545802833	1.0000368611833925	0.000555577831428657
55245.2258918125	1.0005508256400295	0.0005556356871293172
55245.24632559702	0.9998646816403469	0.0005554787798761722
55245.266759381775	0.9997471648393924	0.0005555357903107545
55245.28719316699	1.0007648323544256	0.0005555944978020754
55245.30762695244	1.0002069732094345	0.0005556247350184486
55245.32806073823	0.9999818373779794	0.00055538011201591
55245.34849452427	1.0001695244331614	0.0005555306594541075
55245.36892831077	0.9992168550722677	0.0005553983249577276
55245.3893619975	0.9989477001441829	0.0005552974261340363
55245.40979588469	0.999013245037181	0.0005553728590518445
55245.43022967212	0.9991953020894024	0.0005554095095574676
55245.450663359894	0.9998727451559941	0.0005555365844511195
55245.49153103639	0.9997345436132635	0.0005554279694366956
55245.5119647251	1.0000337606695078	0.0005554351809495251
55245.53239851427	0.9997503626469272	0.0005553991190043756
55245.55283240368	0.9992621895738698	0.0005553833968436456
55245.573266193314	0.9993546256633499	0.0005553930224081914
55245.59369988342	0.999986628811421	0.000555391712783593
55245.61413377388	0.9995734289518119	0.0005554576027712514
55245.634567564564	0.9998597289984434	0.000555477308779757
55245.6550012556	0.9994160862790582	0.0005554340487496594
55245.67543514699	1.000337022985871	0.0005554852589805995
55245.695868938725	0.9997702061457997	0.0005553680386552918
55245.716302630695	1.0007657459012698	0.0005555134049909831
55245.73673652313	1.000235746459392	0.0005555237572911794
55245.757170315796	1.0004776874656447	0.0005555149602652324
55245.777604008814	1.0007765709216736	0.000555504918724895
55245.79803790218	1.0014931212310647	0.0005560753156812173
55245.81847169589	0.9998532255769	0.0005554019192588451
55245.83890538996	0.9999002408640997	0.0005552863294630061
55245.85933928426	1.0000779297324773	0.0005554858556704623
55245.8797730789	0.9999824174393906	0.0005554366770550432