56281.864900543966	0.9989251312919597	0.0005559706488864275
56281.885333345395	0.9993948845703219	0.000556044860722157
56281.905765946976	1.0006807136352118	0.000556132954976548
56281.92619874865	0.9989965677946675	0.0005560543216489958
56281.94663135047	1.0013194463417894	0.000556285163190817
56281.9670640524	0.9995219574449893	0.0005560008754894087
56281.987496854454	1.0005821624642866	0.0005561310815316812
56282.00792945663	1.0001351993032497	0.0005561020896338353
56282.02836215894	0.9998901223756835	0.0005559755460456717
56282.04879496136	0.9996481370130175	0.0005560888533703158
56282.069227563916	1.0006854265897676	0.0005560631762378623
56282.08966026659	1.0004645200699152	0.0005561605802564966
56282.11009306937	1.0000481206642235	0.0005560486969762951
56282.13052567229	1.0000925359867563	0.0005560879084430748
56282.17139117849	0.9991681120137763	0.0005559445087194502
56282.191823881774	1.0000727994243461	0.0005560680130766591
56282.212256585204	0.9995024397451677	0.0005559763993671215
56282.23268928873	0.9998257203512855	0.0005560929005750266
56282.25312199239	1.0004135043828728	0.0005560652184875129
56282.273554796186	1.001132640013053	0.0005561825624226461
56282.29398740007	0.9999665197226574	0.0005561185125258669
56282.314420104114	1.0006949019949303	0.0005561497296797884
56282.33485290827	1.000295466898538	0.0005561369594133476
56282.35528551254	1.000239933300001	0.0005560300212942856
56282.37571831696	1.0000708463170669	0.0005561054269226102
56282.396151021494	0.9993549754882135	0.0005560986730067612
56282.41658362614	0.9994039000934982	0.0005560823178568907
56282.43701643094	1.0000760676802534	0.0005560819554801463
56282.457449135836	1.0009139622870047	0.0005561783953298822
56282.49831454602	0.9995249668012545	0.0005561036827242253
56282.51874725131	1.0000589080099562	0.0005561880785497426
56282.539179956715	0.9998718074124175	0.000556149167040261
56282.55961266224	1.000700010093319	0.000556227362966531
56282.58004536791	1.000546301479346	0.0005562147588963358
56282.60047807369	0.9994504902354211	0.0005561284574922043
56282.62091077961	1.0001023827601108	0.0005562271193220342
56282.641343485644	0.9991475538517102	0.0005561240387579453
56282.66177619182	0.9997279254641752	0.0005562371219382229
56282.68220889811	0.9999548730553961	0.0005562523720814635
56282.70264160454	1.0003490104772306	0.0005561566387909042
56282.72307431108	0.999949302201216	0.000556243450789373
56282.74350701774	0.9998036503040113	0.0005562805072543864
56282.76393982454	1.000070866264085	0.0005562537260865977
56282.80480513853	1.0017273284708952	0.0005563359958106653
56282.82523794571	0.9993799891433454	0.0005562446662182029
56282.845670653005	0.9994001231694465	0.0005561796276547357
56282.86610326045	1.0004276453289638	0.0005562698590707611
56282.88653606801	0.9992289490092076	0.0005562612958024269
56282.906968775715	1.0002163366602386	0.0005563313251258653
56282.92740138354	0.999764286174427	0.0005562494019753243
56282.94783419148	1.0002546273316477	0.0005563552126016824
56282.96826689956	0.9991885699960243	0.0005562829350974774
56282.98869970776	0.9992044203374194	0.0005562168706376501
56283.00913231609	1.0006827492856638	0.0005563458750516672
56283.02956502455	1.0002013103091136	0.0005563342134912649
56283.04999783315	0.9994373187393331	0.0005562989024112199
56283.070430441876	0.9978593725309657	0.0005561025451744617
56283.09086315071	0.9969546511273029	0.0005559567671111331
56283.11129595969	0.9964774446787236	0.0005559975526184641
56283.1317285688	0.9967177585501616	0.0005559336361914403
56283.15216137802	0.9965338996267847	0.0005559980908554401
56283.17259408739	0.9965334389554724	0.0005559872256157792
56283.1930266969	0.9962161729584483	0.0005559575502639185
56283.21345950652	0.9961387704266046	0.0005559104173764526
56283.23389221627	0.9971167678787283	0.0005561122214438671
56283.25432482615	0.9976719143499643	0.0005561440207865596
56283.27475763617	0.999052891902713	0.0005563399022130539
56283.295190246325	0.9997000306290493	0.0005563083962690716
56283.315622956594	1.0001821299878788	0.0005564275213235673
56283.33605576699	1.0001132639726802	0.0005563441017602819
56283.35648847753	0.9999521736711152	0.0005564012737210806
56283.37692118819	0.9998478155535315	0.0005563359320977189
56283.397353898996	0.9990627384309689	0.0005563143173654834
56283.41778660992	1.0003997452688886	0.0005564591454985618
56283.45865203217	1.0008335003549367	0.0005565208234122653
56283.4790847435	0.9996249163931825	0.0005564184646167085
56283.519950166534	1.0003751092167592	0.000556507998578253
56283.540382878244	1.0002921650042251	0.0005565364448071215
56283.56081569008	0.9997361575048644	0.0005564469741827191
56283.58124830206	0.9999262313721368	0.0005564847801525582
56283.60168111418	1.000120313582233	0.0005564857238859476
56283.62211382641	1.0002891110096455	0.0005565479491539423
56283.6425464388	0.9993568845908708	0.000556340651500968
56283.66297925131	1.0003951719250672	0.0005564810719590075
56283.683411963946	0.9999704718656046	0.0005564841857007583
56283.70384457673	0.9993425310863309	0.0005563995903338894
56283.72427738962	1.0005648146176855	0.0005564666053824433
56283.74471010266	0.9993107907287794	0.0005564202399677151
56283.76514291583	0.9998397206998076	0.0005564676502816993
56283.78557552914	1.000824411865142	0.0005566237913609344
56283.80600824257	0.998098524487609	0.0005563083579877998
56283.826440956145	1.000219585265383	0.0005565019019359352
56283.84687366985	0.9993544735652821	0.0005563746955450954
56283.867306383676	1.0010360341823976	0.0005564820205369195
56283.887739097656	1.0002827721984193	0.0005565110128407078
56283.90817181177	1.0000311266098656	0.0005564110807492519
56283.92860452599	0.9998557483962586	0.0005563117526459131
56283.94903724036	1.0002321298532422	0.000556353289246052
56283.96946995488	1.0001973984700303	0.0005563644979342267
56283.98990276951	0.9994465300359189	0.0005562715502831086
56284.01033548429	0.9983406656791987	0.0005562402284022567
56284.03076809921	1.0002543535727273	0.0005564088553276884
56284.05120091425	1.000849795498976	0.000556323714492707
56284.071633629406	1.001036540059384	0.000556504204744675
56284.09206624473	0.9993536872996437	0.0005562829830345854
56284.11249906018	0.9997176575786348	0.0005563077478526028
56284.13293177575	0.9993072538358819	0.0005563748543470759
56284.15336439149	0.9994787053428155	0.0005562828958430255
56284.17379720731	1.0002251908779436	0.0005563813275577344
56284.19422992331	0.999713710599281	0.0005563213547699638
56284.214662739425	0.999321089838312	0.0005563591400146757
56284.23509535572	1.001323464976214	0.0005564882054347007
56284.2555280721	0.9995610132857938	0.0005564044847797291
56284.27596088862	1.0012428995321647	0.0005564162372994501
56284.29639350529	0.9998892556486815	0.0005563286526079149
56284.31682622211	1.0002490736920677	0.0005564194645198574
56284.337259039035	1.0007769631787655	0.0005564735410884523
56284.357691656114	0.999561092268136	0.0005563333010867596
56284.37812447331	0.9991505558195661	0.0005562767197398938
56284.398557190674	0.99994191110539	0.000556370924125823
56284.41898980816	1.000105629907314	0.0005563741313377638
56284.439422625794	1.0004681567761355	0.000556427990046092
56284.459855343535	1.0008768402480634	0.0005564505527645627