55003.664427205294	0.9998234722525279	0.00032881150410004695
55003.68486144592	1.000179275305543	0.0003279900768114003
55003.70529588633	1.0004425919500837	0.00032521416413166745
55003.7257302265	0.9998381180706082	0.0003260751644642145
55003.74616446643	0.999892085151486	0.0003243827847887981
55003.76659890637	1.000440052323912	0.00032496542771376916
55003.78703324584	1.0005847491049713	0.0003303712764879858
55003.80746748507	0.9993900313218471	0.0003261875159713211
55003.82790182431	1.0002464689557193	0.00032672321484048287
55003.84833626332	1.000073256092446	0.0003274840449086344
55003.868770502086	0.9998993198669766	0.0003271286899200823
55003.889204840394	0.9995480503526009	0.000334031930395876
55003.9096392787	1.000214685087942	0.00032459288582844224
55003.930073617004	0.9997400175102049	0.0003336543200461268
55003.95050785485	0.9994622450703585	0.00032589278211463075
55003.970942192456	0.9996354271714725	0.00032817516208617786
55003.99137662983	1.000077600086747	0.00032564877132206183
55004.0118108672	0.999829426186619	0.0003366498412475051
55004.032245204115	1.0004371565758245	0.0003264473262426761
55004.05267964102	1.0000736376631951	0.00033275101511128863
55004.0731138777	0.9993520191047711	0.0003392613728507029
55004.09354821391	1.0000715867952283	0.0003525401766785159
55004.113982550116	1.0000405704795203	0.0003354040111010679
55004.15485122184	1.0000008070974213	0.00032965839488514247
55004.17528555758	1.0003948530357738	0.0003252708668083655
55004.195719892865	0.9993976925351069	0.00033139966363813833
55004.216154227914	1.0001841762930277	0.000325093638324292
55004.25702279754	1.0004026971722135	0.0003245401812112676
55004.27745723212	1.0003204450419534	0.0003428876326429246
55004.29789156623	1.0002591243252015	0.0003268497379262891
55004.31832580035	1.0000554890040991	0.00034500905399304513
55004.33876023423	0.9994083257962392	0.00032448759966140683
55004.35919456788	1.0002526572411345	0.00034509530213957867
55004.3796289013	1.0005849649970415	0.00032736608400073215
55004.40006313448	1.0000111303768122	0.0003497030536362709
55004.42049756743	1.000015369195617	0.00032946132626126683
55004.44093190038	0.999731237641736	0.0003433408259066244
55004.46136613287	0.9994490717758984	0.0003245725011732319
55004.48180056512	1.0001503524479858	0.0003249145078045473
55004.50223489737	0.999953458743007	0.0003244878682242506
55004.522669129394	0.9998130957418904	0.00032621558973219486
55004.54310346095	1.0001192483980055	0.00032450791586695793
55004.5635378925	1.0003533101421545	0.0003437042221433
55004.58397212382	1.0001733558517467	0.00032514107293512076
55004.604406454906	1.0000416643664165	0.0003343443006630208
55004.624840885765	1.0004541717922049	0.00032654674542623407
55004.64527511639	1.0002528262561081	0.0003268900698701342
55004.66570944678	1.000593089039337	0.0003336928437752253
55004.68614377693	1.0005637953448137	0.00033560294372558737
55004.70657820709	0.9998955422835154	0.00032508879034293185
55004.72701243678	0.9997187623031502	0.0003568984593829545
55004.74744676647	0.9998489846945527	0.00032971378315306847
55004.7678811957	0.9999537385020459	0.000351481085032342
55004.78831542493	0.9993180406807489	0.00033131160167340054
55004.808749753916	0.9994822057585391	0.000326449009135677
55004.829183982445	0.999929567785674	0.00032571315383368954
55004.84961841097	1.000115808381953	0.000326994520551669
55004.870052739265	1.000294628537324	0.00032514536110075286
55004.89048706733	1.0000498229940775	0.00032601471875951817
55004.91092139539	1.0001341995424178	0.0003262047002898824
55004.93135572298	1.00013873634631	0.00032554262965706424
55004.97222427748	1.0006339486805331	0.0003305342185126977
55004.99265870461	0.9996257563093398	0.0003344198663301992
55005.03352725794	1.0000747750445322	0.0003401271453305165
55005.053961684134	0.9998636607806941	0.0003249956488833683
55005.074396010335	1.0000312565674694	0.00032708714849013614
55005.094830236296	0.9995283268762736	0.0003247009147778965
55005.11526456203	0.9999359548420889	0.00032543495579127744
55005.135698987535	0.9996635732612953	0.00032762043532659046
55005.1561333128	0.9996900539890945	0.00032471667533136197
55005.176567537834	0.9996497066600142	0.0003339159034896113
55005.19700196264	1.0001360933180754	0.00032807200014197167
55005.2174362872	1.0006596444911975	0.00034635343004854564
55005.23787051177	1.000212660522084	0.0003273496204461604
55005.25830483588	0.9990561295678317	0.0003546546087599576
55005.278739259746	0.9991310062970236	0.0003278952254768639
55005.29917348362	0.9995706805571941	0.00035690605538995677
55005.31960780726	0.9989939075394538	0.0003281831856159797
55005.340042230426	0.9992143097411175	0.0003497617866756071
55005.3604764536	0.999204238000452	0.00032622143618378464
55005.38091077654	0.9990017055324459	0.000329529335674549
55005.40134509925	0.9988591935054607	0.0003276367158616198
55005.421779421486	0.9993884591849632	0.00032482046227377137
55005.44221374373	0.9987449664277552	0.0003257758825613652
55005.462648065964	0.9992360608157329	0.0003271283519119403
55005.48308248774	0.9994749853998783	0.0003326889590435258
55005.50351670929	0.9993852492452604	0.00032571683747959726
55005.5239510306	0.9991047971914326	0.000343690081296151
55005.54438525167	1.0003089061974753	0.0003250823292773423
55005.56481967275	0.9994229870796512	0.00032761725488153227
55005.585253993355	0.9997983893928646	0.0003299009632328498
55005.626122634116	0.9998842173487623	0.00033233922292893076
55005.64655695426	1.000156172381858	0.0003322830318824798
55005.66699127417	0.999874315709941	0.0003279784528679489
55005.68742549362	1.0002171673317197	0.00033104612016393153
55005.72829423228	0.9998946167603858	0.0003271465773087831
55005.74872845126	0.9997898391335934	0.00033462389334671
55005.76916287001	0.999907567497536	0.0003297395825177376
55005.78959718852	1.0006662196019984	0.0003524149041393464
55005.81003140681	1.0001137205336619	0.0003322919751216251
55005.83046572509	0.9992250152217417	0.000350260352647135
55005.850900142905	1.0003849088343488	0.00032829908752087607
55005.87133436049	0.999583127257067	0.0003272820649208461
55005.89176867808	0.9995595395239595	0.0003251846593058913
55005.91220309519	0.9997934281922308	0.000329801110874149
55005.93263731231	1.000603700787265	0.0003256912397916387
55005.95307162897	1.0001815982414506	0.0003377321545834149
55005.973505945614	1.0000865558732976	0.0003280370191843512
55005.99394036204	0.9997620059646639	0.00034314896841654513
55006.01437457799	0.9999720847221203	0.0003252814531317185
55006.03480889394	1.0001559465415306	0.0003432493898510263
55006.05524330967	1.0002865541107737	0.00032526772678128176
55006.07567752516	0.9993179029393562	0.0003401271817543201
55006.09611184041	1.0001536089562602	0.00032507524509995945
55006.116546155434	0.9995088514608713	0.00032549268319505455
55006.136980470226	1.0000599030991344	0.0003265707703967087
55006.177849099106	1.0000274397719187	0.0003260109914514163
55006.19828341343	1.0002062658208062	0.00036548999452771825
55006.218717727286	1.0004203036345087	0.000325331485273077
55006.25958625454	1.0003527312741933	0.0003364935565894842
55006.2800206677	1.000087993895497	0.00035997462586578747
55006.30045498086	1.0002908400536925	0.00033130558525218715
55006.32088919356	1.0000451538259496	0.00033157207669632803
55006.34132360625	1.0004931889767765	0.0003250268998178287
55006.36175791871	0.9995804672403082	0.00032739415302713757
55006.38219213071	0.9995905253577448	0.00032767128774341376
55006.4026264427	0.9995661691209693	0.0003253805487871498
55006.42306085447	1.0000596390037084	0.0003293311705999441
55006.443495066	0.9997492151962869	0.00032488356158753053
55006.46392937729	1.0001380316959243	0.0003566390066655824
55006.48436378836	0.9999303006255542	0.0003247761205673109
55006.504798099195	1.0000751434372015	0.00035560266676271454
55006.52523230979	0.9997665924570946	0.0003248027259432579
55006.54566662016	1.0001534505106102	0.0003271562324697365
55006.566101030294	1.0000456265514825	0.00032692327586078253
55006.58653524019	0.9998180916063228	0.0003262267034960874
55006.60696955009	0.9998880229158673	0.00032723292714941014
55006.62740395953	0.9996509762814558	0.00032595538093172573
55006.64783816873	1.000058599074512	0.0003324263306414663
55006.66827247793	1.0001416055375565	0.00032680582524327926
55006.68870678667	1.000454126978437	0.0003322313805685705
55006.7091410954	1.00017628298545	0.00032813361316383534
55006.729575403675	1.0004571019258512	0.00033840684128702276
55006.75000971195	1.0001614939075998	0.0003293252109858949
55006.77044411998	0.9999945004753352	0.0003292951417192779
55006.79087832779	0.9999784686270561	0.000324994117689835
55006.831746842465	0.999698691057834	0.00032538715590701853
55006.852181249575	1.0000830489020591	0.00032603986151275
55006.87261555645	1.000373685862109	0.000325295700409964
55006.893049763086	0.9996858533876976	0.0003395407030035057
55006.9134841695	1.0002533000824592	0.00032742292992892397
55006.933918475675	0.9994579078571083	0.0003532959431830912
55006.95435278161	1.0006099032806173	0.0003263461999776998
55006.974786987324	0.9993369796755751	0.0003504852253164464
55006.995221392805	1.0005819942095773	0.00033691805936592777
55007.015655698044	1.0000604627165135	0.0003503181378921164
55007.03608990306	0.9993911325333897	0.0003437328255954258
55007.05652430807	1.0005522144647556	0.0003386264270505808
55007.07695861261	1.0002877500175238	0.00033414871084975594
55007.097392816926	0.999388489701442	0.00033931529502089527
55134.928667635286	0.999511637701007	0.0003832190505396604
55134.94910023958	0.9996895136807695	0.0003751869528143245
55134.96953294365	0.9998591767728677	0.0003723933261799549
55134.98996544772	1.000286712787133	0.0003698424907182274
55135.010398051665	0.9996796855025163	0.00037744861608541777
55135.0308306555	1.000535594098816	0.00038961434883904396
55135.05126325922	1.0002404832754572	0.00036321242274417513
55135.07169586282	0.9995919659409076	0.0003681280636606375
55135.09212846642	0.9999304573072438	0.0003598776908117804
55135.11256116979	1.0001680700006532	0.00038129988659105484
55135.132993673156	0.9992581399091689	0.00035725481685991905
55135.15342627641	0.9998289234542965	0.00036026325622971446
55135.17385897966	1.0007570432353137	0.00037879184315269096
55135.19429148268	0.9998330038171814	0.0003700219379992534
55135.2147240857	0.9996055168239518	0.0003547298645263474
55135.235156588606	0.9995827845922778	0.0003620380203567272
55135.25558929139	1.0002796846032633	0.0003632674166034234
55135.27602189406	0.999540856063621	0.0003641886796615597
55135.296454396615	1.0004538897284823	0.0003529002600500852
55135.316887099165	0.999584684937777	0.0003666376273900954
55135.337319701604	1.000744436046047	0.000366067297269469
55135.35775220393	0.9999549596486432	0.00035299479056434877
55135.37818490613	1.0000551175056924	0.0003538441657087725
55135.43948261216	1.0001639623130152	0.0003528354183704573
55135.459915314015	1.0000783390388306	0.00035233291971574157
55135.480347815756	1.0007116046321123	0.00036308565893442327
55135.50078041749	1.0005578788623517	0.0003532887950560682
55135.521213119	1.0001998220998196	0.0003612757414257742
55135.541645620506	0.9999377712226438	0.000352300177650379
55135.56207822189	0.9995874749837492	0.0003520374406164612
55135.582510823166	0.9999727990097891	0.00035203722371829154
55135.60294342444	0.9999376435006202	0.0003595431549693994
55135.623376025476	1.0001321550975042	0.0003535697510234239
55135.64380862652	0.9998527196151454	0.0003522518943388717
55135.664241227445	1.0002666605611734	0.00037587648648351626
55135.68467382825	1.000166515065354	0.0003618381747226488
55135.70510642906	0.9994948053688191	0.00036678781585622187
55135.725539129635	1.0001214285309201	0.0003642663602355199
55135.745971630204	1.0004046578880752	0.00038203516481283024
55135.766404230664	0.9997620986783928	0.0003666436133436298
55135.78683673101	0.999890101255853	0.0003520119077383424
55135.807269431345	1.000179453345392	0.0003854001043617222
55135.82770203157	1.0001631203324863	0.00038926758677287627
55135.848134631684	1.000172830372415	0.00035792953419703014
55135.86856723167	0.9995411785420414	0.00038453036886504176
55135.88899983155	1.0000067030997093	0.0004098923036865277
55135.90943243143	1.0000954451455835	0.0003762138853539314
55135.92986503118	1.0006634643383565	0.0003567306221279818
55135.95029763083	1.0000983489117634	0.0004096527434563749
55135.97073023036	0.9998536840492376	0.0004017704287145693
55135.99116272977	0.9997438491773444	0.0003661398719000714
55136.011595429176	1.0003371218889292	0.00036250623863609934
55136.03202802847	0.9999111120224922	0.0003960522714372832
55136.052460527644	1.0006251981114338	0.00037424493262138293
55136.072893226825	1.000114153334715	0.0003618444339070627
55136.09332582577	0.9999667724177294	0.0003792633590897998
55136.11375832471	0.9998339884870089	0.0003682345182933623
55136.13419092354	0.9991784361351488	0.0003706789748182475
55136.15462362237	0.9994261115583059	0.0003724022114600574
55136.17505622096	0.9998550596910576	0.00037603880655775156
55136.19548871956	1.0004939109500173	0.00038543737439877184
55136.21592141804	0.9997590959273286	0.00036802291695774055
55136.2363540164	0.9998158836150832	0.00037785810856361964
55136.256786514765	1.0005737263326024	0.00036565705232725594
55136.277219213014	0.999841431577017	0.0003652773407237924
55136.29765171114	0.9997325437219376	0.0003885462524784376
55136.318084309154	0.9996020159471497	0.0003582515396901277
55136.33851690717	0.99953219383152	0.0003538405718659755
55136.358949504945	1.0003027727881024	0.0003933481316420206
55136.37938210273	1.0006578029260216	0.0003599288771696993
55136.39981470051	0.9996051657640725	0.00035657947655870807
55136.420247298054	1.000058558421363	0.00035422708874765417
55136.440679895604	0.9998134779088479	0.00036825140355587686
55136.46111249304	0.9994722362519577	0.0003642293531463959
55136.481544990354	0.9994899123410584	0.0003547461170345916
55136.52241028498	0.9996667278901095	0.00035452313093895497
55136.54284278206	0.9990670816713532	0.00035450892453848653
55136.56327547903	0.9994786737152307	0.000361898598148927
55136.58370807588	0.9990184605587843	0.0003622985220066295
55136.60414057273	0.9985973088948686	0.0003546136783495986
55136.62457326946	0.999349426421372	0.0003543942528930928
55136.645005866194	0.9991624894831996	0.0003547212641815213
55136.66543836269	0.999042114153565	0.0003558628363516793
55136.68587095919	0.999508182284836	0.0003525451609702772
55136.70630365558	0.999602438048991	0.0003533057753660541
55136.726736251956	0.9989756317936349	0.0003619373475571273
55136.74716874811	0.9993042772652062	0.000352793542107478
55136.76760144426	0.9997554371222369	0.0003595009466078666
55136.78803404029	1.0007224792535572	0.0003746030123642917
55136.80846653633	0.9998123913559878	0.00035312223947394614
55136.82889923213	0.999840802666902	0.0003521935437208749
55136.84933182793	1.0003077915596978	0.0003543774743998952
55136.86976432373	1.0001720560767469	0.0004512194385176257
55136.91062961487	0.9999434561688989	0.00036296647247673525
55136.93106211032	0.9998581127804032	0.00037576810442888173
55136.951494705776	1.000140410079502	0.00035473918563773546
55136.97192740099	0.9997428184184078	0.00037218575079417865
55136.99235989621	0.9993883723560265	0.0003828983401707849
55137.01279249132	0.9994423814473068	0.00035451783936206043
55137.033225086416	0.9993529595004671	0.0003741536540055977
55137.053657781405	1.000871113293842	0.0003936924735491484
55137.07409027628	1.0000691079067405	0.00035434976191375404
55137.09452287103	1.000129757505349	0.00037722691789703104
55137.11495556578	0.9997590120411743	0.00037203756536787104
55137.13538806042	1.0004544538607036	0.00036473519333105156
55137.15582065494	1.000159036364797	0.00037443525857686283
55137.176253349346	0.999908861977417	0.0003751443068209943
55137.19668584375	1.000638686707517	0.0003757793425097493
55137.21711843804	1.000789395034964	0.00035381339005399845
55137.237551032325	1.0000242286181544	0.000375972655182699
55137.25798362638	1.0006107129214477	0.00035880582189999426
55137.27841622043	1.0005603097560467	0.0003753176437864069
55137.298848814375	1.0000703212788722	0.00037456504224960544
55137.319281408316	0.9998671655755174	0.0003556049383431208
55137.36014659584	0.9999446178886322	0.0003646272953582184
55137.380579189434	0.9995876249293809	0.0003579400820541725
55137.40101178302	1.0000723410006631	0.0003657471134632055
55137.421444376494	1.0000080500085002	0.0003585280362786642
55137.44187686997	1.0000783334747263	0.0003525533342094185
55137.46230956321	1.0001851923541487	0.00035626926858048797
55137.48274205645	1.0002557491526642	0.000352345678667522
55137.50317464969	0.9999997470589526	0.0003564626299393107
55137.52360734269	1.000254000241093	0.0003557521107615737
55137.5440398357	0.9998367817755163	0.0003544045255247366
55137.564472428596	0.9995735655414231	0.0003536671428891206
55137.58490512149	0.9998554643047186	0.00035183604101371533
55137.60533771426	1.0000381493846429	0.0003545775868601877
55137.62577020692	0.9997594192464812	0.00035244010184238314
55137.646202799464	0.9994894259796998	0.000351527729696738
55137.666635492	1.0004239388077196	0.0003525155841696399
55137.68706798443	0.9996160060576755	0.0003515382714564244
55137.70750057686	0.9998874877655857	0.00035304492997619805
55137.727933269045	1.00010093459537	0.0003599743590161609
55137.74836576124	0.9998393363130245	0.0003516942232762786
55137.76879835343	1.0002915654638116	0.00035156900398630855
55137.78923094539	1.0005485717909612	0.0003562880837836655
55137.80966353735	1.000065052732303	0.00035238126102644403
55137.83009612931	1.0003293807765217	0.0003560318764022856
55137.850528721036	1.0001698921013031	0.0003615301761084933
55137.870961312765	0.9998758584411247	0.0003517328493431931
55137.89139390449	1.000194442847294	0.0003523270944000319
55137.91182649598	0.9997848684789514	0.00035273589509975117
55137.93225918748	1.0002245621105899	0.0003541512431065031
55137.95269167898	0.9999650407895435	0.0003553961737687653
55137.97312427023	1.0001942998594298	0.000352474612301236
55137.993556761496	1.000280245883884	0.000352682763198666
55138.01398945264	0.9992830708528012	0.0003528313962931221
55138.034422043784	1.0001673626648726	0.000356425756355058
55138.054854634815	1.000136639953895	0.0003527935575836436
55138.075287225845	0.999521209740702	0.0003537538026906516
55138.095719816636	1.0001714049758283	0.0003526630089319841
55138.116152407434	0.9999481796127767	0.0003588440109809238
55138.13658499811	0.9997304351143138	0.0003565517175785939
55138.15701758879	0.9999492781329697	0.00035433541067741406
55138.177450179355	0.9996112458248112	0.0003581448035922608
55138.19788266992	0.9999926863278257	0.00035225374804901484
55138.218315360245	0.9999126394802911	0.0003852161146985995
55138.23874795058	0.9999922498560323	0.00036023304506825675
55138.25918044091	1.000345672815291	0.0003540206968488458
55138.279613131	1.000130853073491	0.00037157201522030936
55138.30004572122	1.0000172877283102	0.00036488649903023405
55138.3204782112	0.9994193337970144	0.00036100964465100567
55138.34091080118	0.9998304289999385	0.00038384380631946294
55138.361343491044	1.0001287404147141	0.00035561711286443077
55266.00694715541	1.0000061529149535	0.000343805829016575
55266.04781538452	0.9989947456018007	0.00041851148239518434
55266.0682493496	1.0002141630221204	0.00045445123740200753
55266.109117580454	0.9998915832722393	0.00036888538641793796
55266.129551546466	0.9997821356617328	0.0003913000078973235
55266.149985712706	1.0001271597559622	0.00034855221386653
55266.1704197793	0.9999092979255215	0.0003381683983113711
55266.19085384613	1.0001840625305967	0.0003386656665267283
55266.2112879133	1.00022929527145	0.00035403373261925684
55266.231721980825	0.9999525532210036	0.0003600851517269463
55266.252156048584	1.0000442865929315	0.0003423714019764214
55266.272590116685	1.0000978200820216	0.000341166646497247
55266.29302418514	1.0001234552336147	0.0003378768724808731
55266.31345825383	0.9997234964746855	0.00033789255559728206
55266.33389242287	0.9999660078792163	0.0003369513998274618
55266.35432639214	1.0002679329444413	0.00033706313780874274
55266.37476046176	0.9999446967151264	0.00033685741617715744
55266.39519443172	1.0002957054115011	0.0003368170282849637
55266.41562860193	0.9998151433600133	0.0003376653922184866
55266.43606267248	1.0005822251795693	0.0003410924886324316
55266.45649664338	0.9997124213600328	0.00033839697952994075
55266.47693081451	1.000423607048514	0.0003394583915231195
55266.497364885996	1.0001923946236808	0.00033686211827437435
55266.53823302989	1.0004721624506354	0.00034196072472990465
55266.558667102305	1.00023108569866	0.00033863066381866906
55266.57910107495	0.9999254039725913	0.0003371149437739771
55266.59953524806	1.000721574164976	0.00035365037487020785
55266.61996932129	1.0001670941139515	0.00034819048255630054
55266.64040329498	0.9999364408458095	0.00034541374239756224
55266.66083746891	1.0000102129816537	0.00033733074570686583
55266.68127154307	1.0006318131598966	0.00034612571139774163
55266.70170551758	1.000087100757166	0.00034446696379209526
55266.722139692436	0.9994816401249151	0.0003426605721062456
55266.742573767646	1.0003983420324585	0.00033775631972389366
55266.76300774308	1.0001853832529664	0.00034947810299291977
55266.78344181887	0.9998439206213199	0.00039382257248025135
55266.8038759949	1.0002554356256574	0.00038137435486233637
55266.82430997127	0.9997809375117888	0.0004159418336260864
55266.84474404799	0.9995033180688191	0.00040286839541409894
55266.86517822494	0.9997661305687534	0.00035747575506434097
55266.88561230224	0.9994839494034786	0.0003587089857941612
55266.90604627978	0.9994431228656258	0.00034466429672335916
55266.92648045778	1.0001378101659548	0.0003366855247377111
55266.946914535896	0.9997187756173387	0.0003367557914641566
55266.96734851448	1.0002605066942314	0.00033763582309592456
55266.9877826933	1.0001194379299727	0.0003493660428677212
55267.008216772345	1.000307889302963	0.0003528258788340691
55267.028650751745	0.9998110543322694	0.00036458410620528794
55267.049084931496	1.0003458552025837	0.00038048304321977534
55267.110387172484	0.9994470771772442	0.0003734320403371523
55267.13082125351	1.0000329175904108	0.00034068099641340664
55267.15125523477	0.9997831757853302	0.0003527950677098459
55267.17168941627	0.99956427247442	0.00036439616383058686
55267.192123498106	0.9997722836730036	0.00035890151272661584
55267.2125575803	0.9996891313556101	0.00039447602513642365
55267.23299156273	1.000394767680092	0.0003963220449602128
55267.2534257455	0.9997713404710042	0.00036439114582803524
55267.27385982862	0.9996082509907201	0.000385900194871233
55267.29429381198	0.9998737055076014	0.00034352081146218466
55267.31472799568	1.0011201616912926	0.0003397261814129944
55267.35559606391	0.9998128658290184	0.00034219899007896087
55267.376030248546	1.0003218695999936	0.0003459093008345538
55267.39646423342	0.9998015399148119	0.0003545906276979378
55267.41689831864	0.9997416002315999	0.00034148187190435956
55267.4373325042	0.9995868669476822	0.0003421388660872467
55267.457766490006	0.9991529409497828	0.0003378451828571952
55267.47820057604	1.0002408004962424	0.0003378001621780712
55267.49863476254	1.0004348642360945	0.0003425252637955856
55267.51906874927	0.999912548949146	0.0003410765830027782
55267.53950283624	0.999371091712623	0.0003393688997017901
55267.55993702355	0.9997755684501595	0.0003549647934675745
55267.58037111122	1.000461941256101	0.00038512936206013085
55267.600805099115	1.000145614225389	0.0003467788330181232
55267.621239187356	0.99973487310169	0.00034476550696404737
55267.64167337584	0.9992823534156827	0.00033692804271449244
55267.662107364784	0.9987241560583902	0.0003472534945917208
55267.68254145384	0.9987986992677632	0.00035016323510822056
55267.70297564337	0.9990005596614326	0.00035639553573130396
55267.74384372312	0.9985444606820918	0.00033997887381599564
55267.76427791346	0.9984465300552088	0.00034353244221431515
55267.784711904154	0.9988091960382975	0.0003372910549949473
55267.80514599507	0.9992864445088557	0.00033779038990638965
55267.82558018635	1.000030639962404	0.00033699411586941776
55267.846014177856	0.9993618022715749	0.000337570225598812
55267.866448269706	0.9998400244001776	0.0003376733683161703
55267.90731655435	1.0000867995439562	0.0003380161247899587
55267.92775054713	0.9996230482635513	0.0003458398598227732
55267.948184740155	1.0005020784830103	0.0003501217337185346
55267.968618833525	0.9996925791975455	0.0003755490390594896
55267.98905282724	1.000430820424806	0.00037635580286942837
55268.00948702119	0.9998752335441726	0.00034643382974254843
55268.02992111549	1.0000304671678777	0.0003599192345634016
55268.05035511002	0.9999368757235814	0.0003449102080662093
55268.0707892049	1.0005880594916943	0.0003374480739972517
55268.111657395595	1.000588940760974	0.00034994239974000006
55268.13209149141	0.9998992923414618	0.00041003424815973493
55268.15252568746	1.000133097727875	0.0003785659758994031
55268.17295968385	1.0001211019586251	0.00037082889948775394
55268.19339378048	0.9992839092887776	0.00037915994800974466
55268.21382787746	1.0001127478180063	0.00033688418796876417
55268.23426197478	1.0002454093828588	0.000340175174285778
55268.25469607234	1.0002006558814065	0.00035442621989853826
55268.27513027025	1.000455480285219	0.00036548418137166076
55268.29556426839	1.0003626089426179	0.0003532766434426707
55268.31599836688	1.000310523950997	0.00035532320068325436
55268.336432565724	1.0000378163185801	0.0003875741784726949
55268.35686656479	0.9998154051573118	0.0003479449245773619
55268.377300664215	1.0004470564377363	0.00035284073481031014
55268.39773486387	1.0000369794744661	0.0003437139245043478
55268.41816886387	0.9999596033247597	0.00034044347078321125
55268.43860296411	0.9998056556638996	0.00034148871202501743
55268.4590370647	0.9995172698667318	0.00034515147011209506
55268.47947116563	1.0001011454051374	0.00039334714140913164
55268.4999052668	1.0000208653792038	0.00037783736411438416
55268.5203393682	0.99962161259155	0.00036604797739915053
55268.540773470064	0.9996791632552486	0.00037881821971938483
55268.561207572166	1.0002003087021167	0.0003677444302902566
55268.5816416745	0.9993323062194065	0.0003681524369136412
55268.60207587718	1.0004903549797897	0.00037183759338455354
55268.62250988021	0.999750338138071	0.00034203474906453204
55268.642943983476	0.9994818454888583	0.00033644822925290837
55268.66337818697	1.000238354599352	0.0003367773132175337
55268.68381219093	0.9999485335517599	0.0003519330412976347
55268.70424629513	1.000200537310144	0.00036350440116044683
55268.72468049955	0.9995915412021878	0.0003495168909079868
55268.74511450433	1.0002550613095582	0.00035553977867925474
55268.76554860946	0.9998098457946483	0.00033832582145815833
55268.785982814814	0.9998444304582124	0.00033671834183249553
55268.80641682041	1.0010128351864915	0.0003367573725097617
55268.82685092647	0.9999636546038329	0.0003437375483492767
55268.86771923928	1.0001766514048596	0.0003370137896272477
55268.88815324615	1.000189956011284	0.0003368803864111656
55268.90858735325	1.0004512081307662	0.00033672276413593516
55268.92902156071	1.00018998497293	0.00033750417104771714
55268.949455568516	1.0001295331949236	0.000340229138565405
55268.96988967655	1.0000391736809051	0.00035591099101230816
55268.990323784936	0.9994022513862528	0.0003933559674809894
55269.03119200252	0.9997070473874761	0.00035382738877377253
55269.05162611172	0.9997697509354047	0.00034365655277353687
55269.072060221275	0.9998747540038464	0.00033945430454488437
55269.09249423117	1.0001625925418052	0.0003627782788361486
55269.112928441304	1.0004648306384631	0.0003449566617287165
55269.13336255179	1.0000865577602465	0.00034013969843322693
55269.19466488486	0.9993347012598142	0.0003559635421220351
55397.25708743724	0.9998182722008147	0.0003398064860798364
55397.27752139568	0.9998609094210993	0.0003662121436797278
55397.31838961164	0.9996574063612362	0.00033724225183768246
55397.33882376938	1.0012057627907571	0.0003849037876434743
55397.35925772666	1.0001631477667385	0.00033408162671801675
55397.37969178371	1.0002245191239398	0.00033242911938249654
55397.40012594052	0.9998682094217605	0.000340157839250334
55397.42055989687	1.000258274890203	0.0003304460315213009
55397.44099395322	0.9999366891861485	0.00034349929783460934
55397.4614281091	1.0002424416040756	0.0003347612986779213
55397.48186206475	1.000019516677931	0.00032958956997866743
55397.502296119936	0.9997655589691208	0.00034024105311421894
55397.522730275115	0.9995609409107593	0.00034500374981016673
55397.543164229835	1.000343271213136	0.00033580403039834507
55397.56359828432	1.000026496532132	0.000350522350174793
55397.58403233857	0.999682369800114	0.0003336411140341336
55397.62490044615	1.0000555438457854	0.0003375979188952273
55397.645334499466	1.0002713622832906	0.00034117314743694835
55397.66576855256	1.000324797669744	0.0003318153946095702
55397.7066367578	0.9998029666784978	0.00034724445204749316
55397.72707070996	1.0001384366178536	0.00033150114592403804
55397.74750486189	0.9999429753781103	0.0003318017205713824
55397.767938913574	0.9997450051017994	0.0003548023975638953
55397.788372865034	0.9994878521928028	0.00033891729632073184
55397.80880701603	1.0003561064766888	0.00033934890974161836
55397.829241066785	0.9996589357428303	0.0003862393598553233
55397.849675017314	1.0003299041166416	0.00032952743287193706
55397.87010916761	0.9996810514764423	0.0003301213481200778
55397.890543217436	0.9999314117111917	0.0003369867910537762
55397.910977167034	0.9996677697540552	0.00032970565634985393
55397.9314113164	1.0003711564546576	0.00033456662874701106
55398.03358155902	1.0007082840267314	0.00033279825868429597
55398.054015606525	0.9998485189761016	0.00033197041215282734
55398.07444965402	0.9998858300913895	0.00034010413831516464
55398.09488380106	0.9998426442419563	0.00033029658400261655
55398.115317847856	0.9999554250511689	0.00033409412633913404
55398.13575179443	1.0004589389979701	0.0003419076898331607
55398.156185940534	1.0001147906034358	0.0003299767873609656
55398.17661998664	0.9999394504119307	0.0003303027469792626
55398.21748807745	0.9999703942698923	0.0003300905699937857
55398.23792202262	1.0001582922334897	0.0003300903605193705
55398.25835606732	0.9997571289082554	0.0003328934001932317
55398.2787902118	0.9998538621096152	0.0003297646500835871
55398.29922415604	0.9994785296618791	0.0003404481307782521
55398.319658200046	1.0001393352071657	0.00033022350859226996
55398.34009234359	0.999664186628964	0.0003306077030018948
55398.360526287135	0.9999113315322354	0.0003539131170503301
55398.38096033021	0.999504548242912	0.000329520085416712
55398.40139447282	1.0004719083250238	0.00033034627805732323
55398.421828415434	0.9999022341416179	0.0003403622757978467
55398.442262557575	1.0001451175134422	0.0003299463781630976
55398.46269659949	1.00023731891184	0.00033312285202055907
55398.48313054117	0.9999219462037761	0.00033956976598962987
55398.503564682615	0.9998763131153232	0.00033363757974120715
55398.5239987236	1.0006689877333363	0.0003340697589098443
55398.54443276435	0.9998929034917935	0.00033172172491716643
55398.56486680486	1.000247025241622	0.0003349981256146878
55398.585300845145	1.000181158502125	0.0003317624330929487
55398.60573488496	0.9996559884022502	0.00033447905678655874
55398.626168924544	0.9999179283190616	0.00034969404653070946
55398.6466029639	0.9998230520931465	0.0003352489504878679
55398.66703700302	1.0003244333015706	0.0003342253376212474
55398.6874711419	0.9998740334298114	0.00034440328315646536
55398.70790508032	1.0001491858727742	0.00033937790063807977
55398.728339118505	0.9996839118056208	0.00033134378879098826
55398.74877325646	0.999568140558942	0.000334260222599884
55398.76920719395	0.9997743119882518	0.0003341521374574432
55398.81007536846	1.000425727803525	0.0003350672414089273
55398.830509305255	0.9993399465529347	0.0003357311641671135
55398.850943441576	0.9988887660325674	0.00034723870608831454
55398.8713774779	0.9997579668320549	0.0003350801579105098
55398.89181141376	0.9996129191517718	0.0003339962051287733
55398.912245549385	0.9986116704552951	0.00033407268406515455
55398.93267958455	0.9994493462048102	0.000332247687451918
55398.95311351971	0.9991365807128462	0.0003320569398039378
55398.9735476544	0.9994493927529193	0.00033462666114209206
55398.993981588865	0.9993891757690643	0.00033436979693845316
55399.014415623096	0.999415254713516	0.00033990330657068595
55399.034849756856	0.9988550463962297	0.00033226122441877163
55399.05528379039	0.9991069781020517	0.00033894260431788475
55399.07571772369	0.9995159196987153	0.0003482978094447156
55399.09615185675	0.999865425963363	0.00033609097942387153
55399.13701982195	0.9998214326066461	0.0003366618239756192
55399.15745395408	1.000497122743937	0.00034448049183869394
55399.177887985985	0.9995243383960605	0.0003357733477062412
55399.19832211742	0.9996339470366429	0.0003361078573981842
55399.21875604885	0.9999271128468656	0.0003750040409625628
55399.239190079825	0.9999039768479495	0.0003592465652204729
55399.259624210565	0.9997636308543172	0.00036318007146787253
55399.28005814083	1.0003644195650931	0.00041080272928649175
55399.3004921711	1.0001811968017638	0.0003565460799070437
55399.32092630091	1.000061739600084	0.00033724185180528614
55399.34136023048	0.9997128271891771	0.00035899302203283725
55399.36179425959	0.9999946779353992	0.000336038762748765
55399.3822283887	0.9998927189417997	0.00034905666836280156
55399.402662317334	0.999652067097983	0.00033318383836742173
55399.423096345745	0.9998813998670182	0.00033914764850883066
55399.443530473916	0.9999282618838304	0.0003406866719203278
55399.46396440163	1.0002287820427784	0.00036225305709910717
55399.48439842911	1.0001100093919153	0.0003550801181741343
55399.52526658336	1.000053997440959	0.0003754169410958018
55400.40392956779	1.0010738377267303	0.00033828009007111
55400.42436358199	1.0007962654305027	0.00035149464970832213
55400.44479759573	1.0002086430980943	0.0003574898170369596
55400.46523160947	1.0004538600554729	0.0003644245886408003
55400.48566562274	1.0000470619780015	0.00035575816349727785
55400.506099635786	0.9994079115708153	0.0003430823732344319
55400.546967760936	0.9999664409338084	0.00033008994417487483
55400.56740167305	1.0006133622199083	0.00033148160544628627
55400.608269796336	0.9995544343451934	0.0003536606756579979
55400.628703707516	0.999852821219197	0.0003746718936872101
55400.6491378187	0.9999976772894581	0.00036487354771967917
55400.669571829174	0.9998608016203724	0.000354741781451835
55528.458256690836	1.000305264841702	0.00035526607262903866
55528.47868916891	0.9996559287179791	0.00036383239096542336
55528.499121747016	0.9999729371068511	0.0003618850900635433
55528.519554325154	0.9996575270893158	0.00035158864648619537
55528.53998690334	0.9999536404986518	0.0003513604863211395
55528.56041958157	0.9997576625756598	0.0003554278958680962
55528.58085205988	1.000195367852859	0.00034972680299029304
55528.601284638215	1.000362357418275	0.00034978766703771684
55528.642149795014	1.0000644445017692	0.00035131954664350325
55528.662582373494	1.0000821191220877	0.0003519376582184868
55528.68301505201	1.0006146857503293	0.0003511130206299144
55528.703447630585	0.9998680140447671	0.00035171056329951465
55528.72388020921	1.0002602733793071	0.00035381476674787443
55528.74431278787	1.0004269263611616	0.00035062060256554656
55528.764745366585	0.9999605999804354	0.000352682587942571
55528.785177945334	0.9998997279112403	0.0003519431913875197
55528.80561052417	1.0006389165265914	0.00035119987526878275
55528.826043103036	1.0003384876678756	0.0003502182287035968
55528.846475781924	0.9999031657834447	0.00035388569394216216
55528.866908260876	0.9994664659381909	0.00035629384213322474
55528.88734083988	1.0004882920906764	0.0003566090572741566
55528.90777351895	0.9997078845809	0.0003507437082521518
55528.92820599805	1.0005206752384712	0.00035055806773817976
55528.9486386772	0.9994893252095058	0.0003513748686068189
55528.96907125638	1.0001308059201248	0.0003494430144259144
55528.989503735655	0.9993209650824941	0.00035110759823434945
55529.03036899431	1.0005062932453415	0.0003554401996093584
55529.0508014737	0.9999556436768572	0.0003517152458156029
55529.091666732646	1.0003127053459497	0.00037069237527774464
55529.11209921221	0.9996405914636518	0.00037422385379424133
55529.132531891795	0.9999191346134764	0.00035624078809511685
55529.152964371446	1.0009046816184146	0.00035652345327272434
55529.173397051156	1.00038010883142	0.0003501511969088039
55529.193829630916	0.9996113144829111	0.0003503758700860677
55529.21426221071	1.0002863787790104	0.00035044543302075956
55529.23469479057	0.9997466052185866	0.00034997927565156325
55529.255127370474	0.9999800473528613	0.00034951684227665
55529.275559950416	1.0005037270406114	0.0003494143844099906
55529.295992530446	1.0001391733263043	0.00034986017569325293
55529.3164251105	1.0001765905910935	0.0003513319443275948
55529.336857690614	0.999243390401815	0.0003518845423501321
55529.35729037076	0.9995634698157997	0.00035494490169445803
55529.377722850986	0.9996932371799163	0.00035167379994589565
55529.39815553125	1.000923544223405	0.00037357244749364784
55529.41858811157	1.0006037342901362	0.00035615595188602414
55529.43902059194	0.9995508202908541	0.00036186214593562346
55529.45945327238	0.9998620020567324	0.0003637277421463614
55529.479885852845	0.9995771171071356	0.00035156368493308767
55529.52075101397	1.0002672090315767	0.00035128600580717746
55529.541183594585	0.9995286319499908	0.00035345300723200096
55529.561616075305	0.9995569294923452	0.0003542466353280391
55529.582048756034	1.000182033053461	0.00035295721851167294
55529.60248133682	0.9995873440428477	0.00035152257098591095
55529.62291401766	0.999896006651618	0.00035660808126611424
55529.64334649859	1.0002565269591779	0.0003504627874433634
55529.66377907955	0.9997043182432166	0.0003503703485943805
55529.684211760534	0.9984832722022037	0.0003509860491137759
55529.70464424161	0.9995287286105403	0.0003537574887861245
55529.725076822746	1.0003409566886767	0.00035172041950355367
55529.745509503904	1.0000794859537956	0.00035027862861645976
55529.765941985155	1.0003971397552411	0.0003510252162774881
55529.80680714777	0.9993063472659791	0.0003502040961575151
55529.827239729166	0.9994457755768513	0.00035663074414057976
55529.847672410586	0.9996716467519275	0.00035897037850396565
55529.8681049921	1.0000664776762667	0.0003664647068319244
55529.88853747367	1.000017197468214	0.000367072919424692
55529.90897015527	0.9994576237203465	0.0003925093956076774
55529.929402736954	1.0006716457350935	0.0003592925283057322
55529.9498352187	0.9998357541528353	0.00036848508554915277
55529.97026790044	1.0003108579149362	0.0003536650741187087
55529.9907004823	1.0003960341020979	0.0003496933392409281
55530.0111331642	0.9996246491935197	0.00034952975652141025
55530.05199822815	0.9992461291023835	0.0003511461591392748
55530.072430910215	0.9991735476916485	0.0003529096214536728
55530.09286339233	0.998835105322299	0.0003511767689502767
55530.113295974515	0.9995048060749423	0.00035205071930241377
55530.13372865673	0.9992673742159079	0.0003496593643783672
55530.15416113903	0.9994290106756378	0.000354348748520522
55530.17459372138	0.9989465327660156	0.0003530391625914539
55530.195026403766	0.9992908078495897	0.0003516620158805784
55530.21545888623	0.9989154728835061	0.00035454407690093325
55530.235891568766	0.9986451551474129	0.0003506480190434285
55530.256324151356	0.9991483437692326	0.00035046589091148635
55530.276756633975	0.9993294706792348	0.00035231275053311707
55530.297189316676	1.000011284977061	0.0003535887686797038
55530.31762189941	1.0004892852903167	0.00035514489643558364
55530.33805448223	0.9995005261558161	0.0003501613914419005
55530.35848706511	1.0001343487511465	0.00035012259920814655
55530.37891964805	1.0005275470699422	0.00035130887114876287
55530.41978481407	0.999726321566867	0.00035385084869674066
55530.440217397154	1.0000058825318487	0.0003594746228568508
55530.46064998032	1.0003460883474409	0.0003497016754856044
55530.48108256355	0.9997724992397699	0.00035023309506657655
55530.50151514684	1.000054507028512	0.00035056377659188756
55530.52194783018	1.0000777296648118	0.0003495077616390703
55530.56281289705	1.000770570439162	0.00034989775460904837
55530.583245580536	1.0003546305041042	0.0003518375249264784
55530.603678064144	1.0005141591384903	0.0003515419358797448
55530.62411064778	0.9996323113500727	0.00035694997686263187
55530.64454333147	1.0001040237383134	0.0003494501489913013
55530.66497581523	0.9998844001149667	0.00035452181328679376
55530.685408499034	1.0002671676473807	0.00035006228317239563
55530.705841082934	0.9999093560989457	0.0003513951918382802
55530.72627356689	0.999814819624148	0.00035554793672063455
55530.74670625088	1.0003524321094663	0.00034977377742216034
55530.76713883495	0.9998413308745495	0.00035464194751478543
55530.78757131908	1.0000938363975034	0.0003573460925342446
55530.808004003266	0.9999227377559079	0.000363386322182838
55530.828436587515	0.9997494000950344	0.00038058011562526586
55530.84886917182	1.0002002198919784	0.0003727661340974303
55530.86930175619	1.0004122943087679	0.0003639673449056079
55530.889734340635	0.9999982084252275	0.0003625711742593729
55530.91016702515	0.9996462385450403	0.0003597716909122432
55530.93059950971	0.9997576136174697	0.00034966031411275047
55530.95103209431	0.9996619235709878	0.00035542690105429617
55530.971464778995	0.9998312862485386	0.00034958937164022465
55530.99189736376	0.9996841538547222	0.0003515349396617522
55531.01232984856	0.9996315878436793	0.00034952488195976643
55531.032762433424	1.0001932696606826	0.0003501073592938118
55531.053195018365	1.0000201169766882	0.0003519752393604599
55531.07362760337	0.9996723577473775	0.0003500345879419458
55531.09406028844	1.0000701993481322	0.00034950237211618613
55531.11449277356	0.9996998637989797	0.00035148774111601615
55531.13492545873	1.0000354828212363	0.0003507274183620924
55531.17579052932	0.9997128925922143	0.0003495161317546745
55531.196223214676	1.0007345377024492	0.00034997558609709337
55531.21665580012	1.0000245309923552	0.00035007698180576305
55531.23708828565	1.0003083871784422	0.00034973067909105745
55531.25752097123	1.0000726978939187	0.00035075721961298393
55531.27795355685	0.9995194383440118	0.00034942624540912446
55531.29838604256	0.9998575506421261	0.0003496898351517386
55531.31881872831	0.9997900186048643	0.00034953602157693664
55531.33925131416	1.0001253736091253	0.0003499931007660755
55531.35968400005	0.9999465857209171	0.00034963187000947813
55531.40054907204	1.0000908712492527	0.0003494767200648668
55531.42098175813	1.0005741281499945	0.00034969101827515825
55531.4414142443	1.000218230694856	0.0003495508647118385
55531.46184683053	0.999674326539316	0.0003496638756974277
55531.50271200315	0.9995679010381329	0.0003495054422006353
55531.523144589584	1.0008761703097386	0.000350638465406753
55531.54357727607	0.9991594418292469	0.0003504890120812972
55531.56400986262	1.0000500832856445	0.00034969855172275246
55531.58444244924	0.9997128657086914	0.0003514472643175805
55531.60487503591	0.9997164806710664	0.0003497327202688648
55531.62530762268	1.000133075906621	0.00035134573526334183
55531.6457403095	0.9999014177214985	0.0003497791052966193
55531.666172796395	1.0004464179373125	0.00035281122213725533
55531.68660538335	1.000521439123017	0.00034982850183515676
55531.707037970365	1.0010419224923002	0.0003538312797874431
55531.72747055746	1.0003448197303864	0.00034996318905748165
55531.74790304462	0.9995228617942931	0.0003500183266503743
55531.76833573184	0.9998151014965687	0.00034963911580137294
55531.78876831914	1.00058156462693	0.0003495113053827778
55531.80920100649	0.9999557796258101	0.00035015664450246606
55531.82963349392	1.0003942244318274	0.0003498737203995874
55531.850066081424	0.9996361708009194	0.00035007971074807036
55531.87049876898	0.9996335411290518	0.0003508294757404228
55659.59958566216	1.0003658314485735	0.0003493365258160885
55659.64045435868	0.9993487414322908	0.00035255418764510295
55659.66088870723	1.0004511339402773	0.00035442783108865426
55659.70175740515	1.0001620252350576	0.00037151638568851564
55659.76306045348	0.999354723768072	0.00036489336879132385
55659.80392915349	0.9997300767597832	0.00035054912833635225
55659.82436350379	0.9999303896733733	0.00034667812414554124
55659.84479795443	0.9999853783649895	0.0003462558728294746
55659.88566655619	0.9994646609744122	0.0003445805849087795
55659.9061010073	1.0002903207941554	0.0003444820613870469
55659.92653525876	1.0005081978362615	0.00034437561508108525
55659.94696971034	0.9998995709587818	0.00034469945750497267
55659.96740406226	1.0004830238094637	0.00034462529691931497
55659.98783831431	1.0003406329727045	0.0003471734861959941
55660.00827276659	0.9998552476137081	0.00035517243133801317
55660.02870711909	1.0006682418910153	0.0003659153053218363
55660.049141371834	0.999881545018169	0.00037646857346158424
55660.06957582469	1.0000014561928459	0.00037984407288561953
55660.0900101779	0.9998005638681422	0.000368316564764796
55660.110444631224	1.0006094094901443	0.0003624072524504818
55660.15131323868	1.0005146263407172	0.0003501243915794306
55660.17174769271	1.0000663223214223	0.0003510813479931019
55660.19218194684	0.9994808540791128	0.0003535558441940652
55660.21261630133	1.0001043307863196	0.00035056522160911474
55660.23305075594	0.9999010814265272	0.00034613188723538895
55660.25348511089	1.000523766646559	0.0003442140910708441
55660.27391936596	1.0001913448130089	0.0003516510635244909
55660.294353821264	0.9995771951203949	0.0003615815652734255
55660.314788176795	1.000270114292718	0.00037240842377798597
55660.33522253245	0.999628196603437	0.00037725358203711943
55660.35565688845	0.9997104527805561	0.00036753706159959226
55660.376091244565	0.9992784336418405	0.0003628712550401593
55660.39652560092	0.9992808378461439	0.00035456512056981546
55660.41695995762	0.9998247746226516	0.00034804438762308206
55660.437394214314	0.999870836843387	0.000345735779030084
55660.457828671366	1.000052682752227	0.0003445524554233405
55660.47826302865	1.0002309977495454	0.0003445787231170246
55660.498697486044	0.9998347659509221	0.0003451030320244957
55660.51913174368	0.9996387248438078	0.0003446355689253635
55660.53956610166	0.9996236039259856	0.00034455408006358
55660.60086917653	1.00004330938412	0.0003522919468068487
55660.66217225338	1.0003164051520268	0.0003635356665855388
55660.682606712755	1.0005461980321901	0.00035354502644475755
55660.70304097225	1.0000851318013808	0.00034675838376935767
55660.723475432096	1.0003624540490117	0.00034511877412718537
55660.76434415236	1.0002955686894293	0.00034564800524510355
55660.78477851279	1.0001457491704526	0.000345361885655715
55660.80521287344	0.9998524174043559	0.0003486183751521164
55660.846081595344	0.9997560832620545	0.0003492256248009726
55660.86651595658	0.9999220525465784	0.00034671238740076923
55660.90738467988	0.9996211590973385	0.0003459868030855219
55660.927819041695	0.9991994638928388	0.0003461259050758243
55660.94825350387	1.0002203687572906	0.0003462602056541899
55660.98912212879	1.0005833139378213	0.00034562134687589493
55661.00955659155	1.0001931987547503	0.00034599944691838
55661.029990854535	1.0000734964759133	0.000345929347451342
55661.05042521775	1.0004849030702325	0.0003470837672448525
55661.11172840857	1.0001182093475454	0.000344050288201281
55661.13216277261	0.9999600511536421	0.00034714731026163254
55661.173031501254	0.9994556031375645	0.0003498999537047764
55661.19346586599	0.999115122001087	0.0003447461827626597
55661.234334595916	0.9995149467337243	0.0003713342895783309
55661.25476896123	0.9988867631187084	0.00039291822809360685
55661.29563769244	0.9993068236641547	0.000392395072749813
55661.31607205834	0.9985812344706937	0.0003611597999801361
55661.336506524465	0.9987563256285779	0.00034508089508236326
55661.35694079083	0.9992708606949787	0.00034445161288911176
55661.377375157426	0.998868789385029	0.0003477894505398575
55661.39780962413	0.9987597629501472	0.0003457999165432006
55661.418243891196	0.9993680475181639	0.000343961990801724
55661.438678258375	0.9995124243152513	0.00034730299070142846
55661.45911272578	0.9995440883409006	0.00035480178094953303
55661.47954709331	1.0001054759495984	0.00035296302861230217
55661.49998146119	1.0004120081185786	0.00034833326858205047
55661.56128456586	0.9998072941466924	0.00034451222790576105
55661.602153303356	0.9997370648109505	0.0003617405076243477
55661.622587772516	1.000780653639446	0.0003746209996717942
55661.663456411174	0.999687330749417	0.0003480079560216332
55661.683890780914	1.0001587870426132	0.0003439045043511808
55661.704325150764	0.9998301739249061	0.00035695210843597424
55661.72475962097	0.9994604647787795	0.0003741888635564634
55661.74519389129	1.0003622123200313	0.0003810064521242934
55661.765628261724	0.999594289124057	0.000378852279495924
55661.78606273251	0.9998033944476511	0.00036198017692774305
55661.80649700342	0.9992839943658607	0.0003504122474539771
55661.82693137455	0.999879500706174	0.0003437957926283002
55661.84736584592	0.9995163395912032	0.00034573053020418436
55661.86780011752	0.9997403139151722	0.00035359401732618903
55661.88823448935	1.0001564125928164	0.0003650363778733119
55661.9086689613	1.0002231958424739	0.00037944855092764346
55661.9495377059	1.0001334700487328	0.0003683635711690417
55661.99040645132	1.0006431108129044	0.00034639121194099924
55662.01084082431	0.9997628504594274	0.00034360853078193335
55662.03127519754	0.9997243889247849	0.00034513124564992926
55662.05170957089	1.0004152055960303	0.00034981258390553657
55662.072143944584	0.9996532215245393	0.00034902540927967546
55662.0925783184	0.999732071011239	0.00034894583500398216
55662.11301279244	0.9997468028058165	0.00035133794056155465
55662.13344716672	0.9998104328298689	0.00035041598721716194
55662.153881441234	0.9999600557542476	0.0003533568744602845
55662.174315915865	1.0003343706608296	0.00035785637301458047
55662.19475029072	1.000314846017234	0.0003554944130133076
55662.215184565815	1.000153193934437	0.000353201596316799
55662.23561904114	1.000471929040844	0.00035156661631090687
55662.25605341658	0.9999628678135488	0.0003487798658211164
55662.27648769226	1.0003886018690489	0.00034662581851081857
55662.29692216817	0.9994579189757005	0.0003465673674956287
55662.31735654431	1.00006891542678	0.00034432627879574853
55662.33779092057	0.9995314522955588	0.00034368007726970367
55662.35822529705	1.00012306359331	0.0003438525101320624
55662.41952842793	1.0007193854847345	0.0003444583304308205
55662.439962705226	1.0002280193681492	0.00034358364422080643
55662.46039718277	0.9996295903457618	0.0003437637683385177
55662.48083156053	0.9998903346914279	0.0003438977433523227
55662.52170031666	0.9994927338223798	0.00035279081529424673
55662.54213469501	1.000023565776568	0.00035910260845695776
55662.5830034523	0.9999661158081581	0.0003723008051312867
55662.60343783123	0.9998854583523332	0.0003615859340574677
55662.64430668981	1.000175857711207	0.00034405886114646425
55662.664740969434	1.0001824685647591	0.000343902322593571
55662.68517544919	1.0000362614907539	0.000344435739795916
55662.70560982917	0.999969419915782	0.00034817094207281296
55662.72604420938	1.000441191843602	0.0003551126427958612
55662.74647858972	1.0004868198190704	0.0003581897051754632
55662.7669129704	1.000021002628972	0.0003674955575973533
55662.787347451194	1.0002108434971162	0.00036647170775992553
55662.80778173223	0.9999397312442415	0.0003571600152202235
55662.828216113376	1.0001952750071732	0.00035106498510829675
55662.84865059475	0.9993846282400081	0.0003438000422096261
55662.869084876365	0.9998168292062587	0.00034397850923238504
55662.889519358214	0.9996281806617207	0.00034359074124670736
55662.90995364029	1.000054306641418	0.00034388447884262986
55662.93038802248	1.0000348913359463	0.00034465000585514466
55662.97125678757	1.0002682874774074	0.0003531861056704144
55790.82896544239	0.999890043350903	0.0003599948355795428
55790.84939907697	1.0003646529394095	0.00042277939541494463
55790.910700278604	1.0001217860567793	0.0003633982984125528
55790.93113411201	1.0002438159102511	0.00043547883897942347
55790.95156784496	0.9999442672144596	0.00041675558800678946
55790.97200147744	1.0001121307348573	0.0003777005218734438
55790.99243530992	0.9991657898413918	0.0003797764453039099
55791.03330277349	0.9998589577846138	0.0003976746072379872
55791.0537365048	1.0001474390084852	0.00033438612376241134
55791.074170135886	0.999518713362026	0.0003678125884045983
55791.0946039665	1.0000937904770026	0.0003761342135460548
55791.13547142681	0.9993847634474077	0.00033474207293137694
55791.1559050565	1.0002355089656016	0.00036005952873774643
55791.17633888595	1.000319014933897	0.0003586215356774174
55791.19677261494	0.9990404414945948	0.0003354035844864908
55791.21720634392	0.9997896674837419	0.0003348226438874517
55791.23764007221	1.000411491320893	0.0003397773377528736
55791.25807380027	1.0000653342968402	0.0003335875904143948
55791.27850762809	1.000262634014875	0.00040687964900825666
55791.29894125545	1.0002450981739528	0.000338702616423147
55791.31937498258	0.9994751937443431	0.00034814766627480837
55791.33980880947	1.0006763364508253	0.000425448099005678
55791.3602424359	0.9997540432167693	0.0003936500888730023
55791.380676162094	0.9996986131678985	0.00034604495960143065
55791.40110998805	0.9999937384814647	0.0003460921607417954
55791.42154361355	0.9999536563873427	0.00036991736635202623
55791.44197733858	0.9999551538605105	0.00033323000195945485
55791.46241116361	0.9999800574929135	0.0003334740077911405
55791.503278612276	0.9996004831211194	0.000352366430376823
55791.52371233614	1.0012953468793886	0.0003351566552854315
55791.54414595977	0.9998435219722068	0.0003342761299641734
55791.56457978294	0.9999024824904597	0.0003635872440347252
55791.58501350587	1.0004149860839404	0.0003344669585508446
55791.605447228576	0.9990344635676105	0.00033521025976978794
55791.625880950814	1.0002677017327208	0.0003647827681445681
55791.64631467258	0.9996484580500123	0.00039080530316522717
55791.66674839435	0.9998701974848287	0.0003409706806228095
55791.68718211566	1.0002949247738635	0.0003356444879782203
55791.707615836494	1.000131796572187	0.0003665870580269147
55791.728049557336	1.0000661675234794	0.0003402529628616534
55791.74848327748	1.0007472581961996	0.00034412545786193953
55791.768916997615	0.9997026315248405	0.0003394236197888969
55791.78935081729	0.9993693211985811	0.00038425705213258437
55791.809784436504	0.9998356890019027	0.00034285771250122524
55791.83021815571	1.0006858038909696	0.0003412218876158982
55791.850651974455	0.9992044356473633	0.0003845788955524086
55791.871085592735	0.9997958547618189	0.00035033089135557755
55791.891519310775	1.0006268659478925	0.00033957225581885314
55791.91195312859	1.000310737207799	0.0003400553422314375
55791.93238674594	1.0000393735055415	0.00036867178754797843
55791.95282046305	0.999840879944089	0.00033985449159112263
55791.9732542797	0.999837524765159	0.0003389651935734931
55791.993687896116	0.9999699770172465	0.0003676744921842437
55792.014121612294	1.000275545921209	0.0003373767147521591
55792.034555428014	1.0001953344156496	0.00034609766035095156
55792.0549890435	1.0004936122428694	0.0003570287941794564
55792.075422758746	0.9996578943244112	0.0003401644732624305
55792.095856573535	1.0000678567007961	0.0003668084534246822
55792.11629028809	0.9998611576524956	0.00036386765770724466
55792.13672400217	0.9996396917053116	0.0003351536870044731
55792.15715771603	0.9997076210441467	0.00033346797619923223
55792.17759142965	1.0000084230162618	0.0003335030443437753
55792.218458855496	1.000050706975576	0.00037690866760858833
55792.23889256819	0.9998017809359669	0.0003339046037561664
55792.25932638041	1.0002519884734622	0.00034216734072091187
55792.27975999217	1.0003256529398659	0.00033596069752942246
55792.30019370393	0.999678169198158	0.00033667219706559235
55792.320627514986	1.0003165474073423	0.00034842507479267826
55792.34106112605	0.9998433846829319	0.0003422978519460222
55792.361494836645	0.9997601456475518	0.00034498439738349086
55792.38192864677	0.9996901989590753	0.00033736936292455143
55792.42279606633	0.9994017145144904	0.000339055033415962
55792.44322967576	0.9995545916914352	0.00034023339373283606
55792.463663384726	0.9992803261184928	0.0003372829574293792
55792.48409719323	0.9990542450713364	0.0003387636412793782
55792.50453080172	0.9990745513316647	0.00034295982581158334
55792.524964509525	0.9988530057813214	0.00035802383310422304
55792.54539831732	0.9984993756533616	0.0003741066778882009
55792.56583192466	0.999222763740583	0.00034303294888268516
55792.58626563176	0.9993012308095152	0.00034608869583928033
55792.606699438395	1.0002957723329242	0.0003379220814096757
55792.6271331448	0.9991290198040204	0.0003337015048968698
55792.64756675074	0.999554284506983	0.00034658698907722997
55792.66800055644	1.0001221308554802	0.00033478795298742814
55792.688434261916	0.9997964734230433	0.00033694241412528453
55792.708867966925	1.0002615293211492	0.00033865903189061845
55792.729301671694	1.000440565952773	0.0003502599185395261
55792.74973537624	1.0001207848747407	0.0003408889724470449
55792.770169080315	1.0000314630572493	0.0003402085803726887
55792.79060278415	1.0003975226089405	0.00033711645788922213
55792.81103648753	1.0002339707401178	0.00034307758542046786
55792.83147029068	0.9998067079230857	0.0003379174226403472
55792.85190389335	1.0001154237248935	0.00034031584268200317
55792.8723375958	1.000285391092011	0.00034641803145075533
55792.892771398016	1.000343978723767	0.00034854686700754283
55792.91320499976	1.0000119219341226	0.00035785817577838985
55792.93363870127	0.9996742997444867	0.00033576898553925336
55792.95407250256	1.0002779911501372	0.000337778898568722
55792.97450610337	1.000104229205073	0.00034511616717906955
55792.994939903954	0.9998181307978181	0.0003393507267699258
55793.015373604074	0.9996148216824605	0.00033625065789104607
55793.056241003374	1.0000159873024161	0.0003357295561775804
55793.076674702796	1.0001832554771326	0.00033669066371251285
55793.09710840151	1.0004024030398055	0.00033477444823059227
55793.11754210023	0.9998515700805484	0.0003354759312471595
55793.13797569849	1.000030220376702	0.00033644816472223194
55793.158409396274	1.000135038819956	0.00033521210986149825
55793.17884319383	1.000548425135964	0.0003366513629294445
55793.19927689116	0.9998730585642557	0.00033587442944922743
55793.21971048824	1.0001860325651526	0.00033441372638123217
55793.24014428487	1.0004974545772056	0.0003346870787581114
55793.26057798103	0.99993021136428	0.0003369984244699716
55793.281011776955	1.000630939795033	0.0003354705311695252
55793.30144537265	0.9994497581846713	0.00033437371485010094
55793.32187906788	0.9999750055315606	0.00033549515051947676
55793.34231286287	1.0004394134578343	0.00033524327184941585
55793.362746457635	0.9997900836532159	0.0003337237073992061
55793.38318015193	1.0001642901853396	0.00033376896435271207
55793.40361394599	0.9997425035817855	0.0003342607687811017
55793.42404753959	1.000083497993816	0.00033450084928969185
55793.44448123296	0.9998840753634106	0.0003343581043355299
55793.46491502609	0.999443356754554	0.00034033764386504203
55793.48534861876	1.000206271569488	0.00033475995177679503
55793.50578231119	0.9994978620019989	0.00033538113156137014
55793.52621610316	0.9998506427232263	0.0003337846668426862
55793.546649694894	1.0003728178941231	0.0003356112445985547
55793.5670833864	0.999808201258301	0.0003364472769771373
55793.58751717743	0.9999376365411785	0.00033440483161573803
55793.60795076824	0.9993455736534083	0.0003379746872384411
55793.62838455857	0.9997297852848618	0.000344629601466333
55793.669251938554	0.9997970681906769	0.00033766448050625615
55793.68968562796	1.000247070089709	0.00034991957519037886
55793.71011931713	0.9999954660651276	0.00036571012751569954
55793.730553005844	0.9999008058285588	0.0003357692262057345
55793.750986694315	0.999888362697708	0.00034050099445604576
55793.79185407034	1.0001967860822	0.0003354375921749366
55793.812287757886	1.000503165003677	0.0003413336135597352
55793.83272144496	0.9992221794549834	0.00033503310782782993
55793.87358881842	1.0003608809129263	0.00033832275479604213
55793.894022504566	0.9996379453833217	0.0003449605461717387
55793.914456290484	1.000459040680369	0.00033765651527352966
55793.934889875934	1.0001222095180173	0.0003370677680901613
55793.955323561146	1.0002824024323256	0.00033730976082148935
55793.97575734613	1.0005582354624	0.00034048531007405857
55793.996190930644	1.000423874797069	0.0003376592253236985
55794.0166246147	1.0000742937074438	0.0003378121882583368
55794.03705839875	1.00029746834036	0.0003730646986650041
55794.05749198234	0.9996054486920443	0.00033789767858121323
55794.07792566546	0.9994643629700486	0.00033850290065500107
55794.09835944858	0.9999988840045613	0.00034663069098176807
55794.118793131	1.000164855487406	0.00035535384073775495
55794.13922671342	0.9995661409701997	0.0003495342574768595
55794.15966049538	0.9994644658851333	0.0003484684712753582
55794.18009417687	1.0001411953519486	0.00034310447038550035
55794.20052785836	0.9999247865094778	0.0003546243264810215
55794.220961539155	0.9998094809213427	0.0003420005114677826
55794.24139521994	0.9994819361444709	0.0003398051213921396
55794.26182900027	0.9996617287199496	0.0003854242687859664
55922.008331484525	1.0000846921220665	0.0003577528038103544
55922.028764184	0.9995964654017807	0.00035507438600703247
55922.049196883636	1.000761221037078	0.0003566838046495781
55922.06962968346	0.9997454538546402	0.00035639531612457266
55922.09006228351	0.9998874876655097	0.0003550660931910027
55922.11049498367	1.0001070199140831	0.00035532594372518576
55922.13092778408	1.0004825453751804	0.0003552907909304276
55922.151360384654	0.9996007004926126	0.0003600173454828798
55922.17179308534	1.000380472347322	0.00035942614579394624
55922.19222588627	0.999836542983126	0.00036000311819432923
55922.21265858743	0.9997746046071475	0.0003571538938819123
55922.2330911887	1.000764075580089	0.0003581148275508809
55922.27395669189	0.9994161888219039	0.0003578123420889856
55922.29438939368	0.9993187692373603	0.0003693622890471049
55922.314822095774	1.00026610144695	0.0003545743645878835
55922.33525479798	0.9992573864650995	0.00036109517161061734
55922.35568760036	1.0000950026022906	0.0003561313574099638
55922.3965529057	1.0003167675346893	0.0003546586074382758
55922.41698570866	1.0002233715188558	0.000360144574940082
55922.45785101511	0.9997879252040731	0.0003548076543394624
55922.49871642231	1.000414536774794	0.00035664975583864266
55922.51914922621	0.9997227347177025	0.00035727338716658906
55922.53958193027	1.0000591118909603	0.00035474996355852064
55922.560014534516	0.9993797291500608	0.00036450871063933334
55922.58044733893	0.9998226787051477	0.00035426093136781134
55922.60088004352	1.0003880341057891	0.00035886109977056337
55922.62131264835	1.000363012803085	0.00037078046852982526
55922.64174545335	0.9995937541629882	0.0003588316001539558
55922.66217805852	0.9995417799030228	0.0003636687311307801
55922.68261086387	0.9998081374322592	0.0003626901935720753
55922.70304356945	0.9998944521805666	0.00035383367336694837
55922.72347627515	0.999913290312636	0.00035388033880191956
55922.74390898108	1.0002780629376293	0.00035398589093627627
55922.76434168719	0.9993350405934653	0.000357460834184977
55922.78477439346	1.000339568213989	0.00035405572484788683
55922.80520709998	1.0008395461775623	0.0003565793059920771
55922.8256398066	0.9997278757116931	0.0003589536877862971
55922.846072513465	0.9998484285021555	0.0003544657930468227
55922.8665052205	0.999859445790341	0.00035406535552489406
55922.88693792772	0.9991150730380436	0.00035457186328311267
55922.907370735156	1.0003716422448896	0.0003547655207322519
55922.92780344278	0.9998047215122696	0.00036422063910616925
55922.948236050564	1.0002699085596953	0.00037109281847121295
55922.968668858535	1.000177680282742	0.00039173157690262114
55922.98910156668	0.9995854233586448	0.0003904733776958714
55923.00953417506	1.000159566864749	0.0003799365001351846
55923.029966983544	1.0002531068780316	0.0003621244867927036
55923.05039969227	0.9994133683288468	0.0003560476844422255
55923.07083230122	1.0000739371358154	0.00035450268689529924
55923.0912651103	1.000040542672124	0.00035487802364620147
55923.11169781961	0.9996120831946347	0.0003538209930479426
55923.132130629085	1.0000317990104404	0.00035474684214801893
55923.15256323874	1.0000326612077375	0.0003538506332305416
55923.17299594863	1.0003302717803395	0.0003546506168442863
55923.19342875869	1.00049769472573	0.0003539257347716683
55923.21386136893	0.9996814903301974	0.0003538546606815616
55923.234294079346	1.000084934632174	0.0003556747739557002
55923.25472678993	0.9999670036632196	0.00035627438604019353
55923.27515950075	1.000525056012022	0.0003598920655576449
55923.29559231175	0.99992892879444	0.00035709543696815993
55923.31602492291	0.9997434467655278	0.00035721682612911996
55923.336457634316	0.9997025140180569	0.0003625313664305154
55923.35689044584	1.0005481801645817	0.0003560995566867791
55923.37732305764	1.0000231185004864	0.0003552302736545935
55923.39775576957	1.000162388652813	0.00035801770661761243
55923.41818858167	0.9997217565282673	0.0003538686651407738
55923.45905390657	1.0000720145779645	0.00035548212076717253
55923.479486719254	1.0005953894325046	0.0003541977427539255
55923.5203521452	1.0005372720457857	0.000353987120107768
55923.540784858524	1.0004190972468758	0.0003551618544605498
55923.56121757196	0.9999752521823357	0.0003545904285912008
55923.58165038563	0.999537534260913	0.00035538307753344426
55923.60208299948	1.0005009761000128	0.0003565365430252063
55923.642948527755	0.9996710429477397	0.0003606407653335182
55923.663381142185	0.999610294562423	0.00035552646841201105
55923.683813956784	0.9986035715063708	0.00035553668423231517
55923.70424667162	0.9986880226399664	0.0003565510753478527
55923.724679286635	0.9991185020000879	0.00035551754295811105
55923.74511210182	0.9986080657268253	0.0003559148333555408
55923.76554481718	0.9992054734751805	0.00035814498301170087
55923.78597743277	0.9991182471160948	0.00035587873060436104
55923.80641024854	0.9990412226173685	0.0003592889899094728
55923.82684296454	0.9996123175419582	0.00035606311169550224
55923.84727558066	1.0003539723216437	0.00035685436661535616
55923.867708397	0.9996301570716413	0.00037486710338409916
55923.88814111353	0.9994448637187449	0.00036451779692262324
55923.90857383028	1.000100748197878	0.0003657433509442716
55923.929006547216	1.0004142343463092	0.00036601502453754525
55923.949439264325	0.9997108589426948	0.0003575218783046284
55923.969871981666	0.9997015787922262	0.00035803182858717465
55923.990304699175	0.9998411764932932	0.0003579861946071638
55924.010737416866	1.0000520744096963	0.0003579301707521717
55924.03117013478	1.000025084371274	0.0003580345495432689
55924.05160285282	0.9998426526924362	0.0003577630029794411
55924.07203567115	1.0000835193566382	0.000357711693638088
55924.092468389594	1.0003679930997007	0.000357641852240833
55924.11290100827	1.000112746006519	0.0003576422483884641
55924.13333382719	0.9996961852889554	0.0003573970621828321
55924.15376654621	1.0004284826750434	0.00035737831967859793
55924.17419916547	0.9999162449491161	0.000357224659830427
55924.19463198491	0.9994096697644352	0.00035707253949635417
55924.21506470457	1.0003324663924398	0.0003570198659940192
55924.235497324415	0.9999882432322826	0.0003570591579594507
55924.255930144434	1.0001560106299792	0.0003567538571754741
55924.27636286468	1.0001565455629566	0.00035729148879386116
55924.296795685106	0.9995446033541022	0.0003574844096990303
55924.31722830571	1.0003457025243454	0.00035639190066051433
55924.33766102653	1.0013744854205855	0.0003563008390841687
55924.35809384754	1.000555902513033	0.00035607887508271496
55924.37852646878	1.000332856409973	0.00035592598284188534
55924.39895919019	0.9998524061991354	0.0003551624934183402
55924.41939201178	0.9996783358510767	0.0003555835706322356
55924.43982463355	1.0001894052920624	0.0003554911417945567
55924.46025735554	0.9999527227139179	0.0003553191263340616
55924.48069017777	1.0005535825792657	0.00035685353329787057
55924.501122800175	0.9997051452888923	0.0003600807742912832
55924.52155562275	0.9998996428569171	0.000362012356753342
55924.5419883455	0.9998480959392254	0.0003571001065321241
55924.56242106849	0.9994511550903238	0.0003589468893774979
55924.582853791646	0.9998586410036485	0.00035536271072957395
55924.60328651504	1.0003629423209168	0.00035443053296200903
55924.62371923861	0.9997211833421511	0.0003543663913174506
55924.64415196235	1.000074762276712	0.00035420306777223
55924.68501741048	0.9993300619713648	0.00035412625224140237
55924.705450134854	0.9995288828740021	0.00035399263623619835
55924.72588285941	1.0002697645715952	0.0003543958601553499
55924.74631568414	0.9999745591826503	0.00035450707019442417
55924.766748309106	1.0003437912864033	0.0003575190074354037
55924.78718103425	1.000209334611181	0.0003568514917004243
55924.80761385956	1.0004345666751262	0.00035854753007259776
55924.82804648516	0.9995773091403173	0.0003540841628831728
55924.84847921089	0.9999593290361783	0.0003605841949939126
55924.868912036836	0.999623612019477	0.0003584259231861538
55924.889344662966	0.9999714603123715	0.0003605657927247782
55924.90977748933	1.0001068956561214	0.00035712617510683304
55924.93021021586	0.9996718424740972	0.00035789642129221494
55924.950642842574	1.000608850075963	0.00035499496355535906
55924.97107566952	0.9991700548884447	0.00035443352895763125
55924.99150839663	0.9995463593130576	0.0003545279320538429
55925.011941023986	1.0004733931436003	0.0003545327452452485
55925.032373851514	0.9998409777285179	0.00035489974630958856
55925.05280657927	0.99979039406763	0.00035676624576065267
55925.073239407204	1.0000471978222207	0.0003556083748529449
55925.09367203537	0.9995108241656818	0.00035639659681755066
55925.11410476371	0.9997727026868107	0.000356252025481299
55925.134537592225	1.0003348054739694	0.00035649036040169666
55925.154970220974	0.9992576489429983	0.00035638738398091824
55925.17540294989	1.000114099698156	0.0003552838676388134
55925.19583577905	0.9998721607524281	0.00035611428873646387
55925.21626840838	1.0003666001904614	0.0003557426966788925
55925.23670113788	0.999672595529933	0.00036065168141215427
55925.25713386768	1.000128290403607	0.00035584157634986554
55925.27756659759	0.9996410576699055	0.00035780837281096844
55925.297999427734	1.000178399700069	0.00036047953294127724
55925.318432158056	1.0002130428260676	0.00035565070108197264
55925.33886478861	1.00031565846807	0.0003597820185675842
55925.35929761933	1.0002314287261647	0.0003565025993548263
55925.379730350294	1.0001638517195706	0.00036088843748789104
55925.40016298149	1.0000332844392155	0.00036540515159985514
55925.42059581279	1.0000145947265708	0.00036041680344222737
55925.44102854434	0.9997382507434462	0.00036833546914083893
56053.19244504573	0.9999047511986947	0.00035276841791530945
56053.25374860847	0.9998950603957093	0.0003553145231045235
56053.3150521722	1.0004295079055017	0.00035489640464263423
56053.3763557369	0.9995127428462176	0.00036095846443371553
56053.396790358696	0.9994969858323661	0.00035897239737129867
56053.437659402596	0.9997265996910949	0.00036120158662383904
56053.458093924724	0.9999175769888256	0.00036039846595334253
56053.47852834694	1.000186202259466	0.00035693187358259857
56053.49896296928	1.0005982711881578	0.00036657169821562187
56053.51939749171	1.0001677224714283	0.00036136484296270293
56053.60113568257	0.9994928919949747	0.00035884872597626125
56053.621570105555	1.0003842023434273	0.0003554392403841157
56053.66243925186	0.9997046982297824	0.0003645536192943467
56053.68287377515	0.9998258382985448	0.00036223648002892605
56053.74417734572	1.0002293132494526	0.00042091006312450533
56053.76461186945	1.0002363081181354	0.0003953919555437844
56053.805480917246	0.9993853502347209	0.00037472948437340615
56053.82591554131	0.9997729146485058	0.00037402068880296695
56053.84634996545	1.0004091964340898	0.00036780656231589386
56053.866784489735	1.0002329875381681	0.0003668832161449453
56053.94852268789	1.0000440736462854	0.0003529884156811394
56054.009826262605	0.9998880690127129	0.0003536278412895852
56054.03026068772	1.0000262958715291	0.0003544112333526295
56054.071129838296	0.9998529206014715	0.0003523537269790854
56054.091564263705	0.9996523603987588	0.00035275891551093394
56054.11199888927	1.000200496267155	0.00035318103730594495
56054.13243331492	1.0002407845922634	0.00035327452887388153
56054.15286794065	0.9996129987128811	0.000352184614345431
56054.17330246653	1.0004061300010796	0.00036066886291214855
56054.19373699247	1.000144502488688	0.000354826905801603
56054.21417151855	1.0005497842751632	0.0003536470325344088
56054.23460604472	1.0003056747523158	0.0003573989658966169
56054.255040571	0.9997395968032905	0.000354326504234201
56054.27547509737	0.9995677964685278	0.00035303439389230176
56054.29590962386	0.9998045318419069	0.0003531418592693062
56054.31634415046	0.9999537009082363	0.00036477263839641627
56054.33677867715	0.999800405407069	0.0003827457599266293
56054.35721320393	1.000421805394446	0.0003935150208752126
56054.37764783084	0.9998779622247311	0.00039469286697823067
56054.398082357846	0.9999089892606994	0.0003816568807341971
56054.41851678495	0.9998768696511683	0.0003751130580030283
56054.43895141217	0.9995832223928931	0.0003631586013765129
56054.45938593949	0.9995609927045095	0.0003560982613552608
56054.4798203669	1.000286737055228	0.00036488979196280065
56054.50025499443	1.0002783982523056	0.0003664188517189719
56054.52068952206	1.000014286589909	0.0003953306101669263
56054.54112414979	1.000317436231519	0.0004444812553802793
56054.561558577625	1.0004012332204808	0.00046192389413246174
56054.58199310555	1.0000329080838606	0.0004481806446254328
56054.60242773359	0.9999952220135383	0.0004054310091653104
56054.622862161734	1.0001974396856168	0.00036743675079177024
56054.643296689974	0.9999813012088388	0.0003649967074934823
56054.66373131833	0.9998426846029047	0.00035840115280022327
56054.684165746774	1.0003206388236003	0.0003586038104951257
56054.725034803974	1.0007311158850614	0.00037034400840036264
56054.74546933273	1.0001668527603975	0.000371971149546503
56054.78633839055	0.9991726015092817	0.0003673065603503741
56054.806772919605	0.9987274098851942	0.0003683947685442652
56054.82720754877	0.9991626178592207	0.0003755679673986467
56054.84764197803	0.998887628389376	0.0003549302856890806
56054.88851113686	0.9988682142253371	0.000360901664152812
56054.90894566644	0.998850390118312	0.00035794464630413837
56054.929380196096	0.9984910732021322	0.0003563942218275803
56054.97024925573	0.9984582172501979	0.0003536075547936097
56054.9906837857	0.9998154405741199	0.0003576433898527355
56055.01111831577	0.9988105009049756	0.0003557832765348364
56055.03155284595	0.9999592239914723	0.00035801367570258234
56055.072421906596	0.9995266658429264	0.000355991367836233
56055.09285653706	1.000288620840231	0.00035755744846465245
56055.11329106764	0.9993508310091019	0.0003573503131416551
56055.17459465995	1.0006906481006745	0.0003569432572300881
56055.23589825316	1.0003933857553038	0.0003568704120205113
56055.256332684425	0.999874427419701	0.0003653116961104717
56055.27676731581	0.9997622285084404	0.00037172762780445184
56055.31763647883	0.9999769595246761	0.00038916792745067854
56055.338070910504	1.000601100673566	0.00036419741297907506
56055.35850544226	0.9996370421572147	0.00035327015053367416
56055.378939974136	1.0003159099613543	0.00035345787427358403
56055.41980903815	0.9994970577696851	0.00036553926843713944
56055.440243570316	1.0001879590268692	0.00036879154550742383
56055.481112734924	0.9998467167747287	0.0003587399589979562
56055.501547167376	1.0002982549641812	0.0003524345893983617
56055.52198169993	0.999545702396146	0.0003559848272482519
56055.562850865324	0.9999028322103619	0.0003535358831966284
56055.58328529817	1.0000154512566906	0.0003562017381782249
56055.60371993111	0.9999178692619441	0.0003525950979373486
56055.62415446415	0.9997046938822607	0.00035256683470789564
56055.64458899729	0.9997606673635615	0.00036031751286400677
56055.66502353052	0.9996521322691084	0.00038464376115097986
56055.68545806385	0.99990165224256	0.0003868051335684973
56055.70589269728	1.0009287407835197	0.00038224666020557786
56055.7263271308	0.99978414920238	0.00036954656685308666
56055.74676166443	1.0001409609402465	0.00035292822187187007
56055.76719629814	1.0001597957089716	0.0003521159765939306
56055.78763073195	1.0003632047690814	0.0003533838848205634
56055.80806526586	0.9997393255437483	0.0003543880800293154
56055.82849989987	0.99942035533201	0.0003551501584658743
56055.86936896818	0.9994977912588023	0.00035203828350541656
56055.88980350247	1.0003124457534498	0.0003549036098585985
56055.93067257135	1.0001207931595335	0.00037538341900939795
56055.95110710592	0.9998654578898807	0.00037135993631787635
56055.971541540595	0.9999340959642286	0.0003718037975670168
56055.99197617538	0.9998824811478466	0.00036745809013652447
56056.01241071024	1.0006587675237144	0.00035609355308556756
56056.0328452452	1.0002121444485037	0.0003519363351318441
56056.053279780266	0.9993841729607928	0.00035218552799968095
56056.07371431541	0.9998774121486155	0.0003593874038234715
56056.094148850665	0.9994906997129822	0.0003621109475920779
56056.11458338601	1.000145505968551	0.000366375666861907
56056.13501792144	0.9999684469793004	0.0003744307201854349
56056.15545245698	0.9998288987315913	0.0003839359265755128
56056.17588699261	0.9995061507354502	0.0003788287094867883
56056.196321528325	0.9997942369572443	0.0003638735576380323
56056.25762523606	0.9995399066624242	0.0003717706095474268
56056.29849420835	1.0006926598109245	0.0003985886597587889
56056.31892884463	0.9996306072370713	0.00038540199525786186
56056.35979781748	1.0006585622312865	0.0003751251870802917
56056.4006669907	0.9996275639254291	0.0003616553678297949
56056.42110162746	0.9998079056174352	0.00035435836875600364
56056.441536064296	1.0004127076740352	0.00035445885577450236
56056.46197060123	1.0004795425397932	0.00035558566066928345
56056.48240523827	0.9999947355386052	0.00035577533698818135
56056.502839675384	0.9999612752706841	0.000355948784059941
56056.56414328731	1.0003885382906952	0.0003616185334889268
56056.584577924805	1.0002553561047054	0.0003617789701364615
56056.62544690006	0.9999710729509932	0.00038244018318681484
56184.359608132356	1.0005134976719194	0.00037004498156396366
56184.38004142514	1.000341531302436	0.0003497812657802079
56184.40047491769	1.0003179413915624	0.0003629171069243603
56184.42090830977	1.0003207744558607	0.00035832852080836913
56184.44134160162	0.9993675559015325	0.00034903335265863857
56184.46177509324	1.0007142188332216	0.00035740566500226927
56184.48220848438	1.0002735455970215	0.0003483789920551578
56184.502641875304	1.00036280260184	0.0003483625439310437
56184.52307526599	0.9993149823498122	0.0003487795535782862
56184.56394204596	1.0002703858397965	0.00034834274771443563
56184.58437543549	0.9997104027522891	0.0003484388626045023
56184.60480882477	1.0003068545463187	0.000356685836549372
56184.62524221383	0.9999512083854758	0.00035290345190316713
56184.64567560242	0.9996062250074073	0.0003622260653387517
56184.66610899054	1.0003631759519822	0.0003556292981655735
56184.686542478434	1.0003075027543575	0.00035100000291411244
56184.706975766094	0.9995689475390226	0.0003589380432507026
56184.72740915328	0.9996299156691624	0.0003524017571267827
56184.747842640245	0.9999849746464415	0.0003565000980449521
56184.768275926974	0.9999115585639662	0.00035294587076622157
56184.78870931323	0.9996436053139737	0.000355967953139419
56184.80914279926	0.9991941754573361	0.000360492601977307
56184.82957608483	0.9998508391896297	0.0003513985704719353
56184.85000947015	1.000239857432819	0.0003512807207259313
56184.87044295502	0.9997446451293742	0.0003485188335670587
56184.890876239886	0.9999323178047492	0.00037571907060764554
56184.91130972405	0.9996144209807957	0.00036647941949641976
56184.93174310798	1.0002830750463625	0.0003486740730499919
56184.952176391685	1.000287988069129	0.0003486356938442325
56184.97260987515	0.9998470075428565	0.0003808440754864344
56184.99304325815	1.0001187587215352	0.00034886192009931294
56185.01347664092	0.9996544852629811	0.00034941934873264656
56185.054343405296	1.000047716242343	0.00038515638927495786
56185.0747767869	1.000348693677052	0.00035169913118254944
56185.09521016827	1.0001129137816531	0.00035186029118488773
56185.11564354941	1.0004402690211833	0.0003517215604128784
56185.13607693008	1.000164155614355	0.00036489972870716326
56185.156510410525	1.0002113568082975	0.000353265911248091
56185.1769436905	0.9998618299741763	0.0003538678981762432
56185.19737717024	1.0000427670432201	0.00035100175793744835
56185.21781054975	0.9996776930261941	0.0003659156280655537
56185.2382438288	0.9997358400734195	0.0003525100401758611
56185.258677307604	1.0001803168994927	0.0003512527676956435
56185.27911058595	1.0000386523417466	0.00035023861683676553
56185.299543964065	0.9999822067318986	0.0003564662137076669
56185.31997744194	1.000596283662608	0.0003525066038773034
56185.34041071936	0.9995946163787349	0.00035323926771400487
56185.36084409654	0.9999036197236617	0.00035087992263966477
56185.38127757325	1.000541546768902	0.00035018217998689777
56185.401710849736	0.9998723315848665	0.00035168296012179275
56185.422144225755	1.0001663754860983	0.0003514145998325929
56185.442577701535	1.0004561101676885	0.00035970685322651836
56185.46301097709	1.000358163117619	0.00036193580040085684
56185.483444352176	0.9997171898543105	0.000359300367972035
56185.503877827025	1.0001265266728847	0.0003590085936365149
56185.52431120165	1.0003044251975157	0.0003659271010467828
56185.5447445758	1.0000182164389384	0.00034880461024092504
56185.56517794972	0.9998339508523992	0.0003606234144766698
56185.58561132318	0.9995369354972998	0.00034995778144022185
56185.606044696404	1.00009481536901	0.00035336020638784816
56185.626478069156	1.0003771951225036	0.00034883756740555386
56185.64691144168	0.9994450825678123	0.0003680627201562904
56185.66734491398	0.9994900426799781	0.00035098756432337273
56185.6877781858	1.0003847847355658	0.00036245542594910376
56185.708211557394	1.000169741677468	0.0003578928594852448
56185.72864502875	0.9999353367087827	0.00035339788329250016
56185.74907829965	1.0000457982320468	0.00036769943777492127
56185.76951167008	0.9999257178973509	0.00037307263965991093
56185.78994514051	0.9995157806335822	0.00038077243761555787
56185.81037841047	0.9992129476492613	0.0003516113592663196
56185.83081177997	1.0000767315626702	0.0003618336575176852
56185.85124524923	0.9999139225425249	0.000371268481686129
56185.87167851826	1.000407449197017	0.0003764558904657021
56185.89211198683	0.9997567428959779	0.00036311949889110255
56185.91254535517	0.9994570705598536	0.0003642907351870118
56185.93297862303	0.9997599565503761	0.0003609904943251982
56185.95341209067	0.999190013589723	0.0003776974341347829
56185.973845458066	0.9997942910159032	0.00035442804773538016
56185.994278725004	0.9992395820831491	0.0003680152233812312
56186.01471219171	0.9994098675616823	0.00036772590636724233
56186.03514555795	0.9994306970325241	0.0003905575479505398
56186.05557882395	0.9986084265936823	0.000352111801172933
56186.076012289726	0.9987452814440063	0.00036391657113875775
56186.09644565503	0.9988472831740207	0.00039479373379885946
56186.116878920104	0.9994321424890595	0.00037196766795576824
56186.15774574909	0.9996962774561085	0.0003693692431429091
56186.17817921323	0.9988311893834426	0.00037829457290688523
56186.19861247691	0.999988919520125	0.0003881653851475405
56186.21904584035	0.99951025599549	0.00036975649455785366
56186.23947930333	0.9996278928499663	0.00035303796704416827
56186.25991256608	1.0002080415563501	0.00037142759303584143
56186.28034592859	0.9997206095230451	0.000379187224104718
56186.32121265245	0.9998178166605567	0.0003564535487123416
56186.341646013796	1.000266328756617	0.00040388974620862624
56186.38251273557	0.9997993057636758	0.0003999946292257762
56186.40294609622	0.9999702658505817	0.0003531611006210965
56186.42337955617	0.9999456603882778	0.0003908599614675033
56186.44381281612	0.9995648064582356	0.00037474407394046
56186.4642461756	1.0001453535223797	0.00036648162748857097
56186.484679634625	0.9995658267202255	0.000363618379871084
56186.50511299621	1.0001865734351587	0.0003531508280615405
56186.525546354525	0.9998637288761894	0.00035519963586772745
56186.54597971285	0.999794468437778	0.0003509454102120392
56186.586846428094	1.000359825566619	0.0003491533348836911
56186.60727978549	0.999698924914953	0.00035351610605258464
56186.62771314218	1.0003113711668938	0.0003634655643264759
56186.64814649887	0.9997336301980908	0.0003519908381873515
56186.6685798551	1.0010466609418336	0.0003499659630379039
56186.70944656638	0.9999121157282918	0.0003499297167852634
56186.72987992168	1.000109785439466	0.000352849559759952
56186.75031317651	1.0008023904645957	0.0003491570997272111
56186.770746631104	1.0001067748413766	0.00035334098823884487
56186.79117998547	1.0002716078958134	0.0003494138793272987
56186.81161323937	0.9999163964999154	0.00035689097809425685
56186.83204669303	0.9995957868867293	0.0003522923429570361
56186.85248004623	0.9997686120908668	0.0003495720493709633
56186.8729134992	0.9994430806878971	0.0003538852359281636
56186.89334675193	0.9998019062870545	0.0003494812214366641
56186.9137801042	1.0006399718986216	0.00035231001563951707
56186.93421355601	0.9999633319539908	0.000349182264044295
56186.954646807804	0.999197330620641	0.00034968996842021656
56186.99551361002	1.000311858584579	0.0003587327022580998
56187.01594696065	1.0001780238575861	0.0003513764185179706
56187.03638021106	0.9998845501039715	0.0003632108040595141
56187.056813661	0.9997999299072782	0.0003503524339871039
56187.077247010704	0.999931014640276	0.0003519697617777854
56187.09768026018	1.000268228473649	0.00035485824184243247
56187.11811370919	1.0003125830776975	0.00035271811114723933
56187.13854705796	1.000000170506336	0.00036457731257826876
56187.158980306274	1.0000258931058004	0.0003539587725600874
56187.179413754355	1.000066908966822	0.00035312693748541834
56187.199847102194	1.0004216829778145	0.00038571249595404495
56187.220280549576	0.9998035674950558	0.00037719299185196367
56187.2611471434	1.0002163125622818	0.0003577371093020353
56187.30201383583	1.0003894750255649	0.0003495015490614546
56187.32244718181	0.9995259796266305	0.00034998018030907367
56187.3428806271	0.9999816623677877	0.00034897311151703604
56187.36331387238	0.999889490261773	0.0003550171934131842
56187.383747217194	1.0005592549701903	0.0003521928587843082
56187.40418056155	1.0004067377664554	0.0003489331133692383
56187.42461390567	0.9995133438844377	0.0003730558392368706
56187.46548059321	1.0000499782852232	0.0003489652286881845
56187.4859139364	0.9998233374088497	0.00035422698570704487
56187.506347379116	0.9995029021723186	0.00042087481360139324
56187.547213963866	1.000168017961728	0.00035148508218155975
56187.56764740565	0.999355650855573	0.000357590004881598
56187.58808074721	1.0000905283019716	0.0004127250344958911
56187.60851398854	1.0001373755085865	0.00035101864246258013
56187.628947429395	0.9999126190882179	0.0003506267069848988
56187.649380770024	1.000348858011031	0.0003506108034409221
56187.66981401018	1.0000745599878091	0.00039561282561505066
56187.69024745011	0.9996353208509736	0.0003543846470399518
56187.71068078981	1.0000093100885843	0.0003550782382215865
56187.73111402904	0.9997124534849597	0.0003505435348938572
56187.75154746803	1.000077087565229	0.00042240393175559815
56187.77198080657	1.0000742131647957	0.0003806246779878722
56187.79241404486	1.000693814059036	0.00036559150254513633