55134.928667635286	0.9994988919287603	0.00035248976723514455
55134.94910023958	0.9996646152304642	0.00035250305963023407
55134.96953294365	0.9997811334143191	0.0003525153558485934
55134.98996544772	1.00020513100509	0.0003525401068509068
55135.010398051665	0.9996812568737696	0.0003525016385856283
55135.0308306555	1.0005646388656062	0.0003525598855933225
55135.05126325922	1.0001698556656315	0.0003525236764353819
55135.07169586282	0.9995914286174538	0.0003525040454268305
55135.09212846642	0.9999118358403375	0.0003525096995812111
55135.11256116979	1.000205595976441	0.0003525065232328529
55135.132993673156	0.9992052822425858	0.0003524484207669548
55135.15342627641	0.999827428972497	0.0003524717762984052
55135.17385897966	1.000805155232006	0.0003525776782920283
55135.19429148268	0.9998705948192123	0.00035246735979124673
55135.2147240857	0.9996008652361253	0.0003524654263341717
55135.235156588606	0.9996135155527073	0.0003524567171293816
55135.25558929139	1.0003201523856748	0.0003525060671922338
55135.27602189406	0.9995899042588844	0.00035244075027540315
55135.296454396615	1.0004399076393393	0.00035248812394202345
55135.316887099165	0.999635705306862	0.00035243481026642003
55135.337319701604	1.0007915285646054	0.000352521301683601
55135.35775220393	0.9999327719071165	0.0003524318434758199
55135.37818490613	1.000053557088954	0.0003524466256459972
55135.43948261216	1.000157128952763	0.0003524217106921651
55135.459915314015	1.0000680579574073	0.0003524172792098118
55135.480347815756	1.0007593685299863	0.0003524731981898128
55135.50078041749	1.0005660312428941	0.0003524473633794663
55135.521213119	1.0001386810790533	0.00035239318071739537
55135.541645620506	0.9999247818257501	0.000352383882009959
55135.56207822189	0.9995848281795648	0.00035235226467634004
55135.582510823166	0.9999695586433117	0.0003523670733306026
55135.60294342444	0.9998865920992793	0.0003523677523157545
55135.623376025476	1.0001118628234993	0.00035238186767812474
55135.64380862652	0.9998589396660299	0.0003523431789632167
55135.664241227445	1.0001807907270015	0.00035236130273410226
55135.68467382825	1.0001155954185874	0.0003523561216662749
55135.70510642906	0.9994317243996764	0.0003522783809876442
55135.725539129635	1.0000670471543103	0.00035232827927850316
55135.745971630204	1.0003153110217355	0.00035235365296745064
55135.766404230664	0.9997082310021711	0.00035228558012474775
55135.78683673101	0.9999327236057434	0.00035229871699251584
55135.807269431345	1.000095395333257	0.0003523504957188285
55135.82770203157	1.0000737072762709	0.00035231053017101613
55135.848134631684	1.000155682910085	0.00035230156534803376
55135.86856723167	0.9994627478764327	0.0003522396022939
55135.88899983155	0.9998917065418942	0.00035227861677995125
55135.90943243143	1.000036727842298	0.00035228277261386724
55135.92986503118	1.000659587421752	0.0003523278138209893
55135.95029763083	0.9999911987564503	0.00035226592505693664
55135.97073023036	0.9997606293768923	0.0003522478956256537
55135.99116272977	0.9997189392420136	0.0003522397892852158
55136.011595429176	1.0003257396535836	0.00035230838538361946
55136.03202802847	0.9998369267952302	0.0003522313900001265
55136.052460527644	1.0005929811412806	0.00035231725495463455
55136.072893226825	1.0001159605537633	0.000352269104850392
55136.09332582577	0.9999324051665448	0.00035224528679919876
55136.11375832471	0.999879810842371	0.0003522386116663734
55136.13419092354	0.9992292425112916	0.00035217865284151314
55136.15462362237	0.9994779300066494	0.0003521957713281875
55136.17505622096	0.999842664427151	0.00035220908115312315
55136.19548871956	1.000587184656636	0.00035226020024072354
55136.21592141804	0.9999204355720822	0.0003522313421605822
55136.2363540164	0.9998103768750513	0.00035219847318266494
55136.256786514765	1.0007521789459117	0.000352269945166483
55136.277219213014	1.0000247276639092	0.000352199350836262
55136.29765171114	0.999872119791275	0.00035217515576892644
55136.318084309154	0.9998115603127615	0.000352170070492038
55136.33851690717	0.9997657894444653	0.000352164914819697
55136.358949504945	1.000408985679861	0.0003522083365268641
55136.37938210273	1.0008616531845156	0.0003522585615878109
55136.39981470051	0.9998184959447377	0.0003521577020828606
55136.420247298054	1.000284960706306	0.0003521803275343298
55136.440679895604	0.9999830037102941	0.00035213843157907916
55136.46111249304	0.9997119369593832	0.00035212319569140376
55136.481544990354	0.9996903475831631	0.00035210875839851577
55136.52241028498	0.9998797744407241	0.00035210351386525486
55136.54284278206	0.9992601836550945	0.00035204174564161777
55136.56327547903	0.9996122512115394	0.00035205484998344287
55136.58370807588	0.9991383894021196	0.0003520049697995264
55136.60414057273	0.9987412952607014	0.00035197468575403436
55136.62457326946	0.9995032072036782	0.0003520152298079367
55136.645005866194	0.999276724702363	0.00035198352925478593
55136.66543836269	0.9991863566614673	0.0003519642273156852
55136.68587095919	0.9996224768026033	0.000351984145410007
55136.70630365558	0.9996737423067201	0.0003520030395725531
55136.726736251956	0.999107691073833	0.0003519250983232708
55136.74716874811	0.9993471642349235	0.00035194405036564707
55136.76760144426	0.9998313753015995	0.00035197671930841144
55136.78803404029	1.0008179203146756	0.0003520175657467902
55136.80846653633	0.9998315523495965	0.0003519283834642681
55136.82889923213	0.9998351961372259	0.00035192994039743875
55136.84933182793	1.0003119169970522	0.00035195027769458436
55136.86976432373	1.000335233789663	0.0003519387525434988
55136.91062961487	0.9999560609630029	0.00035190030027628386
55136.93106211032	0.9998932247762203	0.00035187179243637316
55136.951494705776	1.0000428406902213	0.00035186594718502034
55136.97192740099	0.9997570912635174	0.00035183293635944425
55136.99235989621	0.9994172533446111	0.00035179233724857
55137.01279249132	0.999331533287754	0.00035177131694255853
55137.033225086416	0.9993544408246025	0.0003517668727201175
55137.053657781405	1.000902004861007	0.000351889233439424
55137.07409027628	0.9999075916037486	0.0003517982033972699
55137.09452287103	1.0001248046032893	0.0003518010211988774
55137.11495556578	0.9996953917304026	0.0003517637711914255
55137.13538806042	1.0003348925191067	0.0003518004539044935
55137.15582065494	1.0001216633869412	0.00035179260512514294
55137.176253349346	0.999835514634856	0.00035173166022041044
55137.19668584375	1.0005727838783245	0.0003518095517741314
55137.21711843804	1.000614967041071	0.00035179792482960097
55137.237551032325	0.9999750889717485	0.0003517310949673996
55137.25798362638	1.0004650675862972	0.0003517597678291069
55137.27841622043	1.0004709085017867	0.00035175675496473016
55137.298848814375	1.0000019645167384	0.00035172366639075775
55137.319281408316	0.9997185144114445	0.0003516834732897763
55137.36014659584	0.9999179918109626	0.0003516923734539948
55137.380579189434	0.9994654861619321	0.0003516482445353344
55137.40101178302	1.0000212489730844	0.00035167698425260844
55137.421444376494	0.9999901713981769	0.0003516797018925407
55137.44187686997	0.9999481096659153	0.0003516694943723671
55137.46230956321	1.0001655023617781	0.0003516791072722635
55137.48274205645	1.0001415422821234	0.00035168622786028856
55137.50317464969	0.9999250580517647	0.00035165227488081206
55137.52360734269	1.0001907490011774	0.00035166787476776366
55137.5440398357	0.9997977414553338	0.0003516593002869807
55137.564472428596	0.9995240447216164	0.0003516315607846438
55137.58490512149	0.9998408493724943	0.00035163331723715046
55137.60533771426	1.0000610400061043	0.00035164113714793513
55137.62577020692	0.9997212448935334	0.0003516013068814595
55137.646202799464	0.9994325427501709	0.000351588792695277
55137.666635492	1.000402918379605	0.00035165976777736137
55137.68706798443	0.9995735625364761	0.0003515769539396983
55137.70750057686	0.9998814616999512	0.00035161065063710667
55137.727933269045	1.000132109686394	0.0003516148614303142
55137.74836576124	0.9998148768243752	0.00035157051618137797
55137.76879835343	1.0002784857363778	0.0003516203953474849
55137.78923094539	1.000587323717891	0.00035165412378591844
55137.80966353735	1.0000507034493356	0.0003515973716656107
55137.83009612931	1.0003728433743906	0.0003516025783522511
55137.850528721036	1.000235365959316	0.00035159122571928186
55137.870961312765	0.9998949657365226	0.0003515566084707043
55137.89139390449	1.0002204882145964	0.0003515769107212889
55137.91182649598	0.9998153719530046	0.0003515393151728689
55137.93225918748	1.0002167716007613	0.0003515497419690956
55137.95269167898	1.0000210355592778	0.00035155294955178696
55137.97312427023	1.0002357743087382	0.0003515545796937674
55137.993556761496	1.000321520798599	0.00035156472182084475
55138.01398945264	0.9993147846146786	0.0003514552089202764
55138.034422043784	1.000246306727605	0.00035152696885396636
55138.054854634815	1.000160819492981	0.00035152785515372303
55138.075287225845	0.9995605459709085	0.0003514696623501557
55138.095719816636	1.0002203368863811	0.00035150820716459396
55138.116152407434	0.9999420493170298	0.0003514783695669017
55138.13658499811	0.9997350718213386	0.0003514499342921953
55138.15701758879	0.9999667618414212	0.0003514604763366907
55138.177450179355	0.9996145417894623	0.00035142742965086065
55138.19788266992	1.0000508891416362	0.00035145304453531874
55138.218315360245	0.9998568480809588	0.0003514408357237236
55138.23874795058	0.9999928847466505	0.00035144682448553025
55138.25918044091	1.0003878262914907	0.00035146379469167655
55138.279613131	1.0001056547614557	0.00035143639376348325
55138.30004572122	1.0000094498048722	0.0003514291526888375
55138.3204782112	0.9994239379442239	0.0003513779416146718
55138.34091080118	0.9997869368587412	0.0003513984987869325
55138.361343491044	1.0001955976493664	0.000351423208383339