55528.458256690836	1.0003530973104922	0.00034748674994852926
55528.47868916891	0.9997612549762503	0.00034742758783565605
55528.499121747016	1.000073937797257	0.00034744249414529315
55528.519554325154	0.9998177324731278	0.0003474482166131309
55528.53998690334	1.0000924198646284	0.00034744917200593266
55528.56041958157	0.9998349640594213	0.0003474461429296824
55528.58085205988	1.0003224373738653	0.0003474691767461287
55528.601284638215	1.0003705365015638	0.00034746540154391545
55528.642149795014	1.0000872780734495	0.00034745484201273923
55528.662582373494	1.0001064328538583	0.0003474611560001383
55528.68301505201	1.000610255652425	0.0003474881874557338
55528.703447630585	0.999913900061617	0.0003474524969218671
55528.72388020921	1.0001892030989379	0.00034746200431243625
55528.74431278787	1.000426619702817	0.0003476095960832017
55528.764745366585	0.9999306305379818	0.0003474507790640435
55528.785177945334	0.9998757997275692	0.0003474564698351339
55528.80561052417	1.0006581229336489	0.0003475032558447319
55528.826043103036	1.0003203611602554	0.0003474978253734787
55528.846475781924	0.9999291648345731	0.0003475259408084659
55528.866908260876	0.9994992212795832	0.00034742495792918626
55528.88734083988	1.000518986895107	0.00034749804900814337
55528.90777351895	0.9997088713496548	0.0003474476495155209
55528.92820599805	1.0005163620296043	0.00034750493092081504
55528.9486386772	0.9994387365348764	0.0003474340609278936
55528.96907125638	1.0000890663295887	0.000347483791127129
55528.989503735655	0.9992768721804222	0.00034742383986752765
55529.03036899431	1.0005415422647466	0.0003476312384999358
55529.0508014737	0.9999784729679864	0.0003474771568264268
55529.091666732646	1.0004006545925475	0.00034751570110614705
55529.11209921221	0.9997390909425872	0.0003474778328136811
55529.132531891795	0.999975827287813	0.0003474792135508835
55529.152964371446	1.0009652001081955	0.0003475515570944855
55529.173397051156	1.000360852352252	0.00034750775969873886
55529.193829630916	0.9996526729793411	0.00034747446144141455
55529.21426221071	1.0002423444762178	0.00034750983008253143
55529.23469479057	0.9996968144307941	0.0003474624255547563
55529.255127370474	1.0000239188350308	0.0003474836878460077
55529.275559950416	1.0004293652231837	0.0003475295632825801
55529.295992530446	1.0000943376189406	0.00034748606783631424
55529.3164251105	1.0000885572768377	0.0003474960822664059
55529.336857690614	0.9991557399250329	0.00034743830306269917
55529.35729037076	0.9994659606953338	0.00034746245035491654
55529.377722850986	0.9996155362906907	0.00034747789222372053
55529.39815553125	1.0007865396099886	0.0003475856679862341
55529.41858811157	1.0005151485559292	0.0003475491213922211
55529.43902059194	0.9994489301330001	0.0003474666206425201
55529.45945327238	0.9997596084249658	0.00034749171853198896
55529.479885852845	0.9995371186610427	0.0003474738495154247
55529.52075101397	1.000226918549442	0.0003475165807175023
55529.541183594585	0.9994705099963763	0.0003474794970434914
55529.561616075305	0.9994966395852858	0.0003474851934032138
55529.582048756034	1.0001286593393912	0.00034751849723357533
55529.60248133682	0.9995426858112222	0.00034748863178618643
55529.62291401766	0.9998301912424274	0.00034751629235438395
55529.64334649859	1.000225582036456	0.00034753321897011935
55529.66377907955	0.9996905947257025	0.0003474941329413811
55529.684211760534	0.9984459120043303	0.0003474176455047174
55529.70464424161	0.9995430168452003	0.0003474934484117059
55529.725076822746	1.0003018157385317	0.0003475367945593581
55529.745509503904	1.0000518830146266	0.0003475448865245681
55529.765941985155	1.0003646463032143	0.0003475792142745761
55529.80680714777	0.9992813451377183	0.0003474819152556288
55529.827239729166	0.9993894328369113	0.0003474752471429952
55529.847672410586	0.9996087122816035	0.000347509406882889
55529.8681049921	0.9999846593488384	0.00034751371050751044
55529.88853747367	0.9999347574960579	0.0003475199987551056
55529.90897015527	0.9993295269756977	0.0003474861986694998
55529.929402736954	1.0006107005538023	0.00034757114395503997
55529.9498352187	0.9997520427773811	0.00034750767423512107
55529.97026790044	1.0002710649353743	0.00034755794989934773
55529.9907004823	1.0003908924846343	0.00034756884682760167
55530.0111331642	0.9996143871060346	0.0003474992400621908
55530.05199822815	0.9992560304325656	0.0003474880394910721
55530.072430910215	0.9991958073603037	0.000347468928844189
55530.09286339233	0.9988462244395868	0.00034744262931796905
55530.113295974515	0.9995211391665064	0.00034749634192307805
55530.13372865673	0.9992655487260131	0.0003474767349752905
55530.15416113903	0.9994730941296015	0.0003474806279165745
55530.17459372138	0.9989806836679626	0.0003474534332309601
55530.195026403766	0.999314174931388	0.00034748522484455684
55530.21545888623	0.999005879973253	0.00034752116181241004
55530.235891568766	0.9986556751255576	0.000347440201712551
55530.256324151356	0.9991629555386212	0.0003474621096185338
55530.276756633975	0.9993009213643431	0.00034760477116728433
55530.297189316676	0.9999764863720203	0.00034758542240152356
55530.31762189941	1.0004484918963659	0.00034767613324822305
55530.33805448223	0.9994873338833196	0.00034760239085137006
55530.35848706511	1.0001458940476078	0.00034766166822984914
55530.37891964805	1.0005905290555714	0.0003476675611034982
55530.41978481407	0.9997993914969274	0.0003476295499651852
55530.440217397154	1.0000969832444584	0.00034764129635005077
55530.46064998032	1.0003847914000625	0.00034765029527592846
55530.48108256355	0.9998173557971592	0.0003476226346432568
55530.50151514684	1.0001000776466509	0.0003476379372532579
55530.52194783018	1.0000750505089067	0.000347644974019687
55530.56281289705	1.0007934676468155	0.00034767379613419216
55530.583245580536	1.0003885376332955	0.00034766070038783905
55530.603678064144	1.0005421386191182	0.00034766763575248166
55530.62411064778	0.9996819895065188	0.00034761218949006125
55530.64454333147	1.0001058230717454	0.0003476507176261516
55530.66497581523	0.9999249971498768	0.0003476526277842927
55530.685408499034	1.0002790568924662	0.0003476545914005696
55530.705841082934	0.9999310342794197	0.0003476451172675103
55530.72627356689	0.9998556738943378	0.0003476249342667243
55530.74670625088	1.0003589865728946	0.0003476550262258377
55530.76713883495	0.9998798378347241	0.00034762452715202303
55530.78757131908	1.0001428111004462	0.00034763624413075
55530.808004003266	0.9999898841190545	0.00034763951548256485
55530.828436587515	0.9998529863725193	0.00034763102998859596
55530.84886917182	1.0002897909339974	0.00034765983758315935
55530.86930175619	1.0004829361710683	0.0003476768400702447
55530.889734340635	1.0000660852443954	0.0003476446269745594
55530.91016702515	0.999707192999268	0.0003476222112281529
55530.93059950971	0.9997682917271424	0.00034763938251061797
55530.95103209431	0.9997100549311918	0.00034762007617753914
55530.971464778995	0.9998286829215685	0.00034762534104013836
55530.99189736376	0.9997154993673463	0.000347620106947688
55531.01232984856	0.9996365344092062	0.0003476030981874757
55531.032762433424	1.0001643239331628	0.0003476494333165061
55531.053195018365	1.0000589797803845	0.00034762110383917874
55531.07362760337	0.9996982491743182	0.0003476055323018089
55531.09406028844	1.0000886942058367	0.00034763084241016265
55531.11449277356	0.9997413855207108	0.00034762407053025036
55531.13492545873	1.0000730810747285	0.00034763510914566457
55531.17579052932	0.9997388335223241	0.00034761564663717063
55531.196223214676	1.0007007445627698	0.0003476950538826382
55531.21665580012	0.9999939624554611	0.0003476443983642077
55531.23708828565	1.0003218645811214	0.0003476587804664558
55531.25752097123	1.0000016578768727	0.00034764929763555515
55531.27795355685	0.9995459582886447	0.0003476134133600146
55531.29838604256	0.9998181736992346	0.0003476319998218142
55531.31881872831	0.9997350852399701	0.00034762109758062495
55531.33925131416	1.0000944393517317	0.0003476579027372194
55531.35968400005	0.9999356334688143	0.00034764603278193565
55531.40054907204	1.0000923816554712	0.0003476615098612068
55531.42098175813	1.0005641827778076	0.0003476812307678811
55531.4414142443	1.0001711463576823	0.00034766228313932226
55531.46184683053	0.999688036132356	0.0003476300342189225
55531.50271200315	0.9995706353055485	0.00034763820661585083
55531.523144589584	1.0008251192187887	0.0003477323802221577
55531.54357727607	0.9991115436937859	0.0003476039821061161
55531.56400986262	1.0000459662037158	0.000347673587279494
55531.58444244924	0.9996643820140514	0.00034765135998472826
55531.60487503591	0.9996876522531171	0.0003476562112130086
55531.62530762268	1.000092279292035	0.0003476729268979895
55531.6457403095	0.9998790913452567	0.0003476544999297172
55531.666172796395	1.0004046427057562	0.0003476961626798609
55531.68660538335	1.0005257522274171	0.0003477219800286585
55531.707037970365	1.0009992917659678	0.0003477553673688436
55531.72747055746	1.0003520531523142	0.00034771162483171323
55531.74790304462	0.9995084085316422	0.0003476477607992961
55531.76833573184	0.9998065955093636	0.0003476752776134085
55531.78876831914	1.0005798997617328	0.000347730594962432
55531.80920100649	0.9999385781181094	0.00034768406849305846
55531.82963349392	1.0003980881214447	0.0003477126220273963
55531.850066081424	0.9996405391834279	0.00034765960905268985
55531.87049876898	0.9996457604594177	0.0003476566555586508