55266.00694715541	0.9999966250340852	0.00033205874988651067
55266.04781538452	0.9991097721856022	0.00033200943062777023
55266.0682493496	1.000368488081321	0.00033208122801353266
55266.109117580454	0.9999380793935791	0.00033183163944862815
55266.129551546466	0.9998627503851673	0.00033182992803462003
55266.149985712706	1.0001315631141148	0.000331947172472387
55266.1704197793	0.9998553657568439	0.00033202577010840294
55266.19085384613	1.0001158430785397	0.00033203685328623173
55266.2112879133	1.0001084586870639	0.00033204076046535537
55266.231721980825	0.9998176160010241	0.00033201756388593376
55266.252156048584	0.9999540378070436	0.0003320194885389891
55266.272590116685	1.0000114773663522	0.00033201668274501886
55266.29302418514	1.0000551944877405	0.00033202459533643563
55266.31345825383	0.9996883525787186	0.00033187721771531714
55266.33389242287	0.9999050325518205	0.00033189759425874887
55266.35432639214	1.0002054218738148	0.0003319081179140559
55266.37476046176	0.9999031377803387	0.000331980359734591
55266.39519443172	1.0002587922565471	0.0003320110123193482
55266.41562860193	0.9998303132043972	0.00033188107092027477
55266.43606267248	1.0005890338647678	0.00033202333768318635
55266.45649664338	0.9997275002984649	0.00033175690339294986
55266.47693081451	1.0004298017290103	0.0003320130525895289
55266.497364885996	1.0001488068099853	0.0003319773673645481
55266.53823302989	1.0003964765622015	0.0003318861576536563
55266.558667102305	1.0001780135836862	0.0003317790878734524
55266.57910107495	0.999913377305129	0.0003318523223402255
55266.59953524806	1.0007717194586192	0.00033201599116778886
55266.61996932129	1.0002055609179168	0.00033176212088391045
55266.64040329498	0.9999693670887662	0.00033175933286172407
55266.66083746891	1.0000090092378255	0.000331756324494378
55266.68127154307	1.0005678394129915	0.0003317824605338228
55266.70170551758	1.000029747384141	0.00033183882777950915
55266.722139692436	0.9994314484104629	0.00033170185132558506
55266.742573767646	1.0003755597349855	0.00033196449612551385
55266.76300774308	1.0002457120542996	0.0003317505683057087
55266.78344181887	0.9999840156998283	0.0003318568779463516
55266.8038759949	1.0003800809880292	0.0003317592486985657
55266.82430997127	0.9999525864757073	0.00033171017372460093
55266.84474404799	0.9996603934355122	0.0003316900775216184
55266.86517822494	0.9998541705861543	0.0003317069202287184
55266.88561230224	0.9995760481781333	0.00033166920426865184
55266.90604627978	0.9995020269710356	0.0003316742255891921
55266.92648045778	1.000146238600043	0.0003317243379012558
55266.946914535896	0.9997389198112084	0.0003316832048244587
55266.96734851448	1.0002631749531083	0.0003317222913659718
55266.9877826933	1.0000789332807807	0.0003317110959602219
55267.008216772345	1.0002486609093684	0.000331734455342582
55267.028650751745	0.9997436989458915	0.00033168512379385507
55267.049084931496	1.0002552478721483	0.0003316972200576505
55267.110387172484	0.9993754165944932	0.00033163715403813595
55267.13082125351	1.0000398517546667	0.00033168836394050833
55267.15125523477	0.9997558142064353	0.0003316551385482996
55267.17168941627	0.9995157601979321	0.0003316367954656762
55267.192123498106	0.9997367712918607	0.00033166110905072274
55267.2125575803	0.9995992896912945	0.0003316276408259484
55267.23299156273	1.0002712889595902	0.00033168108516649876
55267.2534257455	0.9997322752370499	0.00033163002579845964
55267.27385982862	0.9995351272023059	0.0003316151267526813
55267.29429381198	0.9998882855793044	0.0003316372389051431
55267.31472799568	1.001137391127961	0.00033172443526063524
55267.35559606391	0.9998342494171857	0.0003316176461234249
55267.376030248546	1.0003251591454232	0.0003316610203388228
55267.39646423342	0.9997490569775024	0.00033160201060393067
55267.41689831864	0.9997269576155866	0.0003316135863891782
55267.4373325042	0.9995699192265934	0.0003315871140546858
55267.457766490006	0.9991788422686257	0.0003315561179427086
55267.47820057604	1.0002894515309229	0.0003316303307409822
55267.49863476254	1.0004603597345219	0.0003316464861992228
55267.51906874927	0.9998804488549773	0.0003315933436757043
55267.53950283624	0.9993684310179354	0.0003315631382815876
55267.55993702355	0.999708546835657	0.0003315725770676253
55267.58037111122	1.0004079715954515	0.0003316238189670829
55267.600805099115	1.0001082844975806	0.0003316040813493762
55267.621239187356	0.9997547208724091	0.00033156974343476073
55267.64167337584	0.9993727053656699	0.0003315482835544657
55267.662107364784	0.9988642015045631	0.00033149506889781606
55267.68254145384	0.9989424212933274	0.0003314909891224722
55267.70297564337	0.9991638792630168	0.0003315217962475019
55267.74384372312	0.9986524345965516	0.0003314528637423202
55267.76427791346	0.9985676740539198	0.00033144247507110115
55267.784711904154	0.9988900639461041	0.0003314637229928342
55267.80514599507	0.9993482874663475	0.0003315011348167673
55267.82558018635	1.0001165878286635	0.00033155380854563073
55267.846014177856	0.9994420614032353	0.00033149954053987384
55267.866448269706	0.9999114110340068	0.000331527099192354
55267.90731655435	1.0000974764643078	0.00033153201146226126
55267.92775054713	0.9996082613258869	0.00033149616198880857
55267.948184740155	1.0004778312699631	0.00033155897947491895
55267.968618833525	0.9996283272258679	0.0003314870995304378
55267.98905282724	1.000357498087098	0.0003315381753966535
55268.00948702119	0.999858294820977	0.0003314989542163241
55268.02992111549	0.9999918385498211	0.0003315126870271975
55268.05035511002	0.999933717381867	0.0003314926296664965
55268.0707892049	1.000652375886164	0.0003315399720324629
55268.111657395595	1.0006844065659877	0.000331545449376759
55268.13209149141	1.0001099576155654	0.0003314895568135751
55268.15252568746	1.0003103245357068	0.0003315140815761586
55268.17295968385	1.0002548282380956	0.0003314879185181543
55268.19339378048	0.999452074777861	0.0003314279270263518
55268.21382787746	1.0001546455723114	0.0003314784768352729
55268.23426197478	1.000249460025742	0.0003314828823224641
55268.25469607234	1.000160297839463	0.000331459325788642
55268.27513027025	1.000381879024414	0.00033146712102348654
55268.29556426839	1.0003207635374431	0.00033146726360012166
55268.31599836688	1.0002629210618892	0.0003314663316488911
55268.336432565724	0.9999335278884279	0.000331422351325096
55268.35686656479	0.9997803544084571	0.0003314174399012695
55268.377300664215	1.0003965537886963	0.0003314544713291355
55268.39773486387	1.0000081763078816	0.00033142357577613013
55268.41816886387	1.0000033735301634	0.00033141596920563995
55268.43860296411	0.9998523257982408	0.00033140063147192583
55268.4590370647	0.9995752591948568	0.000331381981051754
55268.47947116563	1.0002459754272095	0.0003314186001927366
55268.4999052668	1.0001417846792424	0.0003314117400148749
55268.5203393682	0.9997215513560055	0.000331356963430843
55268.540773470064	0.9997974834675135	0.0003313757492812286
55268.561207572166	1.0002970741422053	0.00033140782204739883
55268.5816416745	0.9994263155488022	0.0003313314913224697
55268.60207587718	1.0005868314798612	0.0003314087804764998
55268.62250988021	0.9997758538681931	0.000331352491139235
55268.642943983476	0.999478494068112	0.0003313218264077419
55268.66337818697	1.0002052248167805	0.0003313665777094642
55268.68381219093	0.9998508496781238	0.00033134209760269463
55268.70424629513	1.0000741969935028	0.000331378001839504
55268.72468049955	0.9995073175040423	0.00033130339762964646
55268.74511450433	1.000137871586808	0.00033134745870433576
55268.76554860946	0.9997427560986099	0.0003313219737222627
55268.785982814814	0.9998492184351215	0.0003313220237913686
55268.80641682041	1.0010171923616724	0.000331400406514727
55268.82685092647	1.000001751157145	0.0003313244346563579
55268.86771923928	1.0001237632618585	0.00033132341313966745
55268.88815324615	1.0001436015332268	0.00033132363086558136
55268.90858735325	1.000385482212084	0.0003313267787710112
55268.92902156071	1.0001510416217458	0.0003312957043132339
55268.949455568516	1.0001506640710836	0.0003313070299537717
55268.96988967655	1.0000925907936453	0.00033130469316090745
55268.990323784936	0.9995043480583182	0.00033126307533579217
55269.03119200252	0.9997497349876069	0.0003312591825186341
55269.05162611172	0.9997581913494082	0.0003312418387936122
55269.072060221275	0.9997869578174735	0.00033124592922160334
55269.09249423117	0.999987055667954	0.00033126015013065676
55269.112928441304	1.0003450915681393	0.00033127554320386304
55269.13336255179	0.9999700676916365	0.00033125005079818413
55269.19466488486	0.999337891767623	0.0003311966276143555