55790.82896544239	1.0002391660767032	0.0003333047808944788
55790.84939907697	1.0007855418385792	0.00033334846551815025
55790.910700278604	1.000419289308871	0.00033333356815251115
55790.93113411201	1.0006252337456736	0.0003333557980514998
55790.95156784496	1.0002943518945637	0.00033333592181252977
55790.97200147744	1.0004015809804234	0.00033335761233142146
55790.99243530992	0.9994484177977682	0.0003332733499582325
55791.03330277349	1.0001469681950823	0.00033332848130471915
55791.0537365048	1.0002961008458862	0.0003334402584040659
55791.074170135886	0.9997458556140437	0.0003333184700580773
55791.0946039665	1.0003250298153592	0.00033352558186656344
55791.13547142681	0.9994630006880976	0.00033347434041298046
55791.1559050565	1.0004151342694054	0.00033354722514523954
55791.17633888595	1.0004879810411256	0.00033357693166685573
55791.19677261494	0.9990582259345469	0.00033345020558799845
55791.21720634392	0.9998258877877021	0.0003335343389587938
55791.23764007221	1.0004653246053488	0.0003335908616883464
55791.25807380027	1.0000652239937935	0.0003335660868052237
55791.27850762809	1.0001233416259965	0.0003335657581996249
55791.29894125545	1.0002136605632472	0.0003335704775296686
55791.31937498258	0.9993986564143122	0.00033350952024134426
55791.33980880947	1.0004901748777908	0.00033361097154308397
55791.3602424359	0.9995960093489529	0.0003335432824687825
55791.380676162094	0.9995935696374337	0.00033354799023602193
55791.40110998805	0.9998751333775512	0.0003335889868969032
55791.42154361355	0.9997798422961739	0.00033356921418161643
55791.44197733858	0.9998682818364629	0.0003335859763939503
55791.46241116361	0.9999624124458851	0.0003336003013501256
55791.503278612276	0.999437386082442	0.000333572965032205
55791.52371233614	1.0012323205459084	0.00033373126998199204
55791.54414595977	0.9997623701681426	0.0003336099419786485
55791.56457978294	0.9996917069238349	0.00033360054660416615
55791.58501350587	1.0002895136613235	0.00033365467040380025
55791.605447228576	0.9988988671802201	0.00033355383855903894
55791.625880950814	1.00005303150154	0.0003336462989528967
55791.64631467258	0.9993886512015742	0.0003336131191009915
55791.66674839435	0.9996894173401903	0.00033362394047583806
55791.68718211566	1.0001448620336906	0.0003336599485858977
55791.707615836494	0.9998982736236153	0.00033365277880695185
55791.728049557336	0.9999569728388077	0.0003336659290229043
55791.74848327748	1.000668304156814	0.0003337333584982161
55791.768916997615	0.9995354746596915	0.00033363974754566333
55791.78935081729	0.9991075331119776	0.0003335993707718579
55791.809784436504	0.9996592182776823	0.0003336583270248235
55791.83021815571	1.000515811452672	0.00033374003923761664
55791.850651974455	0.9989437600853143	0.0003336039343796509
55791.871085592735	0.99960971657947	0.00033367720389526455
55791.891519310775	1.000550512543951	0.00033376032448359565
55791.91195312859	1.0002304349476858	0.0003337308533075057
55791.93238674594	0.9998085355880492	0.0003337103922852031
55791.95282046305	0.9997220165380272	0.00033369553101790576
55791.9732542797	0.9997108026500675	0.00033369812906237196
55791.993687896116	0.9997434371488679	0.000333711596756633
55792.014121612294	1.000179537840567	0.0003337532089507224
55792.034555428014	1.0001933877338178	0.0003337748085798063
55792.0549890435	1.0004951424655033	0.0003337869452859686
55792.075422758746	0.9995855206206816	0.00033370096421822646
55792.095856573535	1.0001020389816027	0.0003337648146854074
55792.11629028809	0.9998759390356982	0.0003337533785545729
55792.13672400217	0.9994955956935978	0.0003337229928817744
55792.15715771603	0.9995868390059083	0.00033373205652665125
55792.17759142965	0.9998930132153933	0.00033376853658111387
55792.218458855496	0.9998084168752353	0.0003337742021749256
55792.23889256819	0.9996901879071638	0.0003337637417549273
55792.25932638041	1.0001935202074688	0.00033380480131624745
55792.27975999217	1.000228275709063	0.00033381907594449257
55792.30019370393	0.9995849973073951	0.0003337665403489895
55792.320627514986	1.000296768535896	0.0003338257530876341
55792.34106112605	0.9998016223517355	0.0003337989160662563
55792.361494836645	0.9995837697448247	0.0003337873256513267
55792.38192864677	0.9996028197337465	0.0003337869523946092
55792.42279606633	0.9992694129374499	0.00033377399769559383
55792.44322967576	0.9994214789506173	0.00033378739806373274
55792.463663384726	0.9992230684277327	0.0003337794752788324
55792.48409719323	0.9990275265469805	0.000333764683706134
55792.50453080172	0.9989939063564052	0.00033377347730379565
55792.524964509525	0.9988810220650601	0.0003337736644982208
55792.54539831732	0.9985649943010071	0.00033375164169517976
55792.56583192466	0.9992131272992809	0.00033379112073128424
55792.58626563176	0.9991753413182215	0.0003338028344225236
55792.606699438395	1.0002886336698227	0.0003339179280432833
55792.6271331448	0.9991117251502528	0.000333810809768122
55792.64756675074	0.9993617531055877	0.00033383985068612
55792.66800055644	1.0001253338006266	0.00033391468562333874
55792.688434261916	0.9998031702486191	0.0003338934732810707
55792.708867966925	1.0002717423865508	0.0003339329721547393
55792.729301671694	1.0003788325226477	0.0003339443401370417
55792.74973537624	1.0001598843337367	0.00033393078540567764
55792.770169080315	1.0000692366607278	0.0003339419819450791
55792.79060278415	1.0002338048643156	0.00033394782412448715
55792.81103648753	1.0001924851723376	0.0003339527102889411
55792.83147029068	0.99982780297678	0.0003339308834538585
55792.85190389335	1.0001620762942351	0.00033396777522521937
55792.8723375958	1.0001957323458497	0.0003339905145634464
55792.892771398016	1.0004428929056512	0.00033400743980713764
55792.91320499976	1.000132241423699	0.0003339775614232502
55792.93363870127	0.9996739573965453	0.00033394445782013166
55792.95407250256	1.0003417872816411	0.00033400581654842123
55792.97450610337	1.0002280982212783	0.0003340159500253773
55792.994939903954	0.9999533820254464	0.0003339880248596964
55793.015373604074	0.9996015482946227	0.00033396534308938967
55793.056241003374	1.0001367838329644	0.0003340406546946731
55793.076674702796	1.0001874940193527	0.0003340389823576265
55793.09710840151	1.000408952626942	0.0003340679137075411
55793.11754210023	1.0000182614326647	0.00033403565807479317
55793.13797569849	1.0001830189413472	0.0003340494896284077
55793.158409396274	1.0001336113278991	0.000334050647280288
55793.17884319383	1.0006755541275993	0.00033410821196273887
55793.19927689116	1.0000293179234323	0.0003340743804287134
55793.21971048824	1.0001886689182868	0.0003340940601542215
55793.24014428487	1.0004794445062672	0.00033410698573459424
55793.26057798103	1.0000551467967027	0.0003341002035036218
55793.281011776955	1.000783275516918	0.00033417410942621306
55793.30144537265	0.9994334131521365	0.00033405446309781126
55793.32187906788	1.000130923222813	0.00033411759922455175
55793.34231286287	1.0006436020871774	0.0003341604393483794
55793.362746457635	0.9999650711018764	0.00033412209227727524
55793.38318015193	1.000176270238345	0.0003341483037833358
55793.40361394599	0.9999423775093034	0.00033412968753519253
55793.42404753959	1.0002839329015245	0.00033415295321412384
55793.44448123296	0.9999085370822214	0.0003341405724484276
55793.46491502609	0.9995456342169627	0.0003341178590558682
55793.48534861876	1.000406236917259	0.00033419467987269417
55793.50578231119	0.999689692466515	0.00033414380904969764
55793.52621610316	0.9998530717126284	0.0003341625876462535
55793.546649694894	1.0005327677537907	0.00033423486803270267
55793.5670833864	0.9999486622841242	0.0003341955699382047
55793.58751717743	0.9999594481997249	0.0003341882854224659
55793.60795076824	0.9994032667016991	0.0003341544297077882
55793.62838455857	0.9999298559637388	0.00033421477764642907
55793.669251938554	0.9999061879108241	0.0003342300341221631
55793.68968562796	1.000445690274164	0.00033426831556464763
55793.71011931713	1.0002108111857175	0.0003342623846091228
55793.730553005844	1.000023563224591	0.0003342601373359923
55793.750986694315	0.9998987478131471	0.0003342575228844743
55793.79185407034	1.0003062863007608	0.0003343017114953263
55793.812287757886	1.000493030520931	0.0003343294774911992
55793.83272144496	0.9992699532338707	0.00033422262168498134
55793.87358881842	1.00048192809878	0.00033433879062775613
55793.894022504566	0.9996148536724601	0.00033428840508724616
55793.914456290484	1.0005807813743057	0.0003343682490539345
55793.934889875934	1.0002340782386903	0.00033434297591797887
55793.955323561146	1.0002529647233849	0.00033435685222027634
55793.97575734613	1.000507541424046	0.00033439252742720795
55793.996190930644	1.00038981589499	0.0003343728048288305
55794.0166246147	1.0000464582849922	0.0003343592666819349
55794.03705839875	1.0001183829848284	0.00033435657933341225
55794.05749198234	0.999573070279055	0.0003343223665879992
55794.07792566546	0.9994347857139061	0.00033432949601227034
55794.09835944858	0.9998851543397758	0.0003343730743969716
55794.118793131	0.9999262778108856	0.00033437454400023
55794.13922671342	0.9994716715735392	0.00033434780340468065
55794.15966049538	0.9993828571224207	0.0003343420349894622
55794.18009417687	0.9998787919814242	0.00033440354746271106
55794.20052785836	0.9998226083915513	0.00033440391322503844
55794.220961539155	0.9998181222154493	0.0003344080783471047
55794.24139521994	0.9994707465665038	0.00033439554283724377
55794.26182900027	0.9994128508976231	0.00033438924015355946