55659.59958566216	1.000299854262848	0.00034372286162776054
55659.64045435868	0.9993627155465308	0.00034364814166888057
55659.66088870723	1.0004717606076732	0.0003437277612794008
55659.70175740515	1.0002238139515243	0.00034370188522629626
55659.76306045348	0.9994092111887282	0.00034361894886559755
55659.80392915349	0.9997502767996231	0.00034363493917338814
55659.82436350379	0.9999351017263037	0.0003436458608590833
55659.84479795443	0.9999537752799074	0.0003436420378588271
55659.88566655619	0.9994084462252861	0.00034359674322577454
55659.9061010073	1.000240265602	0.0003436413068268472
55659.92653525876	1.0004644324329353	0.000343654446480733
55659.94696971034	0.999850972654598	0.0003436307598172059
55659.96740406226	1.0004380077777586	0.00034364119098392057
55659.98783831431	1.0002795033901197	0.0003436416004168746
55660.00827276659	0.999767328968182	0.0003435934079185922
55660.02870711909	1.000557544569765	0.00034364675593016137
55660.049141371834	0.9997536124746601	0.0003435741815512161
55660.06957582469	0.9998703845240869	0.00034356753346828016
55660.0900101779	0.9996926613749951	0.0003435659160840554
55660.110444631224	1.0005159634639744	0.00034360450840362195
55660.15131323868	1.0004557542148211	0.0003435939625461481
55660.17174769271	1.0000066935718794	0.0003435532963244978
55660.19218194684	0.9994167314787613	0.0003434884913557858
55660.21261630133	1.0000539894706522	0.0003435594005804502
55660.23305075594	0.9998723368102544	0.00034352062576995353
55660.25348511089	1.000538233092802	0.0003435761916716813
55660.27391936596	1.0002514932458992	0.00034354115349347937
55660.294353821264	0.9996661093822146	0.00034349619137238543
55660.314788176795	1.0003825321081126	0.0003435471838281858
55660.33522253245	0.999750879375971	0.00034350023484546355
55660.35565688845	0.9998168821621568	0.00034350117696060737
55660.376091244565	0.9993767184072773	0.00034345818483875497
55660.39652560092	0.9993599550725867	0.00034344383032550255
55660.41695995762	0.9998821516339125	0.0003434748743803875
55660.437394214314	0.9999168012301248	0.000343477939809346
55660.457828671366	1.0000895494700268	0.00034348133002711927
55660.47826302865	1.0002609971047598	0.00034348827195332214
55660.498697486044	0.999880326899716	0.0003434480066864216
55660.51913174368	0.9996814441583219	0.0003434409703836212
55660.53956610166	0.9996665855941318	0.00034343940140038495
55660.60086917653	1.000007342607825	0.0003434282661970963
55660.66217225338	1.0002525725109928	0.00034342174218317294
55660.682606712755	1.00050789079342	0.000343452987735339
55660.70304097225	1.0000734725696063	0.00034340839482470225
55660.723475432096	1.0004019721359272	0.0003434390518852198
55660.76434415236	1.0003328295567406	0.00034341381089435843
55660.78477851279	1.0001499499694386	0.0003433815107794351
55660.80521287344	0.9998326163746013	0.00034336633677812823
55660.846081595344	0.9997339810846053	0.00034333978642144604
55660.86651595658	0.9999116937791761	0.00034334815713112955
55660.90738467988	0.9996611587534151	0.00034331261560974446
55660.927819041695	0.9992243177897305	0.0003432743123332627
55660.94825350387	1.000242807609916	0.00034334211205431256
55660.98912212879	1.000590685227624	0.0003433520549838876
55661.00955659155	1.0002063268079766	0.0003433153941117288
55661.029990854535	1.0000859747228092	0.0003433101345431062
55661.05042521775	1.0004722117648117	0.00034332315219883826
55661.11172840857	1.0001777251826334	0.0003432928939598266
55661.13216277261	1.000041552005642	0.0003432580625106327
55661.173031501254	0.9995486275034249	0.00034322958796493105
55661.19346586599	0.9991807997239662	0.00034316407436477125
55661.234334595916	0.9994347258325778	0.0003431867439555416
55661.25476896123	0.9987711668416339	0.0003430971224236021
55661.29563769244	0.9991913404752957	0.0003431234574675207
55661.31607205834	0.9985201185662382	0.0003430632357134888
55661.336506524465	0.9987508939770976	0.00034308992296970027
55661.35694079083	0.999329800009968	0.00034312664742070425
55661.377375157426	0.998948651780727	0.00034308348965966345
55661.39780962413	0.9988282922331854	0.0003430798308808063
55661.418243891196	0.9994141948964526	0.00034310110672186556
55661.438678258375	0.999491702217732	0.00034310094557943565
55661.45911272578	0.9994961766526378	0.00034309268145549406
55661.47954709331	1.000062685729016	0.00034314581862409684
55661.49998146119	1.000385490277093	0.0003431591178495617
55661.56128456586	0.9998021992751633	0.00034308562342910475
55661.602153303356	0.9996683402936903	0.0003430588707485648
55661.622587772516	1.000686200377403	0.0003431390334390328
55661.663456411174	0.9996576798747614	0.00034303883179368253
55661.683890780914	1.0001946948599827	0.0003430786970692888
55661.704325150764	0.9999243686184958	0.00034304666549509367
55661.72475962097	0.9995896033627226	0.00034300723567618293
55661.74519389129	1.0005015870358303	0.00034306828302373105
55661.765628261724	0.9997289467914262	0.0003430071657755389
55661.78606273251	0.9999047206884788	0.00034302476997421523
55661.80649700342	0.9993525200476727	0.0003429695935902787
55661.82693137455	0.9999059890721699	0.00034298069849458487
55661.84736584592	0.9994934391206008	0.00034295983927985394
55661.86780011752	0.9996852581764227	0.00034297290955294135
55661.88823448935	1.0000729524236376	0.00034298065950630184
55661.9086689613	1.0001127587095713	0.0003429692362813624
55661.9495377059	1.0000417467680445	0.00034297312941764733
55661.99040645132	1.0006129114606068	0.0003430097329607188
55662.01084082431	0.9997740746832772	0.0003429319503233192
55662.03127519754	0.9997544829666253	0.0003429140715041783
55662.05170957089	1.0004661602542795	0.00034296263289379427
55662.072143944584	0.9996991297555252	0.000342900954738011
55662.0925783184	0.9997763158582005	0.0003429007562609112
55662.11301279244	0.9997989840446356	0.0003428911748653125
55662.13344716672	0.9998585488210723	0.0003428995986120848
55662.153881441234	1.000016993438587	0.00034287739961721644
55662.174315915865	1.000402672446008	0.00034290888926062364
55662.19475029072	1.0003761193725211	0.0003429075962271314
55662.215184565815	1.000207169222706	0.0003428897942939244
55662.23561904114	1.0005199180916344	0.00034291011725321444
55662.25605341658	1.0000000930986959	0.0003428647549377897
55662.27648769226	1.0004150726727568	0.0003428803532521721
55662.29692216817	0.9994837922319111	0.00034280458467047793
55662.31735654431	1.0000782260497698	0.00034283869947431624
55662.33779092057	0.9995262270739689	0.00034279063575524076
55662.35822529705	1.0000997023523386	0.000342837061040842
55662.41952842793	1.0006859637763612	0.0003428705491407099
55662.439962705226	1.0002024873033293	0.00034280966334585797
55662.46039718277	0.9996307696773994	0.0003427659819083427
55662.48083156053	0.9998930495302906	0.0003427765191123642
55662.52170031666	0.9995400538145088	0.0003427803002871181
55662.54213469501	1.0000877290952082	0.00034278288901599756
55662.5830034523	1.0000573913037785	0.00034278223931597906
55662.60343783123	0.9999553227426976	0.00034274998103409407
55662.64430668981	1.000180048395775	0.0003427734675946904
55662.664740969434	1.0001460795310166	0.00034276668852920055
55662.68517544919	0.9999929621254974	0.0003427538233580568
55662.70560982917	0.9999036713773864	0.00034274445621405804
55662.72604420938	1.0003518771623827	0.00034277058987532616
55662.74647858972	1.0003891451311022	0.0003427795943909818
55662.7669129704	0.999902559654707	0.0003427074245399481
55662.787347451194	1.0000941869094924	0.0003427216353911776
55662.80778173223	0.999843727476315	0.00034269485074228586
55662.828216113376	1.0001168266279434	0.00034270085949822637
55662.84865059475	0.9993453590230388	0.00034263109909246246
55662.869084876365	0.9998027431247014	0.00034265976894149987
55662.889519358214	0.9996250170143608	0.00034263668400967275
55662.90995364029	1.000035067912402	0.0003426561338534664
55662.93038802248	0.9999870469789672	0.00034265897382387074
55662.97125678757	1.0001832047088717	0.00034266180892511517