56184.359608132356	0.9999494327036487	0.0003519576282075976
56184.38004142514	0.999821924562831	0.00035199202950137674
56184.40047491769	1.0000138281673736	0.000352058907925006
56184.42090830977	1.0001435955424065	0.00035210580152842666
56184.44134160162	0.9991829650661921	0.0003520691670539059
56184.46177509324	1.0005704336052352	0.0003522131832855337
56184.48220848438	1.0002641786102722	0.0003522115371652963
56184.502641875304	1.00038702879864	0.00035224278658087336
56184.52307526599	0.9994272148288967	0.0003521949268668577
56184.56394204596	1.0004295258964977	0.000352314359875729
56184.58437543549	0.9999002497802532	0.0003522985004230084
56184.60480882477	1.0004221455322162	0.0003523458092405488
56184.62524221383	0.9999440437180231	0.00035231625816023427
56184.64567560242	0.9997054072825665	0.0003523151955590376
56184.66610899054	1.0005174645650061	0.00035238159375965405
56184.686542478434	1.0005064444246603	0.0003523884975801544
56184.706975766094	0.9995516377890425	0.0003523219084130292
56184.72740915328	0.9996511509475928	0.0003523265527388845
56184.747842640245	1.0001161041891384	0.0003523774734709238
56184.768275926974	1.000087497416513	0.0003523670272593654
56184.78870931323	0.9996774097566543	0.0003523340080087671
56184.80914279926	0.9991942083766926	0.00035230611964714396
56184.82957608483	0.9999710639451517	0.0003523705066787366
56184.85000947015	1.000373307824339	0.0003523846542629871
56184.87044295502	0.9998502061508497	0.000352355963164528
56184.890876239886	0.9999127031155226	0.0003523526263296261
56184.91130972405	0.999760711021448	0.00035235003320231137
56184.93174310798	1.0003410129329304	0.0003523942687075988
56184.952176391685	1.0003217744809378	0.0003523925187944204
56184.97260987515	0.9997625288982486	0.0003523344923990115
56184.99304325815	1.0001205619166311	0.00035236991132033555
56185.01347664092	0.9996278997160558	0.0003523203261926012
56185.054343405296	0.9999049678810664	0.0003523400658091291
56185.0747767869	1.0002840949943452	0.00035236844858910064
56185.09521016827	1.0000937625104278	0.00035234641702229557
56185.11564354941	1.0003999737433071	0.00035236280432119634
56185.13607693008	1.000012142172235	0.00035233707772803455
56185.156510410525	1.0001731528990763	0.000352342861768325
56185.1769436905	0.9998245332685416	0.0003523385098234981
56185.19737717024	1.000044631555761	0.0003523390570262776
56185.21781054975	0.999495849821515	0.00035229959465531694
56185.2382438288	0.999652510501982	0.00035230903734424887
56185.258677307604	1.0001659642337926	0.0003523427093732583
56185.27911058595	0.9999536839578098	0.0003523269651042988
56185.299543964065	0.999817199320009	0.000352326833417346
56185.31997744194	1.0005482368115894	0.000352378585742731
56185.34041071936	0.999598492723096	0.00035230940972767044
56185.36084409654	0.9998623738538964	0.0003523234211777786
56185.38127757325	1.0004082133950225	0.00035237059370907915
56185.401710849736	0.9997572509879074	0.0003523208634318153
56185.422144225755	1.0001623328186784	0.0003523724207225488
56185.442577701535	1.0004793028164287	0.0003523770164189126
56185.46301097709	1.0002284088175366	0.00035236624756477137
56185.483444352176	0.9996074670336057	0.0003523245553683863
56185.503877827025	1.0001616762517613	0.0003523765948915383
56185.52431120165	1.0003617077095253	0.0003523846007951032
56185.5447445758	1.00000228009098	0.0003523537228087247
56185.56517794972	0.9997612951894503	0.00035232998232159426
56185.58561132318	0.9995575354725794	0.0003523345081985783
56185.606044696404	1.0001415698765959	0.0003523773567294354
56185.626478069156	1.000401699674477	0.0003524025718972711
56185.64691144168	0.9993835277853603	0.00035232496590755397
56185.66734491398	0.9995380569008364	0.00035233952755356465
56185.6877781858	1.000479553765598	0.00035240925515968633
56185.708211557394	1.0002560967664176	0.00035240916474531156
56185.72864502875	0.9999212715821835	0.0003523850072092244
56185.74907829965	1.0001749098230495	0.00035240340456866925
56185.76951167008	1.0000747388020383	0.000352392399275161
56185.78994514051	0.9996809170837704	0.0003523831804918812
56185.81037841047	0.9992273841962723	0.0003523470607621322
56185.83081177997	1.0002068046345083	0.0003524253211733613
56185.85124524923	1.0000753300992826	0.0003524044152242169
56185.87167851826	1.0005884763330064	0.000352466105663973
56185.89211198683	0.9997245855744242	0.0003523984663990867
56185.91254535517	0.9995835096380544	0.00035239216258839255
56185.93297862303	0.9999122621659012	0.0003524023671034225
56185.95341209067	0.9993918163522628	0.0003523739485613542
56185.973845458066	0.9998062676963352	0.00035241828905846164
56185.994278725004	0.9993980307501256	0.0003523699361485959
56186.01471219171	0.9996103643294186	0.00035239420807371967
56186.03514555795	0.9996617425957046	0.0003524027977359853
56186.05557882395	0.9986450897848286	0.0003524122896613655
56186.076012289726	0.9989373369321309	0.00035234941652343267
56186.09644565503	0.9990975287479987	0.0003523750610326543
56186.116878920104	0.9996474053224174	0.0003524063985096651
56186.15774574909	0.9998889229475229	0.0003524212444377467
56186.17817921323	0.9990418633137932	0.0003523549317878884
56186.19861247691	1.0002011888497853	0.00035245352126343603
56186.21904584035	0.9996394856381233	0.0003523990536963264
56186.23947930333	0.9996726196209392	0.0003524091519260093
56186.25991256608	1.0003949489960589	0.00035247388288934796
56186.28034592859	0.9999031967172919	0.0003524239337781473
56186.32121265245	0.9998698034695678	0.0003524226285726299
56186.341646013796	1.0004761746147075	0.000352454018998936
56186.38251273557	0.9999820577395481	0.00035243374560892793
56186.40294609622	0.999965876262383	0.0003524310789163682
56186.42337955617	1.0000993260367268	0.0003524216431889776
56186.44381281612	0.9996806824266868	0.00035239480052387675
56186.4642461756	1.0002421806951358	0.0003524381010657568
56186.484679634625	0.999516283814996	0.0003523845896396656
56186.50511299621	1.0002293332260805	0.0003524407120151407
56186.525546354525	0.9999129957213817	0.00035242467675319634
56186.54597971285	0.9998242135648837	0.0003524060956419263
56186.586846428094	1.0003662296742686	0.0003524517251639357
56186.60727978549	0.999736784705516	0.0003523909457286172
56186.62771314218	1.0003667238693947	0.0003524454979268568
56186.64814649887	0.9996891926679697	0.00035239692755362537
56186.6685798551	1.0010400579857097	0.00035248292446362364
56186.70944656638	0.9998938904288416	0.00035239811851546537
56186.72987992168	1.0000380260584556	0.0003524049696002219
56186.75031317651	1.0007841842950513	0.00035248354802354154
56186.770746631104	1.0000568933631593	0.00035242221196171887
56186.79117998547	1.0002690415087891	0.00035244470879562787
56186.81161323937	0.9997950674241466	0.0003524003365556875
56186.83204669303	0.9994859032069425	0.0003523908948218125
56186.85248004623	0.9997310019067426	0.0003524055954039568
56186.8729134992	0.9994698444048657	0.00035237492766155426
56186.89334675193	0.9997630798130853	0.000352415683582312
56186.9137801042	1.000506650745243	0.0003524647993038893
56186.93421355601	0.9999411952117646	0.00035243032595142805
56186.954646807804	0.9991541095311034	0.00035236297269230815
56186.99551361002	1.0000991810715565	0.00035244990972907567
56187.01594696065	1.000110040753399	0.00035246887785947233
56187.03638021106	0.9999221630707349	0.0003524655500521761
56187.056813661	0.9997916406573549	0.00035244229757409656
56187.077247010704	0.999722564510591	0.0003524461493034256
56187.09768026018	1.0002801255029319	0.0003524978540546599
56187.11811370919	1.0003244273228766	0.000352500918662346
56187.13854705796	1.0000419386625812	0.00035250312580611606
56187.158980306274	0.9999445789794862	0.0003525086649906919
56187.179413754355	1.0000880317036365	0.0003525236460966106
56187.199847102194	1.000510283849518	0.0003525720229394624
56187.220280549576	0.9998912494605527	0.00035252874862007577
56187.2611471434	1.0002672927459189	0.0003525670457379094
56187.30201383583	1.0004095354100022	0.00035260120214878347
56187.32244718181	0.9995060661286995	0.0003525397782451964
56187.3428806271	0.9999989637957382	0.00035260153828238315
56187.36331387238	0.9999356559745964	0.00035260758079719485
56187.383747217194	1.000609308160088	0.0003526746131052717
56187.40418056155	1.000447575553475	0.00035266606089113763
56187.42461390567	0.999466193691586	0.0003525959596854271
56187.46548059321	1.0001207689264464	0.00035266930427936517
56187.4859139364	0.9998690512485937	0.00035266905015711236
56187.506347379116	0.9993965527680018	0.00035264861040585157
56187.547213963866	1.0002032986088245	0.0003527285876154849
56187.56764740565	0.9993579607779725	0.0003526767192100442
56187.58808074721	0.9999931075342705	0.0003527383429830843
56187.60851398854	1.0001639524850363	0.0003527441111221858
56187.628947429395	0.999947905890336	0.0003527474686294146
56187.649380770024	1.000363688012969	0.00035277807315566614
56187.66981401018	0.9999785563246786	0.0003527481384861626
56187.69024745011	0.9996141330521292	0.00035273621092916723
56187.71068078981	1.0000469206755829	0.00035276861271746953
56187.73111402904	0.9996808422239996	0.00035272557452294015
56187.75154746803	0.9998883241455755	0.00035275352047719273
56187.77198080657	0.99992348574927	0.00035274259245281464
56187.79241404486	1.0005345099598424	0.0003527902222868587