55134.928667635286	0.9994872398682708	0.00035248565794385574
55134.94910023958	0.9996429792675845	0.0003524954303283693
55134.96953294365	0.9997500253094225	0.0003525043873632911
55134.98996544772	1.0001651361144392	0.0003525260099395968
55135.010398051665	0.9996330926035238	0.00035248465518810415
55135.0308306555	1.0005089868173869	0.0003525402759859158
55135.05126325922	1.0001076002733706	0.0003525017336627284
55135.07169586282	0.9995234614622905	0.00035248007693684016
55135.09212846642	0.9998390201370406	0.00035248402907629863
55135.11256116979	1.0001288923180451	0.0003524794902507848
55135.132993673156	0.9991257830130907	0.00035242037910385946
55135.15342627641	0.9997460177321126	0.00035244307618108745
55135.17385897966	1.000722821644656	0.00035254867266099055
55135.19429148268	0.9997885182811704	0.00035243842674649643
55135.2147240857	0.9995200024963539	0.0003524369136337137
55135.235156588606	0.9995348357614703	0.0003524289751866284
55135.25558929139	1.0002445662909505	0.00035247943116283644
55135.27602189406	0.9995184454028445	0.0003524155549300628
55135.296454396615	1.0003733429227997	0.00035246467098710375
55135.316887099165	0.9995749684084096	0.00035241339666827764
55135.337319701604	1.0007372636753062	0.00035250218728378297
55135.35775220393	0.9998857811610097	0.00035241528132710145
55135.37818490613	1.0000144039501682	0.0003524328269933644
55135.43948261216	1.0001443511904453	0.00035241720823877605
55135.459915314015	1.0000647223153591	0.00035241610375191606
55135.480347815756	1.0007656446367053	0.0003524754086706506
55135.50078041749	1.0005819883162914	0.0003524529842263375
55135.521213119	1.0001642822388161	0.0003524022011405522
55135.541645620506	0.9999599020925442	0.0003523962587568655
55135.56207822189	0.9996292397963319	0.0003523679197096144
55135.582510823166	1.0000229834365488	0.00035238589904171904
55135.60294342444	0.9999486081026858	0.00035238960723400287
55135.623376025476	1.0001820061078466	0.0003524065821350391
55135.64380862652	0.9999366130500209	0.00035237055051129266
55135.664241227445	1.0002654006192464	0.00035239111059697263
55135.68467382825	1.000206405558643	0.000352388115476695
55135.70510642906	0.9995279084816432	0.0003523122838264723
55135.725539129635	1.0001679120556808	0.00035236381445311033
55135.745971630204	1.000419958241847	0.0003523905141749847
55135.766404230664	0.9998156689334701	0.00035232344000504215
55135.78683673101	1.000042113056231	0.0003523372573484313
55135.807269431345	1.000205782644205	0.0003523893870325122
55135.82770203157	1.0001841149027975	0.0003523494250736153
55135.848134631684	1.0002651644049463	0.00035234012984621676
55135.86856723167	0.9995702703963963	0.0003522774963422276
55135.88899983155	0.9999964591101029	0.00035231552286647176
55135.90943243143	1.0001377726519223	0.000352318367652231
55135.92986503118	1.0007560976044738	0.0003523617946293654
55135.95029763083	1.000082219705162	0.00035229798891783597
55135.97073023036	0.9998454270214748	0.0003522777725691745
55135.99116272977	0.9997968082015174	0.00035226722554235846
55136.011595429176	1.000396066633991	0.00035233315410038244
55136.03202802847	0.999899044568212	0.0003522532733982434
55136.052460527644	1.0006464474631342	0.0003523360808989526
55136.072893226825	1.000160269796295	0.0003522847118178027
55136.09332582577	0.9999672217753599	0.00035225755161459436
55136.11375832471	0.9999048715479937	0.00035224744007560836
55136.13419092354	0.9992443554688123	0.00035218397940802424
55136.15462362237	0.9994830179959369	0.00035219756423252057
55136.17505622096	0.9998377149529979	0.0003522073376290612
55136.19548871956	1.0005722659263279	0.00035225494804980373
55136.21592141804	0.9998957342631184	0.00035222264089306135
55136.2363540164	0.9997761387438924	0.00035218641227811973
55136.256786514765	1.000708692072056	0.0003522546375618723
55136.277219213014	0.9999724727355737	0.0003521809471395046
55136.29765171114	0.9998115569755637	0.0003521538243219996
55136.318084309154	0.9997432359316666	0.0003521460041548785
55136.33851690717	0.9996903154473958	0.00035213832929933844
55136.358949504945	1.000326973973089	0.0003521794631288525
55136.37938210273	1.0007738301567837	0.00035222765180789817
55136.39981470051	0.9997257553876935	0.0003521250368525303
55136.420247298054	1.000187959277731	0.0003521461752714959
55136.440679895604	0.9998826350920721	0.00035210308733055765
55136.46111249304	0.9996090387318424	0.0003520869523983379
55136.481544990354	0.9995857438059648	0.0003520719150837812
55136.52241028498	0.9997742864030822	0.0003520663666904905
55136.54284278206	0.9991555853920437	0.0003520048954241091
55136.56327547903	0.9995092534583742	0.00035201857505934585
55136.58370807588	0.999037860799771	0.00035196955271615826
55136.60414057273	0.9986439746866556	0.0003519403882050798
55136.62457326946	0.999409689983558	0.00035198229395991303
55136.645005866194	0.9991877642297289	0.00035195219396962627
55136.66543836269	0.9991025452994269	0.0003519347046935195
55136.68587095919	0.9995443187725797	0.0003519566246328704
55136.70630365558	0.9996017544878847	0.00035197769137146524
55136.726736251956	0.9990423318861688	0.0003519020762419171
55136.74716874811	0.9992887267610587	0.0003519234702089396
55136.76760144426	0.9997801248014339	0.00035195867728316914
55136.78803404029	1.00077404380292	0.00035200213306663114
55136.80846653633	0.9997952635944284	0.00035191561026970923
55136.82889923213	0.9998065042582356	0.00035191984120178934
55136.84933182793	1.000290790461752	0.00035194284452315117
55136.86976432373	1.0003215916138075	0.0003519339529421349
55136.91062961487	0.9999568248774238	0.0003519005691098102
55136.93106211032	0.9999007753017294	0.0003518744495370304
55136.951494705776	1.0000568217190275	0.0003518708664222202
55136.97192740099	0.9997770822425579	0.0003518399715532108
55136.99235989621	0.9994427847235392	0.0003518013242291692
55137.01279249132	0.9993620990251482	0.000351782076284517
55137.033225086416	0.9993894942217726	0.0003517792113093077
55137.053657781405	1.0009410225291455	0.00035190295096348246
55137.07409027628	0.9999498659788193	0.0003518130768208987
55137.09452287103	1.000169753877172	0.0003518168324260177
55137.11495556578	0.9997423422381752	0.00035178029171138595
55137.13538806042	1.0003832429963015	0.0003518174579297963
55137.15582065494	1.000170722443656	0.0003518098616390237
55137.176253349346	0.9998846339695342	0.0003517489398877981
55137.19668584375	1.0006213828342323	0.00035182663956341575
55137.21711843804	1.0006623990019679	0.0003518146010396955
55137.237551032325	1.000020737088328	0.0003517471512294054
55137.25798362638	1.0005084287632044	0.00035177501345638143
55137.27841622043	1.0005114428284245	0.00035177100647677465
55137.298848814375	1.000039177542668	0.00035173675506696236
55137.319281408316	0.9997519848452736	0.00035169524760249717
55137.36014659584	0.9999429148070776	0.00035170113940053143
55137.380579189434	0.9994856862324691	0.00035165535165353125
55137.40101178302	1.0000365309817671	0.0003516823584691387
55137.421444376494	1.0000003683025667	0.00035168328797208285
55137.44187686997	0.9999531246534041	0.00035167125808200104
55137.46230956321	1.0001652992133956	0.0003516790358410437
55137.48274205645	1.0001361424936306	0.0003516843290977974
55137.50317464969	0.9999145444384622	0.0003516485774676857
55137.52360734269	1.0001752525212613	0.0003516624261929154
55137.5440398357	0.9997774634283435	0.0003516521678876093
55137.564472428596	0.9994992270439584	0.00035162282995042723
55137.58490512149	0.9998117659302183	0.00035162308890202026
55137.60533771426	1.00002802256731	0.0003516295275668607
55137.62577020692	0.9996846847120013	0.00035158844868956625
55137.646202799464	0.9993928450671596	0.0003515748275101888
55137.666635492	1.0003604665359924	0.00035164484518448183
55137.68706798443	0.9995288915526347	0.0003515612419510892
55137.70750057686	0.9998349995296977	0.0003515943121064521
55137.727933269045	1.000084348195008	0.00035159806999844964
55137.74836576124	0.9997663415576838	0.0003515534494531674
55137.76879835343	1.0002296378317883	0.0003516032242098782
55137.78923094539	1.0005386658731976	0.0003516370230978172
55137.80966353735	1.000002761834791	0.00035158051637456484
55137.83009612931	1.0003260460016596	0.0003515861304078459
55137.850528721036	1.0001901837898233	0.0003515753438029917
55137.870961312765	0.9998518310895602	0.0003515414426075754
55137.89139390449	1.0001797661962812	0.00035156259695590797
55137.91182649598	0.9997774514063524	0.00035152598214821756
55137.93225918748	1.0001819433040018	0.00035153750074390654
55137.95269167898	0.9999896010330458	0.0003515418988838294
55137.97312427023	1.0002079567787199	0.0003515448026188767
55137.993556761496	1.000297514683801	0.00035155628483044167
55138.01398945264	0.9992947540246887	0.00035144816423796196
55138.034422043784	1.0002303046524987	0.0003515213450781827
55138.054854634815	1.000148908282319	0.00035152366870464934
55138.075287225845	0.9995527211941294	0.00035146691096939794
55138.095719816636	1.0002165314971503	0.0003515068698337112
55138.116152407434	0.9999421637446108	0.0003514784097880522
55138.13658499811	0.9997389519474825	0.000351451298323644
55138.15701758879	0.999974213923315	0.00035146309553600016
55138.177450179355	0.9996253226362757	0.0003514312197970887
55138.19788266992	1.000064730432342	0.00035145790885153673
55138.218315360245	0.9998734304811248	0.0003514466642906668
55138.23874795058	1.000011870042402	0.00035145349685490975
55138.25918044091	1.0004088509021627	0.0003514711812164368
55138.279613131	1.0001283116010622	0.000351444355360308
55138.30004572122	1.0000333322203128	0.0003514375455865488
55138.3204782112	0.9994486109142161	0.00035138661614915137
55138.34091080118	0.999811992102478	0.0003514073050382559
55138.361343491044	1.0002206035346606	0.00035143199431327037