55496.562178184744	0.9998113655261452	0.00024416439259194425
55496.58261121791	0.9998388980713931	0.00024416541527712965
55496.60304405097	0.9998400014509791	0.00024415619599403273
55496.62347708414	1.000082046389484	0.00024418223606380746
55496.64391001708	1.0000745102329514	0.000244181801885184
55496.664342850025	0.9999758956164939	0.0002441664336263293
55496.68477588296	1.0001035277380157	0.00024417806160627895
55496.7052088159	1.0005418727194777	0.0002442095370211848
55496.72564164861	1.0002392071923192	0.00024419290976280443
55496.74607468143	0.9997733472159755	0.0002441548317444155
55496.76650751414	0.999819753897179	0.00024416506070464716
55496.786940446735	1.0000253134291772	0.00024417320297503054
55496.80737347944	0.9999049324904745	0.00024416699346591975
55496.827806311914	0.999859048941527	0.00024416455005971187
55496.84823934439	0.9998273567359518	0.0002441608468350714
55496.86867227686	0.9995471174994236	0.00024413503505954525
55496.88910510922	0.9998363288856871	0.0002441601592880091
55496.90953814158	0.9999178261644825	0.00024416675553284064
55496.929971073936	1.0001460429872395	0.0002441807056516392
55496.95040390606	1.000382121066551	0.0002441928817244221
55496.97083693831	1.0004896849340625	0.0002442015530454621
55496.99126987043	0.9998836746946135	0.00024415501684310224
55497.011702802556	0.9996768643802475	0.0002441459532031119
55497.03213573457	1.0005052898741125	0.00024420425359540713
55497.052568666455	0.999842548844173	0.0002441569131687546
55497.07300159847	0.9998875946875332	0.0002441618573673091
55497.09343463036	1.000095877194664	0.00024416674673630705
55497.11386746213	0.9999501772373757	0.0002441694250197794
55497.13430049391	0.9998179547721237	0.00024415512762942046
55497.154733425574	0.9997646378241652	0.00024415341513306095
55497.17516625723	1.0002861630877697	0.00024418842848303904
55497.19559928889	0.9997748544673194	0.0002441457550431176
55497.216032220436	0.9995519229302616	0.00024413449738887522
55497.256898083404	0.9997907114773921	0.00024415523947386866
55497.27733101483	1.0001947423896393	0.0002441783587208183
55497.297763846254	0.9999912351844487	0.0002441641048928497
55497.31819687757	1.0003452016539303	0.00024418555445523244
55497.338629808764	0.9998531840486174	0.000244157974418407
55497.35906263995	0.9999999975269396	0.0002441647718017161
55497.37949567115	0.9998269617088782	0.0002441466203948837
55497.39992860223	1.000134796427193	0.0002441752091972348
55497.4203615333	1.0005256723752105	0.0002442038512830388
55497.44079446438	0.9999282760152681	0.00024416127108848685
55497.481660326186	1.0004705618686935	0.0002441966127807488
55497.50209325703	0.9999640452995705	0.00024415856577841177
55497.52252618788	1.0000340204066258	0.0002441643890175441
55497.542959118604	0.9998122410678678	0.00024415541618235173
55497.563392049335	0.9997441131308763	0.00024414763721622147
55497.583824980065	1.000299692585135	0.00024419343358805215
55497.60425801067	0.9998373684640058	0.00024415356317844734
55497.62469084117	0.9994759186000002	0.00024412133475792706
55497.64512387167	1.00010932063617	0.00024417249218426884
55497.66555680216	0.9998487767242432	0.00024416090888563884
55497.68598963254	0.9998075233381367	0.00024415000265610705
55497.706422662915	1.0001027220366692	0.00024417923271162625
55497.7268555933	0.9999422257646534	0.0002441697490602514
55497.74728842356	0.9997620526848402	0.0002441629667080239
55497.76772145383	1.0001059406599668	0.00024417892138893813
55497.80858721412	0.9995089012397883	0.0002441412893057594
55497.82902024414	1.0001067682302038	0.000244177327772693
55497.86988600409	1.0005368484420738	0.00024421070828819114
55497.890319034115	1.0001856118199113	0.00024418555887215597
55497.910751963915	1.000431276402243	0.00024420186384153096
55497.93118499383	1.0000957222886055	0.000244184471139806
55497.951617823506	0.9999724498935645	0.0002441765892096579
55497.972050753306	0.999949964355727	0.00024417049616477765
55497.99248378299	1.0000899856289391	0.00024418430298786087
55498.012916612664	0.9999127291415275	0.0002441735162610335
55498.03334954223	1.0000609690680704	0.0002441833974774208
55498.0537825718	1.000471833516382	0.000244212976320131
55498.07421540124	0.999802255323611	0.00024416841834132025
55498.09464833069	0.9994674435348316	0.0002441408725994499
55498.11508126014	0.999511299369266	0.0002441513934826668
55498.13551418947	1.0003902367091957	0.0002442134556345613
55498.1559471188	0.9998621976370597	0.0002441696206176852
55498.17638014802	0.9999500480211362	0.00024418336582004833
55498.196812977345	1.000121746169328	0.00024419091467933935
55498.21724600645	0.9997483974843868	0.00024416853094884664
55498.23767893555	1.0002323990611313	0.00024420030711085885
55498.25811176464	1.0000617055090912	0.0002441862961745462
55498.29897772273	1.000095227147601	0.00024419197510891895
55498.31941055159	0.9997759263109786	0.0002441705869153075
55498.339843580456	1.0002616830058966	0.00024420319112642444
55498.360276509324	0.9998615925537253	0.00024417700023999145
55498.380709338184	0.9999852935417114	0.0002441888667998745
55498.401142366936	0.9995581240634986	0.00024415402444820107
55498.42157529557	0.9996484150890468	0.0002441536110265195
55498.4420083242	1.0000663756570767	0.0002441884192131227
55498.48287408147	0.9995109267674511	0.00024415683099657
55498.50330710998	1.0000774479504058	0.0002441924410729397
55498.523739938384	1.000413157619377	0.00024421619923705714
55498.5441728669	1.000029911826059	0.0002441890555514374
55498.56460589518	0.9998347027649753	0.0002441741780642979
55498.585038723584	1.0004324587795188	0.00024422422275140713
55498.62590468015	1.0002764685037104	0.00024421069589517
55498.64633760832	1.0000413922999662	0.0002441914818382653
55498.66677043649	1.0003742790278156	0.0002442146666029305
55498.687203464535	1.000082216819006	0.0002441981462042174
55498.707636292704	0.9993176783604396	0.0002441372558896572
55498.72806932064	0.9997653367883812	0.0002441667869073514
55498.74850224869	1.0003314549954614	0.00024420942425557545
55498.768935176624	1.0000849616528233	0.00024420314030159106
55498.78936810444	1.0001123802695366	0.00024419564493614036
55498.809801032374	1.0002366724673368	0.00024420551114337274
55498.83023386008	1.0000666624634424	0.0002441915494006787
55498.8506668879	1.000195833583856	0.0002442014708336998
55498.871099815595	1.0003350405854248	0.000244219221941606
55498.8915326433	0.9998433083265175	0.0002441748461082254
55498.91196567088	1.000271212183543	0.000244207521789145
55498.93239859847	0.9996183725736475	0.00024416123160713577
55498.95283142594	1.0001781951364337	0.0002442021340208734
55498.973264453525	0.9998337906517355	0.000244176643689615
55498.99369738087	0.9998447262373356	0.0002441781502874027
55499.014130408344	1.0003721126038763	0.00024421894348375264
55499.054996163046	1.0001274361159351	0.0002441968372480469
55499.075429190285	1.0002082194721928	0.0002441976084003873
55499.09586201752	1.000126320478827	0.00024419995107244943
55499.11629494475	1.0003438569955492	0.0002442083538174219
55499.136727971876	0.9998785059981369	0.00024418173629631363
55499.15716089899	0.9996531733223445	0.0002441615795388451
55499.25932553378	0.9996656876179302	0.0002441675604277821
55499.27975846066	0.9999424069350851	0.0002441820779763818
55499.320624314205	0.9995077659120888	0.0002441515238214247
55499.34105724097	0.9997511013065871	0.00024416545203053303
55499.38192309428	0.9999183717515605	0.0002441785783408154
55499.402356020815	1.0000407335891317	0.0002441866952808706
55499.422788947355	0.9998279572321792	0.00024417672951581665
55499.443221873895	1.0006720221584955	0.00024423042689240723
55499.46365480031	0.9999293530268906	0.00024417596793897795
55499.484087726734	1.0000147836097077	0.00024418196584091625
55499.50452065316	0.9997179273019468	0.0002441683408461633
55499.52495367946	0.9999203138118257	0.00024418012572863175
55499.545386505764	1.0003891958418003	0.0002442065657994339
55499.56581943207	0.999688216142186	0.0002441671384989662
55499.586252458255	1.0001823150761937	0.0002441984760273298
55499.606685284445	0.999614320584518	0.0002441502725853081
55499.62711821052	0.9997437363776446	0.000244159871537255
55499.64755123659	1.0005216738139082	0.0002442237421845858
55499.66798416266	0.9998718722247055	0.00024417082762638733
55499.688416988734	0.9997240928290241	0.0002441590719522332
55499.708850014686	0.9999878784136367	0.0002441802792653347
55499.72928294053	0.9997227354046542	0.000244159828141546
55499.749715866485	0.9993617219173155	0.00024413828347549695
55499.77014879232	0.9993243484545649	0.000244129870762801
55499.79058171816	0.999531389534924	0.0002441446505923593
55499.8314475696	0.999145119260534	0.0002441176854178982
55499.85188049533	0.99944311903913	0.0002441477948260765
55499.87231352093	0.9994081608675955	0.00024414022959799305
55499.89274634654	0.9997765042830751	0.0002441604036945754
55499.913179272145	0.999568255303805	0.0002441485167789322
55499.93361229764	0.999527232959203	0.0002441450961879569
55499.99491107398	0.9991537502352476	0.00024412230688395137
55500.05620974988	0.9995497937477648	0.00024415326447757406
55500.07664267513	0.9995539071836458	0.00024415166412444664
55500.09707570039	0.9992373827178851	0.0002441327915549259
55500.13794145067	0.9996826005347222	0.0002441645271337257
55500.17880740084	0.9993385434571115	0.0002441425720211494
55500.199240225855	0.9999405917560751	0.00024418159486232373
55500.24010617567	0.9996013657819668	0.0002441659254855205
55500.26053900058	0.9995400555469693	0.0002441568171799613
55500.28097202549	0.9998927711520392	0.0002441874322045697
55500.301404950274	1.0001821052378217	0.00024421271074227395
55500.342270799745	1.000111706466024	0.0002442060928847377
55500.36270372453	1.0007194986205483	0.00024425847423786113
55500.38313674921	1.0005441685352752	0.0002442426246789314
55500.40356957377	0.9998074139196226	0.000244190416784881
55500.42400249832	0.9999605895658321	0.0002442064884002538
55500.444435522884	1.0003114441760619	0.00024422358223408436
55500.464868347444	1.000007739184816	0.00024420597274046695
55500.48530127188	1.0004374629231392	0.00024424212614915935
55500.50573429633	1.0001303141644298	0.00024422340136670204
55500.52616712077	1.000086555358415	0.00024422067835998333
55500.54660004509	1.0002013409485038	0.0002442216691985267
55500.56703306942	1.000280139279793	0.00024422586338777077
55500.58746589375	0.999644581442446	0.00024418583614834344
55500.60789891795	1.0000582604712367	0.0002442110392146489
55500.62833184216	1.000035937704572	0.0002442152172896607
55500.648764766374	0.9999948982172484	0.00024421055907698617
55500.66919769046	0.9998871137814535	0.0002442073094908545
55500.68963061456	1.0001776820566033	0.00024422472721094573
55500.71006353865	0.999810777248127	0.0002442039932993345
55500.73049646274	0.9997631763238937	0.0002442030735507672
55500.75092938672	0.9994596748653669	0.00024418511036104176
55500.7713622107	1.0000961476564563	0.0002442265428846166
55500.79179523455	1.0000719391830124	0.0002442243005401249
55500.812228158415	1.0000763728029383	0.00024421748614940434
55500.85309400613	1.0001691200397658	0.00024423504875372126
55500.87352692988	1.0001432940348765	0.00024423211633680904
55500.893959953624	0.9996075566654009	0.00024419128873624714
55500.91439277736	0.9999267073576269	0.00024421813835783483
55500.93482570099	0.9999569275823773	0.00024422046297698787
55500.955258724614	1.000125926250785	0.00024424217373029267
55500.97569154824	0.9999770833353764	0.000244223598810489
55500.996124471756	0.9998386564194359	0.0002442195280944493
55501.036990318775	0.9996661937869428	0.00024421048368767094
55501.05742324229	1.0003946628050835	0.0002442670310173912
55501.07785626568	0.9998271694578431	0.00024421877983279804
55501.098289089074	1.0000813143380254	0.00024423719591034146
55501.118722112355	0.9999941124441211	0.00024423096968530114
55501.13915503575	1.0002092696518623	0.0002442474768191006
55501.159587959024	1.0001523637642455	0.0002442425609966663
55501.18002088219	0.9998254022309243	0.0002442151644392498
55501.20045380546	1.0000976360137062	0.0002442409758440686
55501.220886728624	0.9999274295227033	0.00024423008748875583
55501.24131965179	0.9999766397944735	0.00024423830711950076
55501.261752574836	1.000350589657829	0.0002442571249802921
55501.282185497876	1.0002138624595611	0.0002442493767771914
55501.30261842092	0.9992747604842912	0.00024418729295254014
55501.343484266894	0.9997147608614148	0.00024421210173344133
55501.363917189825	0.999863938570184	0.0002442173897319597
55501.384350112756	0.9997311042873359	0.0002442154035351943
55501.404783135564	1.0001430021606192	0.00024424600922331595
55501.425215958494	0.9998896771390835	0.0002442299342001338
55501.445648881185	0.9999428040370816	0.00024422639260440195
55501.466081904	0.9995896643191517	0.00024420229655842366
55501.4865147267	0.9996103165193678	0.00024420674624705836
55501.506947649395	1.0001022584016004	0.00024424123282189536
55501.52738067209	1.0003806121560879	0.0002442636547521052
55501.54781349467	1.0000932829116171	0.0002442438009455466
55501.56824641736	1.000618422720689	0.0002442888284395835
55501.609112262406	1.0001184351957153	0.00024424833905248083
55501.629545284864	1.0004824082430215	0.0002442703138470628
55501.64997820733	1.000035845156636	0.0002442392393856597
55501.670411029794	0.9998625013613922	0.00024422498236388146
55501.69084405225	0.9997899500221527	0.00024422494595566604
55501.7112769746	1.0004829539553104	0.0002442702260341243
55501.752142819176	1.000023477644914	0.000244236375336229
55501.772575741525	1.0003908608736234	0.00024425741677166476
55501.813441585866	1.000164864182182	0.0002442469675100459
55501.8338745081	1.0000392905273376	0.00024423367311932965
55501.854307530215	1.0000040101270018	0.0002442304782674612
55501.874740452324	0.9997946019189153	0.00024421104475384146
55501.89517327444	1.0000530663031397	0.00024423141411146596
55501.91560629644	0.9999666976194981	0.0002442240804221675
55501.97690506243	1.0000842441093658	0.00024423203311562487
55501.99733798431	0.9999707823016863	0.000244227814573109
55502.03820382807	0.999973106802072	0.0002442213603995192
55502.05863664983	1.0002418150984356	0.0002442474034777097
55502.079069571715	0.9997414490637927	0.0002442024154689621
55502.09950259348	0.9999163092106877	0.00024421867205734395
55502.119935415125	0.9996847910265784	0.00024420951783999236
55502.14036843573	1.0000704563063691	0.00024423168661251877
55502.16080135738	1.0000180113867005	0.0002442212567760156
55502.24253304385	0.999774261605367	0.0002442073246133347
55502.262965965325	1.0001893695870963	0.00024423364825448466
55502.2833988868	1.0000086002503814	0.00024422157682466044
55502.30383180827	0.9996630400591645	0.00024419438385574503
55502.344697651104	1.0001605266307951	0.00024422949471676993
55502.36513067246	0.9998015756039142	0.00024420540265077605
55502.38556359376	1.000238288820638	0.0002442460133144446
55502.40599641512	1.000118395356508	0.00024423545363824305
55502.42642943635	0.9995797809013109	0.0002441930911962309
55502.446862357596	0.9998305917682004	0.0002442094069098949
55502.46729517884	1.0003321484449428	0.00024424280084980117
55502.487728200016	1.0001716340160665	0.00024423149788176715
55502.5081611212	1.0001404874331492	0.00024424084550226033
55502.52859394233	0.9997513859119509	0.0002442036599211603
55502.56945988446	1.0001131765126163	0.0002442325144040296
55502.589892705524	1.0002475886669886	0.00024425105645715895
55502.61032572653	0.9999669413999164	0.00024421627010086274
55502.63075864754	0.999878036018112	0.00024421778286322024
55502.65119156848	0.9998304561962911	0.00024421526526114936
55502.671624489376	1.0006773104282927	0.00024428193572550847
55502.69205741033	0.9999178748335483	0.00024421118850413123
55502.712490331156	0.9994477351602128	0.0002441772694960438
55502.73292325199	0.9995512029253574	0.00024418919302793165
55502.75335617283	1.0001443375187304	0.00024423233975146295
55502.7737890936	0.9999317824477371	0.0002442151510791917
55502.794222014374	0.9998629542659041	0.0002442131475123216
55502.81465493509	0.9998999722214641	0.0002442202676849724
55502.835087855805	0.9995288764027382	0.00024418306582984974
55502.87595379713	1.00015453291057	0.00024423562091153696
55502.89638671772	0.9996063172445537	0.0002442052583687276
55502.95768547941	1.0001675300330561	0.00024424028763003313
55502.97811829989	0.9996573739832052	0.0002441986016508355
55502.99855132038	0.99973142103628	0.0002442106732651212
55503.039417061285	1.000271259150065	0.00024425227147323775
55503.059850081656	1.000052885542289	0.0002442358026026717
55503.10071582239	0.9998207498021652	0.0002442159333058986
55503.1211488427	1.0001078966979455	0.0002442417884545967
55503.141581763004	0.9998237349608399	0.00024421822835895684
55503.16201478326	0.9999741478138473	0.00024424727906872007
55503.18244760345	1.0000290315097093	0.0002442411332275427
55503.2028805237	0.9996785713939952	0.0002442120126200084
55503.223313543895	1.000200026467539	0.00024424651408399943
55503.24374636403	1.0000710884938633	0.000244246418255703
55503.26417928416	1.00013844806833	0.0002442500038742383
55503.2846122043	1.000210160607656	0.0002442515491392706
55503.305045124376	1.000140602645698	0.00024425031197990654
55503.32547804439	0.9999303476150602	0.00024423837569220676
55503.34591106441	0.9999035261617104	0.00024423078183850085
55503.36634388443	1.0003390834477188	0.0002442611647575834
55503.386776904386	0.9997431341774947	0.0002442169990153823
55503.40720982435	1.000190656597321	0.0002442535929678848
55503.42764264425	1.000142555503913	0.000244252702314225