55390.28846665844	1.0002107184728892	0.00024397514830473235
55390.308900406875	0.9996749065037706	0.00024393517497838638
55390.329334354836	0.9998758326684257	0.0002439467508289781
55390.3497682028	1.000038325693036	0.0002439648093435282
55390.37020205054	0.9997134399443451	0.00024395061333388273
55390.39063589803	0.9996340077987034	0.0002439340266163287
55390.4110697453	1.0001941707679736	0.0002439717446332073
55390.43150369257	0.9999208048265931	0.00024396269098884396
55390.47237128617	0.9998008979245532	0.00024395021084365245
55390.49280523274	0.9997761733084735	0.0002439549978154919
55390.51323907907	1.0001588963869532	0.00024397895016223334
55390.53367282517	1.0000720366590288	0.00024397751773087029
55390.554106771044	0.9998616856063534	0.0002439665633044521
55390.574540516674	1.00019222037015	0.0002439850943826003
55390.59497436231	1.0001490461346711	0.0002439851460366197
55390.61540830772	1.0003282610606377	0.00024399756794616357
55390.635842052885	0.999391302878584	0.00024394142035756697
55390.656275897825	0.9998595640693956	0.00024396393657359492
55390.67670984253	0.9996098900478216	0.00024395185664797856
55390.697143587	1.0004381193291312	0.00024400751170850122
55390.71757743124	0.9998039763962385	0.000243966627463698
55390.738011375484	0.9995427601429129	0.00024394845011652068
55390.75844511925	0.9996100519635882	0.00024395467307840397
55390.77887906303	1.000004963519878	0.0002439838046475506
55390.819746649875	0.9999650917937131	0.00024397394048767881
55390.86061443603	1.0003174045234877	0.00024401927497973746
55390.88104827887	1.0003940155460136	0.00024401150925134452
55390.90148212125	0.9995675978746323	0.00024396396769307715
55390.92191596363	0.9999744444706348	0.00024398959532490253
55390.942349805766	1.0001367879133403	0.0002440020194225362
55390.96278364768	1.000088600353441	0.0002439979535726668
55391.00365133103	1.000152110231784	0.00024400444999075451
55391.02408527225	1.0005568143484658	0.00024403545491501135
55391.04451901346	1.0000993011797905	0.00024400956378321263
55391.06495285444	1.0001172383989483	0.00024400904499330788
55391.08538679519	1.000168685984092	0.00024401293035149365
55391.105820535704	0.9999605187449345	0.00024400639864420598
55391.12625447598	1.0005981746917492	0.00024404202238569283
55391.146688316265	1.0002013416953741	0.0002440175396667565
55391.16712205608	1.0002529778066087	0.00024402985835162092
55391.18755599589	1.000341923144818	0.0002440324522811865
55391.20798983548	0.9999751312301788	0.00024400272548415295
55391.22842357483	0.9999720882394921	0.00024401362308491345
55391.24885751394	0.9999228547785141	0.0002440055736660324
55391.26929135283	0.9999976682563161	0.00024401157378863754
55391.28972509148	1.0001469563199543	0.00024402398906518626
55391.31015903013	0.9999497566489168	0.0002440138238021985
55391.33059276855	1.0004148266256658	0.00024404319953616336
55391.351026606506	0.9998142628053872	0.00024400256006635427
55391.371460544455	1.000034757215728	0.0002440201961771841
55391.39189438241	1.0003353171592348	0.00024404810935001772
55391.4123281199	0.9998442021498158	0.00024400845942579327
55391.43276205715	0.9999987711518966	0.00024402319579044316
55391.453195894406	1.0005050975761798	0.00024405581046784523
55391.47362973119	0.9995951372226027	0.00024400006308677733
55391.49406356798	0.9999983952709053	0.0002440288008596039
55391.51449740454	0.9994375807503433	0.0002439919910144389
55391.55536507695	1.0002602740429911	0.0002440461205278695
55391.57579891304	0.9999179036005179	0.00024402800614997872
55391.61666658429	1.0004126035960061	0.0002440614208269384
55391.637100419684	1.0001371512116708	0.0002440445238484082
55391.65753435461	1.0000110722855142	0.00024404524271790887
55391.677968089534	1.0002215079071641	0.0002440609785469395
55391.69840192446	1.0001229208730331	0.00024405707049641274
55391.71883585892	1.0002755546724071	0.0002440597168428347
55391.73926959315	0.9999540433708529	0.0002440470397623581
55391.75970342738	1.0001105828638492	0.00024407515951205147
55391.78013736137	0.9999050463652535	0.0002440420364785491
55391.80057109513	1.0003053486692055	0.00024406938643302176
55391.821004928664	0.9997937078322606	0.00024404572231243987
55391.84143886196	0.9997856159266422	0.00024404623741071328
55391.86187269502	1.0001965626311773	0.00024407275442526712
55391.88230652809	1.0002695756295432	0.00024407574764770306
55391.90274036068	0.9998076064085449	0.0002440479946441459
55391.92317419328	1.0005397763389066	0.00024409584319932335
55391.94360802565	1.0002479015461907	0.00024407432488104543
55391.96404185778	0.9999400068951679	0.00024405487858989442
55391.98447558968	0.999726550928418	0.00024404337394159952
55392.025343352776	0.999931502396749	0.00024406181591114616
55392.04577718421	0.9998215421727735	0.00024404660643888675
55392.06621101518	0.999629770015575	0.00024403621994716776
55392.086644846146	1.0001044250443392	0.00024407873180089983
55392.10707857688	0.9999002444694441	0.0002440584320832562
55392.12751250739	0.9998504929032238	0.00024405277212481458
55392.168380067924	1.0002488353194705	0.00024407961486351207
55392.18881399773	0.9998144553540059	0.00024404865189802495
55392.20924782753	0.9997566098784676	0.0002440501960081441
55392.250115486444	1.000103841299904	0.0002440756904235956
55392.270549315544	0.9998220347487267	0.00024405027268311014
55392.31141697306	1.0002119659419937	0.00024408042092259854
55392.33185080146	1.000206990010018	0.00024407504651333798
55392.352284729874	0.9998070841547888	0.00024405637890820167
55392.37271855805	0.9999432854536847	0.00024406375285466846
55392.39315228575	1.0005946933457301	0.00024411391251325163
55392.413586213464	0.9999684825015961	0.00024406980077367594
55392.43402004117	0.9997650654725306	0.00024405179279009078
55392.45445376841	1.0001602730441357	0.0002440901454309368
55392.474887695425	0.9998134826644399	0.00024406024467772471
55392.49532152244	0.9995914034047166	0.00024404143788118998
55392.536189175524	0.9998924988165734	0.00024406577110808045
55392.55662300183	1.0002392386121044	0.00024409112801907886
55392.57705692791	0.9996272149004103	0.00024404646990016033
55392.59749065376	1.0000458354590085	0.00024407994584533746
55392.617924479375	0.9998698709173771	0.00024406948771693706
55392.63835830498	1.0002109926962597	0.00024409226522294737
55392.65879213013	0.9998620896792806	0.0002440621409127812
55392.679225955275	0.9998456673972305	0.00024406377681582348
55392.69965978019	1.0000038443388015	0.0002440733619673299
55392.720093604876	0.999775854954547	0.00024405423706984182
55392.74052742933	0.9994508585330002	0.00024403787896458662
55392.76096125354	1.0002783790388237	0.00024410294717125923
55392.781395077756	0.9995701739668846	0.00024405085670524878
55392.822262725254	0.999874277214625	0.00024407233354254449
55392.84269654854	1.000190403526896	0.0002440899023327717
55392.86313037183	1.0000552795182354	0.0002440882331597653
55392.883564194875	0.999957451237143	0.00024408139881590142
55392.90399801793	0.9995791760608097	0.00024405632739056776
55392.92443194051	0.9997459854443852	0.00024406860614497369
55392.94486576287	1.0000803149297917	0.00024409150434064725
55392.96529948522	0.9999211753944496	0.00024407821835991164
55392.98573340734	1.0001469993079868	0.00024410690215746363
55393.006167228996	0.9999585228539244	0.00024408469135279366
55393.02660095065	0.9995602703953961	0.00024405646108251145
55393.04703487207	0.9997528027309323	0.00024407318179939187
55393.067468693494	1.0001509978120555	0.00024410137341683306
55393.08790241445	0.999533708005643	0.0002440583569706245
55393.10833633517	1.0001918193984076	0.0002441013164971347
55393.1287701559	0.9995753352795509	0.00024406667128380586
55393.14920387639	0.9999588874251661	0.0002440952685031199
55393.169637796644	1.000211730891265	0.0002440971147955063
55393.19007161667	0.9997611856135068	0.00024407631969836392
55393.210505436466	0.9998200394591987	0.00024407960007679966
55393.23093925602	1.0002136766258927	0.00024411257590776955
55393.25137307535	1.0002640148302975	0.00024412415774722405
55393.27180689468	0.9999660735328706	0.00024408611358562728
55393.292240713534	0.9998405386489283	0.00024408963634736045
55393.3126745324	0.9997795506116571	0.0002440889872243519
55393.33310845103	0.9995592769589631	0.00024406299629795169
55393.35354216942	0.9998408762645454	0.00024409127208826605
55393.37397598758	1.0001772432474683	0.00024410942699164666
55393.39440980575	0.9998790303135905	0.0002440926225025769
55393.41484362344	1.0004642798065448	0.00024413531983081922
55393.43527744114	0.9998316115598693	0.0002440900645320797
55393.45571135837	0.9997023921991565	0.00024407900300827168
55393.4761450756	0.9995961783762609	0.00024406870780484613
55393.4965788926	0.9998605053025099	0.00024409040960400108
55393.51701280937	0.9998592448820212	0.00024409424603233053
55393.537446525894	0.9996135309237012	0.000244077337041464
55393.55788034243	0.9997960714642634	0.00024409071451854522
55393.5783142585	0.9992917772366839	0.00024405566072507407
55393.59874797456	0.9997579400453294	0.00024408616794618202
55393.63961570577	0.9994569175233419	0.00024407467341720348
55393.66004942113	0.9992085537803033	0.0002440601113381678
55393.68048333627	0.9997844915344157	0.00024409636548815446
55393.700917151175	0.9993496255682307	0.00024406885920205936
55393.72135086607	0.99964523081133	0.00024409110139700604
55393.74178478051	0.9996745087750809	0.00024409562294081232
55393.76221859495	0.9992781325835669	0.0002440643326561377
55393.80308622289	0.9995753261682991	0.0002440863813374129
55393.82352003663	0.9995265828228928	0.00024408370844629802
55393.84395385013	0.999421717051042	0.0002440716856950653
55393.86438766364	1.000057752959493	0.00024411630288965623
55393.884821476684	0.9996071600656559	0.00024409839789035239
55393.90525528972	0.9996377037686487	0.00024408545911137433
55393.9256892023	0.9995776178219815	0.00024409334117549679
55393.94612291487	0.9999028215222515	0.00024411847627929273
55393.96655672721	1.0001266592148026	0.0002441301672380153
55393.98699063932	0.9995065493278007	0.00024409309672580653
55394.0074243512	1.0000393100492448	0.00024412526734358367
55394.02785826284	1.0003531470127975	0.00024414715310946375
55394.04829197425	1.0000000290168376	0.00024412242943997343
55394.06872578566	1.000598017872367	0.0002441671490717839
55394.089159696836	0.9999555140977395	0.00024412670816228259
55394.10959340755	1.000242367212003	0.00024414176808238043
55394.13002721826	1.0000245498012914	0.00024412736422549418
55394.15046112874	1.0003472353594391	0.00024415398198125894
55394.170894838986	0.9999581968174396	0.00024412891502247088
55394.191328649234	1.0000847754352953	0.0002441360049149821
55394.21176255901	0.9999802156108722	0.00024412887569435498
55394.23219626856	1.0000173928741358	0.0002441287128826538
55394.25263007811	0.9998607312470507	0.00024413190892745795
55394.27306398742	1.0003484478847584	0.00024415763082348487
55394.293497796505	0.9997893347471258	0.0002441232641691899
55394.313931505356	1.0000768453266942	0.00024413837560751563
55394.33436541397	1.0001087637413604	0.0002441566326231934
55394.354799222354	1.0001800095279276	0.0002441496051690962
55394.375232930506	0.9998286999933351	0.00024412907730597796
55394.39566683865	0.9996681191455308	0.00024412059260245882
55394.41610064634	1.000290646180823	0.00024416466260141254
55394.43653455402	0.9997097965409752	0.00024412528258554008
55394.456968261475	1.0001252162905578	0.00024415889476264626
55394.4774020687	0.9998734153979766	0.0002441428388433859
55394.49783597568	0.9997859431506982	0.00024413371828090687
55394.518269682434	1.0000254562979092	0.00024414512476118264
55394.53870348919	1.000087937555075	0.00024415903080110915
55394.559137395474	0.9999855203537075	0.00024415442717989834
55394.57957110176	1.0003462910491197	0.0002441767266112533
55394.60000490782	1.0003198205408594	0.00024417670085730164
55394.62043881341	0.9998023408696659	0.00024414072336803057
55394.640872519	1.0001615245237494	0.0002441696283573328
55394.66130632436	0.9998335277435657	0.00024414329975187507
55394.68174022971	1.0005919088219584	0.0002442030984246238
55394.7021739346	1.0000960182950231	0.00024416660508909686
55394.722607739495	1.0002984789803426	0.00024417798957033045
55394.76347534834	1.0001694876705938	0.0002441766372102924
55394.78390925254	0.9999312194360338	0.00024415829446653104
55394.804343056494	1.000797650084819	0.0002442232047482624
55394.82477676022	1.000205864379395	0.0002441856198696945
55394.84521066372	0.9998948611792198	0.000244168054901714
55394.865644466976	0.9999567194126492	0.0002441731949015722
55394.88607817024	0.9998102337674933	0.0002441656862302523
55394.90651207304	0.9997121627140151	0.0002441534718100447
55394.92694587583	1.0001824118011662	0.00024419355406108176
55394.94737957839	1.000351005673251	0.00024419975750884657
55394.967813480725	0.9998327873891233	0.000244162879087215
55395.00868098468	0.9997964626043828	0.0002441477789833422
55395.02911488632	0.9998139382608217	0.0002441552419127806
55395.04954868771	0.9997187668037611	0.00024414383243542544
55395.06998238911	1.00000575261527	0.0002441736205271398
55395.09041629028	1.000108428515831	0.0002441741975471753
55395.110850090976	0.999921842121253	0.0002441631622947312
55395.13128399168	1.0000186753355866	0.00024417388986214814
55395.15171769215	1.000072055343223	0.00024417542134570557
55395.17215149238	0.9999798837250619	0.00024417092276796587
55395.192585392615	1.000250741656453	0.000244189070541366
55395.213019092385	0.9999447184130441	0.00024417028438992664
55395.23345289192	1.000047095044231	0.0002441763819705609
55395.253886791455	1.000436085287842	0.00024420477318792496
55395.27432059076	1.0002152329673932	0.00024418605302750494
55395.294754289826	0.9999502450077883	0.0002441685739303201
55395.315188188666	1.000227594780001	0.0002441884596266064
55395.335621987266	1.0000460871320564	0.0002441758120454444
55395.37648958378	1.0000040434966315	0.0002441726895659332
55395.39692338192	0.9995851089943107	0.0002441500454311328
55395.41735707959	0.9998793806024382	0.0002441706908195752
55395.43779097727	0.9993399382050705	0.0002441312197206392
55395.45822467471	0.9999810876522638	0.000244175157758401
55395.47865847191	0.9999070703073686	0.0002441730047610673
55395.49909236889	1.000027807006795	0.00024417733393219346
55395.51952606563	0.9998876614827756	0.0002441712826203658
55395.53995996214	1.0002663211270546	0.0002441922966293362
55395.56039375842	0.9996291893202058	0.0002441575729210792
55395.580827454694	0.9996294731539659	0.00024416015299450345
55395.601261350734	0.9999791007113901	0.0002441779935339584
55395.621695146314	1.0008460902627017	0.0002442449269565193
55395.642128941894	0.9998718040676278	0.00024418118397873795
55395.662562737234	0.9997378130327443	0.00024417300701644275
55395.68299653235	1.0003787777410365	0.000244215115105907
55395.70343032722	0.9998752981245925	0.00024417221700316307
55395.723864122105	0.9998793934072658	0.00024417283427177256
55395.74429791652	1.0001239638493542	0.0002441951637343283
55395.76473171094	0.9998603422811965	0.0002441734586020525
55395.78516560488	0.9998748512914167	0.0002441765767396511
55395.80559929883	0.9996524688620886	0.00024416994104979004
55395.82603309254	0.9998753454133212	0.000244185147016826
55395.846466986026	1.0002817473361683	0.00024420845346601896
55395.86690067928	0.9996355483172574	0.0002441645112357407
55395.88733457252	0.9993987474443896	0.000244154233720944
55395.90776836531	0.9996694324126352	0.0002441705379879235
55395.928202058094	1.0000665220357519	0.00024419762936071944
55395.94863595041	1.0002230304173296	0.00024420846667615263
55395.96906974273	0.999887060557362	0.0002441866113487116
55395.989503434816	0.9998971643129768	0.00024418245948589054
55396.009937326664	1.0000538759413324	0.00024419310762617183
55396.030371118286	0.9998391339743903	0.00024419024424793983
55396.050804809674	1.000205026577901	0.00024421464224811144
55396.071238700824	1.0000066541956527	0.00024418669818535943
55396.09167249198	0.9998092501761237	0.00024418190927438175
55396.11210628267	0.9998809432482267	0.0002441849952950402
55396.132540073355	0.999457751815269	0.0002441548366748256
55396.15297386381	0.9999661488698653	0.00024419342536007114
55396.17340755404	1.0001249757292152	0.0002442048076177968
55396.19384144402	1.0000008723086877	0.0002441961737236378
55396.21427523378	0.9995866202245021	0.00024416104451349425
55396.23470902331	1.000118689159626	0.0002441971885535539
55396.255142812595	0.9999799035821582	0.0002441950152045793
55396.27557660189	1.0001558938200863	0.00024420534227386566
55396.29601049072	0.9997636488077734	0.00024418483371501835
55396.33687796813	1.0001476578879	0.000244211620779222
55396.3573118565	0.9998885913838719	0.0002441946817394633
55396.37774554462	1.0004575883804774	0.0002442318202316816
55396.398179332515	0.9999147532256936	0.000244193865082197
55396.41861322018	1.0001209240562372	0.0002442017633225473
55396.4390469076	1.0003473471206035	0.00024422351501542897
55396.45948069503	1.000000506153999	0.0002441973237072569
55396.47991458223	0.9998993084817288	0.00024419391181498053
55396.50034826896	0.999697336765237	0.00024418263316394436
55396.52078205569	1.0000590675648935	0.0002442081465985765
55396.54121594219	1.000466355562735	0.00024424308493478815
55396.56164962845	0.9999773514838025	0.0002441998440558838
55396.58208341448	1.0005858257391687	0.00024424647717925243
55396.60251730052	0.9999558368235804	0.0002442000140343776
55396.62295108608	0.9998717730978524	0.00024419317762249606
55396.64338487165	0.9999686922089599	0.000244201935487746
55396.66381865675	1.0002800040996604	0.00024422670242745724
55396.684252441846	0.9995579871366698	0.0002441797164509113
55396.704686226716	1.0001359303593786	0.0002442162470621244
55396.72512001135	0.9999879742839393	0.0002441998888079053
55396.74555379575	1.000032710331342	0.0002442080811436747
55396.76598767992	0.9998646750258435	0.0002442054933446189
55396.78642136386	1.000161850814898	0.00024421384303215354
55396.80685514779	1.0000317184158514	0.0002442077932347743
55396.827288931265	0.9998991647411811	0.0002442045010862252
55396.84772271474	0.9999142154925802	0.0002442025010744616
55396.86815649797	0.999463404808236	0.00024416986963385676
55396.888590280745	0.9999584475447204	0.0002442055021950783
55396.90902406352	1.0000910446451534	0.0002442169844427051
55396.92945774605	0.9996810642318519	0.00024418437862322895
55396.949891628596	0.9998562975793932	0.0002441955681857155
55396.97032541067	0.9998724414754351	0.0002442020543575142
55396.99075929251	1.0000756598412333	0.0002442129421415194
55397.01119297435	1.000283360998519	0.00024422490805072334
55397.03162675572	1.0003276683543505	0.0002442326364033307
55397.0520606371	1.0001609044299098	0.00024422310576757624
55397.07249431824	0.9999779210853217	0.00024421260629501213
55397.092928099155	0.9999485026660961	0.0002442066728292354
55397.11336197983	0.9999181459298166	0.0002442083332373265
55397.133795760274	1.000313998590045	0.00024423492449515666
55397.15422944071	1.0005857492625838	0.00024426538359816427