56027.81388274552	1.000084299266022	0.00025415227974676894
56027.83431690513	0.9999779184345483	0.0002541461008796915
56027.85475106482	1.0005584968076329	0.0002541900048620314
56027.875185224664	0.9998520634110561	0.0002541344033532034
56027.895619384595	0.9997183176806106	0.0002541158490247841
56027.916053544664	1.0000630645213295	0.00025413434756798334
56027.93648770483	0.9998173048690501	0.0002541098050259654
56027.95692186514	1.000055938707407	0.00025412648107464976
56027.9977902861	1.0000273469906993	0.0002541237697136036
56028.01822434676	0.9997093217675169	0.0002541450568833466
56028.038658607526	0.9995623263538878	0.0002540854459973935
56028.05909276842	1.0002374428886773	0.0002541358357201866
56028.079526829424	1.000202691445533	0.00025413576096231205
56028.09996109054	1.0000341123242102	0.0002541148916085735
56028.12039525178	1.00022518062948	0.0002541220717913596
56028.14082951316	1.0001048532818466	0.0002541210588941313
56028.161263574635	0.9996318197042126	0.0002540821078782813
56028.202131997954	1.00034952461502	0.0002541333157327097
56028.222566059776	0.999741966069182	0.0002540955496155142
56028.243000221744	1.0001823938324872	0.00025413507018554943
56028.26343448381	0.9999658383274441	0.00025410544376699496
56028.283868545994	0.9999589592025234	0.00025410210183710263
56028.30430270828	1.0002763152827716	0.00025412233655733155
56028.32473697071	0.9998649447080737	0.0002540956187243023
56028.34517103326	0.9995900015970668	0.0002540777525799895
56028.36560529591	1.0002984707953828	0.0002541249241096503
56028.38603945867	1.000015248654835	0.00025410401905072677
56028.40647352157	0.9999056560243568	0.00025410338675549014
56028.42690778459	1.0003614492940558	0.00025412659121675163
56028.4473419477	0.9999829843764162	0.00025409403132272784
56028.467776110934	0.9998919551090141	0.00025408681244789845
56028.4882102743	1.0001761892845111	0.0002541030309983384
56028.508644437774	1.000258784925488	0.000254119653674108
56028.52907860136	0.999950084123086	0.00025408697474223874
56028.54951276506	1.0001383211448907	0.00025409816854150537
56028.56994692888	0.9996976397869296	0.0002540732002549102
56028.59038119283	0.9998364587185901	0.0002540771136412235
56028.61081525689	0.9999350046308383	0.0002540789258039817
56028.631249421065	1.0002326348811206	0.0002541000556499193
56028.65168368533	1.0000463969027822	0.00025408564825074673
56028.672117749746	1.000327413419889	0.00025411168231896197
56028.69255201427	1.000031642774698	0.00025407881622699406
56028.7129861789	1.0000562834921327	0.0002540856393864146
56028.73342024365	0.9996911334808876	0.00025405580866783993
56028.774288673514	1.0004385014471648	0.0002541109620994125
56028.794722738596	1.0002759550756573	0.00025409714869910143
56028.81515700382	1.0002578163334828	0.00025409434439484685
56028.83559116915	1.000085887976561	0.000254077028262818
56028.85602523459	0.9999359986877375	0.00025406691995980436
56028.87645950015	1.0003542634669766	0.0002540924158203203
56028.89689366583	0.9999450481425045	0.0002540700161534417
56028.91732793162	0.9998795581803859	0.00025405811055306566
56028.93776199753	1.0001708107537226	0.0002540878782309447
56028.95819616354	1.000230976380068	0.0002540791927119523
56028.97863042969	1.000093323298597	0.0002540785075404496
56028.999064495925	1.000325256277746	0.0002540932688979454
56029.0194986623	1.000424691093394	0.00025409830892521225
56029.039932928776	1.0001003179306533	0.00025407453481804594
56029.06036699537	1.0000991867862536	0.0002540726698307678
56029.080801262084	1.000298177414671	0.00025408995991663884
56029.10123532891	0.9996914473459917	0.0002540489693688249
56029.12166949585	0.9998363888981648	0.0002540557672603033
56029.14210376291	0.9998540398232045	0.0002540557366554559
56029.16253793007	1.000210089509548	0.0002540793970093829
56029.18297199735	1.0001305298834837	0.0002540716975868881
56029.24427459989	1.000091134467157	0.0002540754364099994
56029.26470876762	0.9999477371533266	0.00025406543446477274
56029.30557720344	0.9997201713940211	0.0002540416714654484
56029.32601127152	1.0000813817050949	0.00025406352683620466
56029.34644543971	1.0000281026443765	0.0002540626142538182
56029.36687970804	1.0000500891432014	0.0002540641880649088
56029.38731377645	0.9998155351189881	0.0002540497631757694
56029.40774794498	1.0001314781568524	0.00025406790995259463
56029.42818221364	0.999853868130298	0.0002540469444662582
56029.44861628239	1.0001647659109605	0.000254071047543724
56029.46905055126	0.9999124281663442	0.00025405206948008277
56029.48948472026	0.9997249997320827	0.00025403541583540046
56029.50991878936	0.9997136797729105	0.00025403188832931646
56029.530353058566	0.9998474570608902	0.0002540464104758531
56029.5507872279	0.9999601689994527	0.00025405430667779403
56029.571221297345	1.00045345130072	0.00025408876888413764
56029.59165556689	0.999692065259944	0.0002540291328682567
56029.612089736554	1.000030803060376	0.0002540585472021093
56029.63252400633	1.000203373072347	0.0002540790734461948
56029.65295807623	0.9998056536182349	0.0002540399316764586
56029.67339224623	1.0002523905948706	0.00025406835821357825
56029.69382641635	0.9999316667226156	0.00025404795319173765
56029.714260586574	0.9998420709827249	0.0002540429364168844
56029.734694756924	1.0003225204217394	0.00025406997603209775
56029.75512892736	0.9997888731576791	0.0002540364569377629
56029.77556309794	0.9997959382375008	0.00025403707125571447
56029.79599736861	0.9996854359696066	0.00025402735705971587
56029.81643153941	1.0000904195516815	0.0002540547731032473
56029.836865610305	1.0000832363912486	0.00025405964159653003
56029.857299881325	0.9998030293899929	0.00025404075921884293
56029.87773405244	0.9997637267251762	0.0002540358476133853
56029.89816812368	0.9997603471561631	0.00025403614170682376
56029.91860239503	1.000248730618859	0.0002540654893495526
56029.93903656649	0.9999437426306952	0.00025404543330815015
56029.95947063805	0.9998723108007683	0.0002540445897041456
56030.16381245991	1.000454901015835	0.00025406994597670024
56030.1842467327	1.0001139348079022	0.00025404664241184856
56030.20468090561	0.9998109176542788	0.0002540278562912175
56030.24554925176	0.9998777175804663	0.0002540271979310744
56030.26598342499	1.0000912116531049	0.0002540392972611195
56030.28641759834	0.9997886432374175	0.00025401955274381895
56030.3068517718	1.0000968367049237	0.00025403747031557607
56030.327285945365	0.9997046459502079	0.00025401737690238635
56030.34772011905	0.9997560762961403	0.000254010039442928
56030.368154292824	0.9998042055283802	0.0002540206936960996
56030.388588466725	1.0001366828066773	0.00025404101447112324
56030.40902264074	0.9996831554196778	0.00025401066031705677
56030.44989098909	1.0001340344365264	0.00025403545174690535
56030.47032526343	1.000284374991719	0.00025404019518536025
56030.490759337874	1.0002061911504685	0.00025403855088747626
56030.511193512444	0.9998758794851331	0.00025401164710093236
56030.5316277871	0.9997590449173669	0.00025400706255345346
56030.55206186187	0.9997948830719561	0.00025400939665183917
56030.572496136774	0.9997303433727338	0.00025400695725127557
56030.59293031177	0.9999276451947086	0.00025401533583742185
56030.63379866209	0.999955742003268	0.00025401699748840375
56030.65423283742	0.9996657986827061	0.0002539994563380908
56030.674666912826	1.0001636380921881	0.00025402725414262224
56030.69510118839	0.9995074248704798	0.0002539840485789521
56030.715535364034	0.9998222715827566	0.0002540079520168982
56030.73596963979	0.9999033909006091	0.0002540062204621941
56030.756403715655	1.0000648661738059	0.0002540176616420791
56030.77683789164	0.9995700591557313	0.00025398848991091454
56030.797272167714	1.0001545504354579	0.000254026681544879
56030.81770624391	0.9997311323386936	0.0002539886810409936
56030.83814042023	0.9999674641110872	0.00025401164535733425
56030.85857469663	0.999618096617416	0.0002539867423362865
56030.87900877315	1.0002283265911462	0.00025402462639892155
56030.899443049784	1.0000595155516578	0.00025401608956322606
56030.919877226515	0.999577608124369	0.00025398122988332415
56030.940311403356	0.999896838663354	0.00025400092483981876
56030.960745580305	0.9998465668749059	0.00025399146225819636
56030.981179757364	0.999383925656433	0.00025395909028672346
56031.001613934524	0.9992938525442906	0.0002539512476814965
56031.022048111816	0.9993661703638889	0.00025395908305110804
56031.0629164667	0.9998655544679101	0.00025399260140678595
56031.08335064429	0.9994770838435453	0.0002539667674211639
56031.103784822	0.9992168142781273	0.00025394482134198816
56031.1242189998	0.9993156893109458	0.00025395186502475683
56031.14465317772	0.9994481770505514	0.00025396097428343975
56031.165087355745	0.9999991059357832	0.0002540042162525803
56031.185521633895	0.9995806179493423	0.0002539695904078426
56031.205955712125	1.000391648506922	0.0002540316347473269
56031.22638989048	0.9997260811165556	0.0002539790758574825
56031.24682416895	0.9999683194686191	0.0002540012498482073
56031.267258247506	0.9993766337624569	0.0002539572945554465
56031.28769252617	1.0000760161187956	0.0002540054447538159
56031.308126704964	0.9995884679567838	0.0002539728526321614
56031.32856078383	1.000116382875062	0.00025400207505505557
56031.34899506283	0.9996806751887144	0.00025397613136036014
56031.36942924194	0.9990647654486263	0.0002539234034300021
56031.389863321136	0.9994047299970893	0.00025395508078132487
56031.41029760044	0.9995681361767234	0.00025396390776405604
56031.430731779874	0.9999079322207156	0.00025399357917442727
56031.451166059385	0.9994589943624655	0.0002539480685942983
56031.47160013902	0.9997315742455629	0.0002539754450348005
56031.492034318755	1.0000432063973155	0.00025399401749013565
56031.5124685986	0.9997643034672573	0.0002539718756703548
56031.53290267854	1.0000315136083082	0.0002539881360562374
56031.5533368586	0.9999209640937826	0.0002539801754878546
56031.57377113876	0.9999285495375629	0.0002539958189751081
56031.59420521902	1.00019559807691	0.00025401165447266666
56031.6146393994	0.9997595387186948	0.0002539740143362064
56031.63507367987	0.9998277073109698	0.00025397562106034495
56031.65550786045	1.0000449026891924	0.000253992154375088
56031.67594204116	0.9998656561031604	0.0002539788961597057
56031.69637622195	0.9999137657596227	0.00025397819276540013
56031.71681030284	0.9996629120723152	0.00025395853331585294
56031.73724458384	1.0001665431674378	0.0002539921435341705
56031.75767876495	1.0003474925135907	0.0002540084291192593
56031.77811284617	1.0001095569347749	0.0002539883517871511
56031.798547127495	0.9999139739152991	0.00025397656591073103
56031.81898130891	0.9997956847426445	0.00025396847246104704
56031.83941559047	0.9997728541561907	0.0002539615955030862
56031.85984967208	0.9999000921084157	0.0002539711726664588
56031.88028385383	0.9998419866300886	0.00025396026122059665
56031.90071813568	0.9998817117119029	0.000253977217664416
56031.92115221763	1.0001581638178498	0.000253988489288009
56031.941586399684	1.0000775762139726	0.0002539924158692131
56031.962020681836	0.9996651723225627	0.00025395252923891533
56031.982454764104	1.0004978095044552	0.0002540138809014894
56032.00288904647	0.9999901436939299	0.0002539781286834521
56032.02332322894	1.0003070693195557	0.00025400134425197443
56032.04375731152	1.0002608834220394	0.00025399048870262833
56032.064191594196	1.0002062599663697	0.00025398749119703726
56032.08462577699	1.000547448415018	0.00025401546824934524
56032.10505995986	0.9997783488342641	0.0002539571251624006
56032.125494142856	0.9999727918106477	0.000253972860029109
56032.145928325954	1.0003596490538793	0.000254006674958671
56032.16636260916	0.9999944794827375	0.000253979357482585
56032.18679669246	0.9998050068069863	0.00025395904793450267
56032.207230875865	0.999660434666862	0.0002539458678229207
56032.22766515938	1.0004378080030873	0.0002539997947588617
56032.248099343	1.0000413242159287	0.0002539737078139558
56032.26853342671	1.0002940866905716	0.0002539895869015752
56032.28896771053	0.9997988764367807	0.00025395151317500464
56032.30940189447	1.000444509236842	0.00025399346411013134
56032.3298359785	0.999713125175928	0.00025395293146665527
56032.35027026261	1.0000594126858116	0.0002539757052495339
56032.37070434685	1.000320442144887	0.00025399128545982994
56032.391138631196	0.9999844289144761	0.0002539655415869395
56032.41157281563	0.9996628896408721	0.000253944497936456
56032.43200690017	0.9997758034697568	0.0002539564134629208
56032.452441184825	1.00006227386209	0.0002539723061442094
56032.47287536957	1.0001224534185005	0.000253976562773469
56032.49330945442	1.0000520237356516	0.0002539626234292355
56032.51374373938	0.9997228514511699	0.0002539444238218553
56032.53417792443	0.9996545873361842	0.00025394074730922516
56032.55461220959	0.9997529386475391	0.0002539456355535645
56032.575046294856	1.0000965787249045	0.000253971329249425
56032.59548048021	0.9997119242458851	0.00025394609101053533
56032.61591476569	1.0002699751845967	0.000253982285008329
56032.63634885125	1.0005155440382258	0.00025399819509076485
56032.65678303691	1.0000678760403137	0.0002539635321305051
56032.67721732269	1.0004066653063102	0.00025398391505072676
56032.69765140857	0.999680140811014	0.0002539407613498939
56032.73851988062	0.9998884698441861	0.00025395432195213474
56032.7589539668	0.9994572452256844	0.0002539217770266905
56032.779388253075	0.9997290025563889	0.00025394233440395993
56032.79982243946	1.000418898572884	0.0002539885973476527
56032.861124999225	0.999909591606295	0.00025394710364881845
56032.881559186	1.0002062995320762	0.0002539705844297646
56032.942861846976	0.9995578862415897	0.00025392717222176103
56032.98373012146	0.9999283872581572	0.0002539486947898656
56033.004164408856	1.0000467909783979	0.000253954863581404
56033.02459849635	1.0002496692160248	0.00025396992209583837
56033.04503268395	1.000154013166814	0.0002539606716388579
56033.10633534734	0.9995456338411175	0.00025392188081039245
56033.16763791163	1.0001172177206827	0.0002539595246281874
56033.18807209993	1.0005210278072563	0.00025398578986774714
56033.20850618832	1.0001280067519398	0.00025396183084862615
56033.22894047683	1.0000278867557904	0.0002539538078533017
56033.24937466542	0.9998372545009757	0.0002539410172940085
56033.26980875412	1.000044459054975	0.0002539559116843288
56033.31067723181	1.0003162169841264	0.00025397672007513856
56033.33111152082	1.000032412849697	0.0002539518014312182
56033.35154560992	0.9998592332342481	0.00025393131899755314
56033.37197979911	1.0002740941669126	0.0002539632400091887
56033.39241408841	0.9997294003369239	0.00025392589954801025
56033.4128481778	0.999669431704928	0.00025392604952925236
56033.433282367296	0.9997395251732825	0.0002539269220968646
56033.4537166569	0.999984397170246	0.0002539424701343683
56033.474150846596	1.0000020071952933	0.0002539398362616667
56033.515019226266	0.9999401073966101	0.00025394365530571824
56033.53545341626	1.0001166315211405	0.0002539561938886082
56033.55588760635	1.0000207729948458	0.00025394478909882023
56033.57632179654	1.0000807202166124	0.0002539457230191194
56033.59675598683	0.9997930250607392	0.0002539338898077177
56033.61719027721	1.000449253172118	0.0002539728525600296
56033.658058658286	1.0001623461266045	0.0002539541491291324
56033.67849274896	0.9999777101417588	0.00025394537011521115
56033.698926939745	1.0000921702079664	0.00025394335935804757
56033.719361230615	0.9997094514950096	0.00025392030945655254
56033.73979532159	1.0000147982447123	0.0002539408422647026
56033.76022951267	1.0000492093462603	0.0002539507312799639
56033.80109789511	0.9994774947632799	0.0002539047890431032
56033.82153208648	1.000240167722955	0.00025395974247750753
56033.84196637794	1.00001273906443	0.0002539445440448743
56033.8624004695	0.9997789711975921	0.00025392246207569326
56033.92370304478	1.0005586689343644	0.0002539794701292949
56033.94413733674	0.9997913500239236	0.00025391814590043665
56033.98500572094	1.0004517804571262	0.0002539750312174371
56034.00543991319	0.9997288473912045	0.000253919898524599
56034.02587410553	0.9999463801977463	0.00025393001944963453
56034.04630839797	0.9996921271153429	0.0002539237758119571
56034.06674249051	0.9995121190656927	0.00025390295512037317
56034.08717668314	0.9998464103536829	0.0002539261811004544
56034.10761097588	0.9998220670123009	0.00025391881763178536
56034.128045168705	1.0002718197113574	0.000253955801822384
56034.168913554655	0.9992075566896836	0.0002538782788296534
56034.18934774778	0.9999931444027799	0.0002539372138027048
56034.20978184098	1.0003063085603001	0.0002539555515569076
56034.230216134296	1.0004808363576356	0.0002539661097186777
56034.2506503277	0.9996273564258605	0.000253912364000098
56034.271084521206	0.9998571839423368	0.00025392802662051346
56034.29151871481	1.0000939233189916	0.000253943244980545
56034.3119529085	1.000581524948419	0.000253974720183825
56034.332387102295	1.0002212001204371	0.00025395221747449945
56034.35282129619	0.9999308419171055	0.00025393176958993165
56034.37325549017	1.0002322527798726	0.0002539518522365894
56034.39368968425	1.0002045284210033	0.00025394735595067624
56034.4345581727	1.0002200871022688	0.0002539566072974308
56034.45499226706	1.0001819758904997	0.00025395091171851944
56034.47542646153	0.9999603352137226	0.00025393645903751976
56034.4958607561	1.0000873259291647	0.000253941520502907
56034.51629485074	0.9999386900372201	0.0002539283548618944
56034.536729045496	1.0002440898479508	0.00025395197751411537
56034.557163340345	0.9997662274563901	0.0002539211010339011
56034.57759743528	1.0001541217883705	0.00025394439695139247
56034.59803173032	1.000081383475926	0.0002539344304813696
56034.61846592545	1.0001331679289855	0.0002539373892966328
56034.63890002067	1.0000641893971123	0.00025394268682275086
56034.659334316	1.0005064659405172	0.00025397894760624274
56034.679768511414	0.9995453711384991	0.0002538996589562001