55390.28846665844	1.0002673096815493	0.00024398895224451287
55390.308900406875	0.9997282742473996	0.00024394819748179789
55390.329334354836	0.999925983831917	0.00024395898656164034
55390.3497682028	1.0000852282483548	0.0002439762514779665
55390.37020205054	0.9997570470222366	0.0002439612543565721
55390.39063589803	0.999674311136117	0.00024394386157122687
55390.4110697453	1.000231178349882	0.0002439807716847407
55390.43150369257	0.9999544725760293	0.00024397090531413088
55390.47237128617	0.9998278812953912	0.0002439567947535278
55390.49280523274	0.99979981220226	0.00024396076593283255
55390.51323907907	1.0001792013629913	0.0002439839033619246
55390.53367282517	1.0000890025969489	0.00024398165674012958
55390.554106771044	0.9998753199249023	0.00024396989008243277
55390.574540516674	1.000202541707852	0.00024398761215118717
55390.59497436231	1.0001560642813283	0.00024398685810497953
55390.61540830772	1.0003319946406501	0.00024399847863166375
55390.635842052885	0.9993917706046568	0.00024394153452482275
55390.656275897825	0.9998567912757687	0.00024396326001693353
55390.67670984253	0.9996039039148885	0.00024395039574982448
55390.697143587	1.0004289402419277	0.00024400527292312805
55390.71757743124	0.9997916485083261	0.00024396361928078535
55390.738011375484	0.9995273157471724	0.00024394468075661523
55390.75844511925	0.999591523435322	0.00024395015119404821
55390.77887906303	0.9999833829183571	0.0002439785393564193
55390.819746649875	0.9999375528099065	0.0002439672214587332
55390.86061443603	1.0002840870573895	0.00024401114745552897
55390.88104827887	1.0003578906072634	0.00024400269782235844
55390.90148212125	0.9995287573772086	0.00024395448791214103
55390.92191596363	0.9999329020722553	0.00024397945915289785
55390.942349805766	1.0000926159707788	0.00024399124285345378
55390.96278364768	1.0000418749757103	0.00024398655368615453
55391.00365133103	1.0001004857952998	0.0002439918553143032
55391.02408527225	1.0005028349469591	0.00024402228935797976
55391.04451901346	1.0000430950720902	0.00024399585031715417
55391.06495285444	1.0000588652894198	0.00024399480309629575
55391.08538679519	1.000108233136757	0.0002439981815629813
55391.105820535704	0.9998980955604718	0.0002439911663863847
55391.12625447598	1.0005338249907407	0.00024402632774265712
55391.146688316265	1.000135233137694	0.00024400141126647995
55391.16712205608	1.00018518711881	0.00024401331958362105
55391.18755599589	1.0002725574931948	0.00024401553059703228
55391.20798983548	0.999904336771805	0.00024398545101376575
55391.22842357483	0.9998999580806532	0.0002439960218522401
55391.24885751394	0.9998495147998272	0.00024398767692181193
55391.26929135283	0.9999232359805699	0.000243993411409542
55391.28972509148	1.0000715567176328	0.00024400559245695163
55391.31015903013	0.9998735506148048	0.0002439952275420796
55391.33059276855	1.0003379021864465	0.00024402443443415767
55391.351026606506	0.9997368444046754	0.00024398366626910344
55391.371460544455	0.9999569275721288	0.00024400120483237088
55391.39189438241	1.0002572194528299	0.00024402905614129283
55391.4123281199	0.9997660510623256	0.00024398938692787815
55391.43276205715	0.9999206721702457	0.0002440041378039334
55391.453195894406	1.0004271821125843	0.00024403680434617543
55391.47362973119	0.9995176767537491	0.00024398115507233908
55391.49406356798	0.9999214514671504	0.00024401002432530874
55391.51449740454	0.9993613932264126	0.0002439733914080079
55391.55536507695	1.000185954490411	0.00024402798784884858
55391.57579891304	0.9998448282845367	0.00024401017226222306
55391.61666658429	1.0003424414758366	0.0002440443040226566
55391.637100419684	1.0000687377372677	0.00024402783020417625
55391.65753435461	0.999944565753236	0.00024402901229480457
55391.677968089534	1.0001570541331497	0.0002440452513794745
55391.69840192446	1.0000607064055278	0.0002440418884819174
55391.71883585892	1.0002157283139286	0.00024404511966104632
55391.73926959315	0.9998967946887761	0.00024403306774886031
55391.75970342738	1.0000560426431757	0.00024406184907089742
55391.78013736137	0.999853389169069	0.00024402942875404417
55391.80057109513	1.0002566946317066	0.00024405751509683858
55391.821004928664	0.9997482472200662	0.00024403462555532598
55391.84143886196	0.9997434653541144	0.0002440359485163081
55391.86187269502	1.0001578413634076	0.0002440633054760981
55391.88230652809	1.0002344279680022	0.00024406717126791732
55391.90274036068	0.9997761727043399	0.00024404032183547122
55391.92317419328	1.0005121360618854	0.00024408909996243732
55391.94360802565	1.0002241931742168	0.0002440685397103146
55391.96404185778	0.9999203290237128	0.00024405007582123245
55391.98447558968	0.9997109918028166	0.0002440395758014943
55392.025343352776	0.9999244123553729	0.00024406008538423608
55392.04577718421	0.9998187907137275	0.00024404593483479085
55392.06621101518	0.9996314111993868	0.00024403662060379654
55392.086644846146	1.00011050628918	0.00024408021594844617
55392.10707857688	0.9999107975396911	0.00024406100790598693
55392.12751250739	0.9998655424509929	0.00024405644555787118
55392.168380067924	1.000272917348619	0.00024408549133363833
55392.18881399773	0.9998430306238929	0.0002440556269483017
55392.20924782753	0.9997896669125982	0.0002440582655478494
55392.250115486444	1.0001457745810034	0.00024408592425543725
55392.270549315544	0.9998683121651296	0.00024406156870950254
55392.31141697306	1.0002667700638814	0.00024409379470095163
55392.33185080146	1.0002659226490438	0.00024408942752322403
55392.352284729874	0.999870022204631	0.00024407174230458428
55392.37271855805	1.000010152721522	0.00024408007365662684
55392.39315228575	1.000665408001016	0.00024413116468467394
55392.413586213464	1.0000428249693003	0.00024408794609685267
55392.43402004117	0.9998429249136579	0.00024407079899149646
55392.45445376841	1.0002415480076101	0.00024410998066953712
55392.474887695425	0.9998979552888855	0.00024408086493315058
55392.49532152244	0.9996789159883321	0.0002440628033077688
55392.536189175524	0.9999856253632786	0.00024408850255417002
55392.55662300183	1.0003349113229456	0.0002441144752934192
55392.57705692791	0.9997251451615465	0.00024407037834739992
55392.59749065376	1.0001459212969142	0.00024410437367157272
55392.617924479375	0.999971845353572	0.00024409437980452386
55392.63835830498	1.0003146957528126	0.0002441175729971764
55392.65879213013	0.9999672324990453	0.00024408780583393206
55392.679225955275	0.9999520633887036	0.00024408974823157665
55392.69965978019	1.0001112881328975	0.00024409958603456317
55392.720093604876	0.9998840784875498	0.00024408065540316035
55392.74052742933	0.99955962266508	0.00024406443611632006
55392.76096125354	1.0003875799912871	0.00024412959602710657
55392.781395077756	0.9996794143556956	0.00024407752837990503
55392.822262725254	0.9999830964342686	0.00024409889664300417
55392.84269654854	1.0002986881923162	0.00024411632849454385
55392.86313037183	1.0001627556003412	0.00024411446535665032
55392.883564194875	1.0000639006887917	0.00024410738225252607
55392.90399801793	0.9996843507826139	0.00024408200675339625
55392.92443194051	0.9998497283096619	0.0002440939329548776
55392.94486576287	1.0001824324147712	0.00024411642834940538
55392.96529948522	1.0000214118581892	0.00024410268582603423
55392.98573340734	1.0002451939041448	0.00024413086861308807
55393.006167228996	1.0000544418249375	0.00024410810467634606
55393.02660095065	0.9996537087485237	0.00024407927534841328
55393.04703487207	0.9998436371215612	0.00024409535751990707
55393.067468693494	1.0002390738998188	0.00024412286966493478
55393.08790241445	0.9996187736358857	0.00024407912763377014
55393.10833633517	1.0002738279050312	0.0002441213310423875
55393.1287701559	0.9996540358119609	0.00024408588762127998
55393.14920387639	1.0000342222528762	0.0002441136581341625
55393.169637796644	1.0002835600045787	0.00024411464436327351
55393.19007161667	0.999829340841641	0.00024409295874925984
55393.210505436466	0.9998844483114658	0.00024409532379335102
55393.23093925602	1.0002742601827368	0.00024412736195645547
55393.25137307535	1.0003206618155163	0.00024413798299470913
55393.27180689468	1.0000186865557	0.00024409895612959582
55393.292240713534	0.999889060003129	0.0002441014817959536
55393.3126745324	0.9998239258852125	0.00024409982112825936
55393.33310845103	0.9995994520787278	0.00024407280588136757
55393.35354216942	0.9998768331185418	0.0002441000502393105
55393.37397598758	1.0002089530991625	0.0002441171662936347
55393.39440980575	0.9999064547047121	0.0002440993174040064
55393.41484362344	1.0004874332938833	0.00024414096979169313
55393.43527744114	0.9998504672718902	0.0002440946677991806
55393.45571135837	0.9997169733265798	0.00024408256301480165
55393.4761450756	0.9996065058593048	0.00024407122943857776
55393.4965788926	0.9998666106834889	0.0002440919000768581
55393.51701280937	0.9998611623748694	0.00024409471414719116
55393.537446525894	0.9996113063449127	0.00024407679386227534
55393.55788034243	0.9997897572468689	0.00024408917296234246
55393.5783142585	0.9992814397114193	0.0002440531360054514
55393.59874797456	0.999743637312697	0.0002440826760017227
55393.63961570577	0.9994349314357167	0.0002440693042541483
55393.66004942113	0.999182858195814	0.00024405383510365435
55393.68048333627	0.999755156999505	0.00024408920349132854
55393.700917151175	0.999316779462749	0.00024406083727330786
55393.72135086607	0.9996089527277954	0.00024408224309698757
55393.74178478051	0.9996349147683405	0.00024408595507026526
55393.76221859495	0.9992353522642514	0.00024405388396348237
55393.80308622289	0.9995264759271654	0.00024407445259300148
55393.82352003663	0.9994748869058746	0.00024407108433869136
55393.84395385013	0.9993673024208914	0.00024405839693989747
55393.86438766364	1.000000703586247	0.00024410237701183793
55393.884821476684	0.9995476648443115	0.00024408386949480618
55393.90525528972	0.9995758638298345	0.00024407035941095286
55393.9256892023	0.9995135685483958	0.0002440777005679935
55393.94612291487	0.9998366680928606	0.00024410232543539478
55393.96655672721	1.0000585380101426	0.00024411353890306105
55393.98699063932	0.9994366494211964	0.0002440760262176889
55394.0074243512	0.9999676816924276	0.00024410778173918627
55394.02785826284	1.0002799347350182	0.0002441292848503936
55394.04829197425	0.9999254112790862	0.0002441042135770828
55394.06872578566	1.000522052108194	0.00024414861181333054
55394.089159696836	0.9998784221357577	0.00024410788711810705
55394.10959340755	1.0001642042138894	0.00024412268985375942
55394.13002721826	0.9999454800784064	0.00024410806161633152
55394.15046112874	1.0002673395344828	0.00024413448186858078
55394.170894838986	0.9998776535637948	0.00024410925126333848
55394.191328649234	1.0000036634473801	0.00024411620423691292
55394.21176255901	0.9998986718551265	0.0002441089681150856
55394.23219626856	0.9999355222068185	0.00024410872624964377
55394.25263007811	0.9997786640442702	0.0002441118709139136
55394.27306398742	1.0002662438005196	0.000244137567060209
55394.293497796505	0.9997071904485731	0.00024410320660946344
55394.313931505356	0.9999948000133047	0.0002441183467371036
55394.33436541397	1.0000269453113968	0.000244136658283331
55394.354799222354	1.000098519841398	0.00024412971307507107
55394.375232930506	0.9997476766059731	0.00024410929375225814
55394.39566683865	0.9995876478530762	0.00024410094138099315
55394.41610064634	1.000210764053188	0.0002441451638759008
55394.43653455402	0.999630697912356	0.00024410596700502802
55394.456968261475	1.0000469189238197	0.00024413978015758062
55394.4774020687	0.9997960669173399	0.00024412395237500696
55394.49783597568	0.9997096244095134	0.00024411508231369044
55394.518269682434	0.9999502350943567	0.00024412676033854684
55394.53870348919	1.000013918961489	0.0002441409600821327
55394.559137395474	0.9999128068082563	0.0002441366735887948
55394.57957110176	1.000274938443117	0.0002441593099967021
55394.60000490782	1.0002499452201572	0.00024415964438703075
55394.62043881341	0.9997340636126868	0.0002441240508136395
55394.640872519	1.0000948716192763	0.0002441533563707435
55394.66130632436	0.9997686305904233	0.00024412745290870266
55394.68174022971	1.0005287824496993	0.00024418769188819066
55394.7021739346	1.0000348262347658	0.00024415166546596257
55394.722607739495	1.0002392611066995	0.00024416353418362674
55394.76347534834	1.000114496195493	0.0002441632118522598
55394.78390925254	0.9998784712455739	0.0002441454146724327
55394.804343056494	1.000747167975141	0.00024421088567196667
55394.82477676022	1.0001578011289143	0.00024417388593068296
55394.84521066372	0.999849278610088	0.0002441569239241738
55394.865644466976	0.9999136761100085	0.00024416268442594775
55394.88607817024	0.9997698132951293	0.00024415581506466585
55394.90651207304	0.9996744357935355	0.0002441442579993507
55394.92694587583	1.0001474296105388	0.00024418501319357867
55394.94737957839	1.000318850287855	0.0002441919079267782
55394.967813480725	0.9998035475885354	0.00024415573861934323
55395.00868098468	0.9997732150653155	0.0002441421019928322
55395.02911488632	0.9997937775057306	0.000244150318642712
55395.04954868771	0.9997017519099419	0.00024413967718544573
55395.06998238911	0.9999919314498219	0.00024417024578254605
55395.09041629028	1.000097855119544	0.00024417161607652655
55395.110850090976	0.9999145656072606	0.00024416138549919367
55395.13128399168	1.0000147355501272	0.0002441729278873725
55395.15171769215	1.0000714906528971	0.00024417528347214177
55395.17215149238	0.9999827270511268	0.00024417161703948104
55395.192585392615	1.0002570225386058	0.00024419060387966923
55395.213019092385	0.9999544555577728	0.0002441726620427646
55395.23345289192	1.0000603085281123	0.00024417960823930703
55395.253886791455	1.000452791409817	0.0002442088511243246
55395.27432059076	1.000235426592644	0.00024419098296806554
55395.294754289826	0.9999739214152747	0.0002441743552526214
55395.315188188666	1.0002547578902958	0.0002441950910353939
55395.335621987266	1.0000767086541265	0.0002441832887358827
55395.37648958378	1.0000415118163157	0.00024418183826933117
55395.39692338192	0.9996259295760158	0.0002441600159146745
55395.41735707959	0.9999235349948357	0.0002441814733286494
55395.43779097727	0.9993873334436802	0.00024414279802044333
55395.45822467471	1.0000317162148602	0.0002441875202294634
55395.47865847191	0.9999608254640828	0.00024418613153907105
55395.49909236889	1.000084618376841	0.0002441912055953389
55395.51952606563	0.9999474244332094	0.00024418587665609874
55395.53995996214	1.0003289688724182	0.00024420759065303356
55395.56039375842	0.999694550242763	0.00024417353720502155
55395.580827454694	0.9996974711639363	0.0002441767615529378
55395.601261350734	1.0000496357749156	0.00024419521700420204
55395.621695146314	1.0009190684430938	0.0002442627364384294
55395.642128941894	0.9999469490204166	0.0002441995353148466
55395.662562737234	0.9998150352993396	0.00024419186755447324
55395.68299653235	1.0004579798904631	0.0002442344501442636
55395.70343032722	0.9999562236662028	0.0002441919792364578
55395.723864122105	0.9999619087924517	0.000244192984717521
55395.74429791652	1.0002079082413426	0.0002442156600080775
55395.76473171094	0.9999454850390043	0.0002441942511075352
55395.78516560488	0.9999610212986906	0.0002441976200705906
55395.80559929883	0.9997394449145405	0.0002441911853704529
55395.82603309254	0.9999629599994563	0.0002442065438646374
55395.846466986026	1.0003698054397663	0.0002442299519421754
55395.86690067928	0.9997237412100818	0.00024418605266112033
55395.88733457252	0.9994868911200228	0.0002441757673196568
55395.90776836531	0.999757348162998	0.0002441920115224417
55395.928202058094	1.0001539944345685	0.0002442189884922921
55395.94863595041	1.0003098095681473	0.00024422965415406126
55395.96906974273	0.999972873865974	0.00024420756817660264
55395.989503434816	0.9999818110047622	0.0002442031308490318
55396.009937326664	1.000137137331081	0.00024421343838834083
55396.030371118286	0.9999207490590917	0.0002442101770619199
55396.050804809674	1.0002848137002163	0.00024423412343748215
55396.071238700824	1.0000843414417662	0.0002442056682512485
55396.09167249198	0.9998846149067515	0.0002442003154891806
55396.11210628267	0.9999537862356425	0.0002442027845775138
55396.132540073355	0.9995278227347287	0.00024417195411062043
55396.15297386381	1.0000333028708162	0.0002442098244807187
55396.17340755404	1.0001889835451585	0.0002442204366809216
55396.19384144402	1.0000615187838948	0.0002442109833479147
55396.21427523378	0.9996437004292639	0.0002441749870394682
55396.23470902331	1.000172075890639	0.0002442102238960194
55396.255142812595	1.0000293879342619	0.0002442070992795403
55396.27557660189	1.0002013294547802	0.0002442164361691178
55396.29601049072	0.9998048596427022	0.0002441948991548715
55396.33687796813	1.0001800595364305	0.000244219532470102
55396.3573118565	0.9999163937424137	0.0002442014716840174
55396.37774554462	1.000480710606499	0.0002442374648321271
55396.398179332515	0.9999330806427222	0.0002441983409065477
55396.41861322018	1.0001343972169103	0.0002442050530943287
55396.4390469076	1.0003559040032497	0.00024422560408175525
55396.45948069503	1.000004097131783	0.0002441982006139774
55396.47991458223	0.999897906622553	0.0002441935694550319
55396.50034826896	0.9996909293301102	0.00024418106810587776
55396.52078205569	1.0000476514773138	0.00024420535886165203
55396.54121594219	1.0004499437893093	0.0002442390783411147
55396.56164962845	0.9999559926528286	0.0002441946281145575
55396.58208341448	1.000559545474829	0.0002442400620754011
55396.60251730052	0.9999247335746049	0.0002441924182850888
55396.62295108608	0.9998359153270362	0.00024418442027657064
55396.64338487165	0.9999281713502424	0.00024419203990581076
55396.66381865675	1.0002349234171897	0.00024421569560299024
55396.684252441846	0.9995085244219206	0.000244167633318349
55396.704686226716	1.0000821666345607	0.0002442031188715409
55396.72512001135	0.9999301063395978	0.00024418575729239
55396.74555379575	0.9999709015362804	0.0002441929874301553
55396.76598767992	0.9997991270520485	0.0002441894840028768
55396.78642136386	1.000092734265012	0.00024419696654536194
55396.80685514779	0.9999592765578432	0.00024419010292960075
55396.827288931265	0.9998236251047423	0.0002441860521066888
55396.84772271474	0.9998358052085321	0.0002441833514442455
55396.86815649797	0.9993824101231088	0.00024415008255449655
55396.888590280745	0.9998750501147323	0.00024418513523750924
55396.90902406352	1.0000055406352395	0.00024419610481222467
55396.92945774605	0.9995937759718039	0.0002441630573935853
55396.949891628596	0.9997674568661594	0.00024417387055926794
55396.97032541067	0.9997823507360336	0.00024418005120718436
55396.99075929251	0.9999845956356913	0.0002441907047664365
55397.01119297435	1.0001916202854801	0.00024420250903052563
55397.03162675572	1.0002355666223752	0.0002442101495227522
55397.0520606371	1.0000687635756973	0.00024420060646223023
55397.07249431824	0.9998860456518465	0.00024419016866055
55397.092928099155	0.9998571810379377	0.00024418437032974624
55397.11336197983	0.9998276790740914	0.00024418623866874625
55397.133795760274	1.00022464649732	0.00024421310844374586
55397.15422944071	1.0004978181602564	0.0002442439176473889