55071.56513317994	1.0001445407938903	0.00024276205697811856
55071.58556658377	0.9995949958857702	0.00024273901856297072
55071.60599988738	0.9997730953271297	0.00024274773501664095
55071.62643319099	1.0000502675313963	0.0002427651910663958
55071.64686649413	0.9999929142713283	0.00024276648781655513
55071.66729979727	1.0001952530376914	0.0002427706292264257
55071.68773309994	1.000336545430855	0.00024278701751458226
55071.70816630262	1.0003028247956587	0.00024277604396627278
55071.728599705064	0.9998549663760313	0.00024275047948975765
55071.76946620925	1.0003181327648034	0.0002427762765666151
55071.78989961123	1.0000225604573574	0.00024275873728470332
55071.81033281274	0.9997127616829664	0.0002427395719768392
55071.830766114246	1.0002773074322884	0.00024277410721613993
55071.851199415294	0.9999047601269997	0.00024275358475509825
55071.87163271634	0.9999442650527712	0.00024275072807292223
55071.89206601715	1.00026124471373	0.00024277880636442898
55071.91249931773	0.9996238504589282	0.00024272997054311532
55071.93293261808	1.0004321195356287	0.00024278734129573167
55071.95336591842	1.000112215079326	0.00024276265668592996
55071.97379921831	1.0005284715576552	0.00024281229916764378
55071.99423241819	0.9997484679479253	0.0002427398575774839
55072.0146658176	0.9997288914886999	0.00024274990399426004
55072.03509911702	1.0001988170088991	0.00024277294017570046
55072.055532316204	0.9998982060644931	0.00024274773440019815
55072.07596571515	0.9999218290107478	0.00024275090396469581
55072.09639901387	0.9999100629782056	0.0002427515837023949
55072.116832212356	0.9997840142128442	0.0002427468871435144
55072.15769890886	1.0003163539358648	0.00024278425315021548
55072.17813220688	1.0000147751576347	0.0002427665026991478
55072.19856540466	0.9996974213126576	0.0002427372873133489
55072.218998802215	0.9999382094649544	0.00024275621484685277
55072.23943209954	0.9997517456995532	0.00024274730037155928
55072.25986529662	0.9999672424430881	0.00024275368046397904
55072.280298593476	1.0006663063064438	0.00024281100107583506
55072.3007319901	0.9999725640648525	0.00024275682746980533
55072.32116518672	0.9997483730782728	0.00024273499580988815
55072.34159848311	0.9995001520264103	0.00024271959983155044
55072.362031879034	1.000386307955552	0.0002427814769068567
55072.38246507495	1.0002063704255564	0.00024277551719548268
55072.402898370645	0.9999757542302609	0.00024275614247564798
55072.423331666105	0.999884378014604	0.0002427491313930345
55072.44376496156	0.999815730691831	0.00024274561401915837
55072.46419825655	0.9997738564632148	0.00024274833272558592
55072.484631551546	1.000486293962078	0.00024278613528408611
55072.50506494607	0.9998175736492557	0.000242751408867049
55072.525498140596	0.999636570809855	0.00024274092965393415
55072.54593143489	0.9999297658782863	0.0002427506753720292
55072.56636462895	0.9999420312779762	0.00024275887304111483
55072.58679802278	0.9999722045233486	0.00024274989934489763
55072.607231316375	0.9997397313725914	0.00024273712826208588
55072.627664609965	0.9994883241047173	0.00024271683677551024
55072.6480979031	0.9999269011506378	0.00024275134055665995
55072.66853119623	0.9999740781472278	0.00024275012440754464
55072.68896448912	1.0001614331295212	0.00024276400261457443
55072.709397681785	0.9995723488324485	0.00024272398922933503
55072.72983107422	1.000143991935001	0.00024275456571549124
55072.75026436641	0.9999330464554567	0.00024274285161473565
55072.77069755838	0.9998198961317416	0.00024274691308013514
55072.79113095035	0.9997847068432169	0.000242743946860271
55072.81156424184	0.999305875758956	0.0002427064018950037
55072.83199743334	0.9997249430235611	0.00024272898650828096
55072.85243072461	0.999424802762878	0.00024271005604872774
55072.87286411564	0.9999236677719884	0.0002427508726577685
55072.893297306444	1.0001546780523027	0.0002427716974141281
55072.913730597014	0.9996986144910357	0.00024272819840767917
55072.934163987346	1.000016346427821	0.00024274928822318645
55072.95459727768	0.9997394135776891	0.0002427356992701748
55072.975030467554	1.0003427548205144	0.00024277800646758108
55072.99546375742	0.999951935569517	0.0002427463001655878
55073.01589714706	1.0002162952349831	0.00024276703834321127
55073.036330336465	0.9999248819748611	0.0002427463442020373
55073.05676362563	1.0003310275509398	0.00024277447109353426
55073.07719701457	0.9999845613966671	0.0002427538415801285
55073.09763020328	0.9999881795889539	0.00024275232703952138
55073.11806349198	0.9997607284504456	0.00024273731299729521
55073.138496780455	1.0000249642954204	0.00024275126395591613
55073.158930068465	1.0000397924995512	0.00024275948240286155
55073.19979664424	0.9996206661206428	0.0002427291819174406
55073.22022993179	0.9995766752152964	0.00024273080604203054
55073.2610964064	0.9999336275321663	0.00024274076098709785
55073.281529693246	0.9999805057618245	0.0002427669859340221
55073.3223963667	1.0003122717276274	0.0002427805748562342
55073.342829553076	1.0000897474153707	0.0002427539224258679
55073.38369612513	0.9997399390282878	0.00024273050764649274
55073.40412941081	1.0000304266969455	0.000242757234741283
55073.424562796485	1.0000351612554423	0.00024275471634506972
55073.4449959817	1.0000000638573157	0.00024275238094714449
55073.4858625519	1.0001605554597046	0.00024277135502269345
55073.50629593664	1.0001759825696521	0.0002427716122705506
55073.52672912116	1.0002636503240574	0.00024278242853419433
55073.54716240543	0.999837205229411	0.00024275597692692829
55073.56759578972	0.9998721293271555	0.00024275094807549855
55073.588028973536	1.0001919174067018	0.00024276985145914534
55073.608462257354	1.0005907027360832	0.0002427999837504129
55073.62889544093	1.0000000440783217	0.00024276190150696682
55073.64932882405	1.0003270246230713	0.00024278122373802783
55073.6697621074	1.0004915135670873	0.00024279667812956654
55073.690195390285	1.0000668776434753	0.00024276669264813503
55073.71062867294	0.9999851062328077	0.00024275488826327324
55073.73106195536	0.9998104801372887	0.00024273557049058115
55073.751495237775	1.0005661190351574	0.0002427965808601316
55073.77192841996	1.0001494962849105	0.0002427599369245201
55073.79236180191	1.0001460929918364	0.00024276957230156502
55073.8127950834	1.000147170472675	0.00024275983286164144
55073.833228265124	1.00002514335851	0.00024275723826980056
55073.85366164638	1.0000397240071914	0.00024275807665317394
55073.8740949274	1.0004454719735538	0.00024278716684024445
55073.89452810842	1.0000619920501268	0.00024276174204587446
55073.91496138898	1.0002867332019876	0.0002427780308987698
55073.935394769534	1.0003519706082489	0.00024278246211979632
55073.95582794986	1.0001497311149685	0.0002427691079265444
55073.97626122995	1.0001330141714926	0.00024276550166732558
55073.99669460981	1.0001552328413201	0.0002427707014474899
55074.01712788967	0.9998726905438503	0.00024274584467941923
55074.03756106906	0.9997856966885981	0.00024274898957924807
55074.05799434845	1.0002975000900562	0.0002427793216327838
55074.07842772738	0.9997962652494949	0.00024274696136337854
55074.098860906306	1.0001744224182867	0.00024277091686792786
55074.119294184995	0.999889386556222	0.00024274647845249326
55074.13972756346	1.0000649803028632	0.00024276259457220857
55074.16016074192	0.9999799649943651	0.00024276119601121925
55074.18059401991	1.000361560670811	0.0002427937537362615
55074.20102729791	1.0002895375756757	0.00024277548537444087
55074.22146057544	0.9997221259466945	0.00024273724804807793
55074.262327130265	0.9999046419587367	0.00024275073068955692
55074.282760507325	1.0002083869299192	0.0002427695380945081
55074.30319368416	0.9999456117006039	0.00024275489228330673
55074.32362696099	1.000043354967597	0.00024275915588314176
55074.34406013736	0.9996320270696784	0.00024273973296681873
55074.36449351372	0.9998639698767682	0.0002427418562773689
55074.384926789855	1.0000348476324212	0.00024275704422458368
55074.42579334142	1.0004116765634723	0.00024278346402564524
55074.446226616856	1.000443455578052	0.00024279189818123906
55074.46665989206	1.0004465217914014	0.00024278644555228012
55074.487093067255	1.0000617853093736	0.00024276476280387524
55074.507526441994	1.0005410189524877	0.00024279079024067192
55074.527959716725	0.999495297168161	0.00024271613892178878
55074.54839289123	1.0001405787875308	0.00024275895465848734
55074.5688262655	0.9995509702952682	0.0002427232896290314
55074.58925953954	1.0000823179329295	0.00024275502834867415
55074.60969271334	0.9993870325133265	0.00024271362123865455
55074.63012598715	1.0001632564383907	0.00024275702913230474
55074.65055936048	0.9996529092732395	0.00024272562382110602
55074.67099253382	1.0001853466582655	0.00024276973201989492
55074.69142580693	0.9997040484570202	0.0002427235491281084
55074.711859079805	1.000546950289348	0.00024278982401579612
55074.75272562485	0.9999624071671798	0.00024274682868883306
55074.77315879726	0.9995050816045066	0.00024271817273653133
55074.7935921692	0.9994944051171974	0.00024271522773333114
55074.81402544114	0.9994937373278857	0.00024271396239107428
55074.83445861285	0.9994661284960752	0.00024271834311912868
55074.85489198432	0.9994429887035577	0.00024271285879418238
55074.87532525557	0.9995486281875672	0.0002427169260137989
55074.89575842658	0.9997788363017545	0.00024273251132779866
55074.916191697586	0.9999154055396641	0.00024274627520680302
55074.936625068134	0.9998641623591894	0.00024274138268610458
55074.95705823868	0.9997322442857471	0.0002427307966247257
55074.97749150899	0.999911968385224	0.00024275017566627226
55074.99792487907	0.9993057679915565	0.00024269841051384442
55075.01835814892	1.0001306556874987	0.00024276056340297766
55075.038791318526	0.9992948604488907	0.00024269659719822255
55075.05922458791	0.9996975934969538	0.00024271760439035492
55075.100091126435	0.9994120949400653	0.00024270694129479344
55075.12052439512	0.9998688963549061	0.00024273268336262902
55075.140957763804	0.9996598796681226	0.00024272027032817958
55075.16139093225	0.9992952411300542	0.0002426974943650993
55075.1818242007	0.9996000413079021	0.00024271382369243273
55075.202257468685	0.9996589244585505	0.00024272382291036992
55075.222690736664	0.9998240950313634	0.00024274375615056256
55075.243124004184	0.9997579192485174	0.00024272384533323234
55075.263557271704	0.9997973113002603	0.00024272269315762696
55075.283990538985	1.0007193514753885	0.00024279491348715355
55075.30442380604	1.000594078209467	0.00024279111158348674
55075.32485707286	1.000312522161295	0.00024276802877723472
55075.34529023968	1.0005126095281436	0.0002427811374705574
55075.36572360603	0.9999006531310584	0.00024273754637667196
55075.38615687239	1.0000684733151017	0.00024274667659030688
55075.4065900385	1.0003935996083413	0.0002427729370205735
55075.427023404394	0.9998712901212723	0.00024273837128774007
55075.44745667005	0.9999070108121838	0.00024273762629883775
55075.46788993547	0.9999588941679756	0.00024273791974210296
55075.50875646585	0.999473178875155	0.00024270887341043966
55075.52918973057	0.9997644954073881	0.0002427266407850615
55075.5496228953	0.9996604556066853	0.00024272014306758952
55075.57005625979	1.000282393688981	0.00024276726381625046
55075.590489524046	1.0000951320883669	0.00024274407108393947
55075.610922688305	0.9999928350985099	0.00024273957692859152
55075.6313559521	0.9996862392103381	0.0002427169503858824
55075.65178931589	0.9999255904827069	0.0002427369025289956
55075.67222247922	1.000183433944617	0.0002427620540210575
55075.69265574255	0.99991420520092	0.00024273429224002443
55075.71308910564	0.9998395097629454	0.00024272766116000487
55075.75395553136	1.0001165120506383	0.000242745907114882
55075.774388793754	0.9999567150053554	0.00024273682313534782
55075.79482205615	1.000270850304047	0.00024275809291862243
55075.815255318084	1.0001785112623802	0.00024275090091903918
55075.83568858002	0.9998773399623607	0.00024273166012066233
55075.85612194171	0.9998828163457478	0.00024272685364606008
55075.87655510341	1.0000660975340268	0.00024274874531250622
55075.896988364635	0.9999250562708316	0.00024272774635977502
55075.91742172564	1.0001514818717825	0.00024274993032459186
55075.93785488664	0.9997088854583962	0.00024273321230359064
55075.9582881474	0.999840754647894	0.00024272402732454244
55075.97872140793	0.9999988782792388	0.00024273688801358133
55075.999154668236	0.9995644257625879	0.00024270795042376716
55076.0195879283	1.0000285859375562	0.00024273897399464705
55076.04002118837	0.9999047696981583	0.0002427282661242191
55076.06045444797	0.9996548859639576	0.0002427133323878851
55076.08088770757	0.999818442452343	0.00024272678705268352
55076.10132096694	0.9998927113627482	0.00024272783484554175
55076.12175412608	0.9997169503652951	0.00024271012822379512
55076.14218748498	1.0002750069856172	0.00024276029812427604
55076.16262074365	0.999897633661958	0.0002427245308087401
55076.18305390209	0.9994466534121192	0.00024269417652729048
55076.20348726052	0.9995699656571327	0.00024270830204649028
55076.22392041873	1.0000399146024384	0.00024273865280201095
55076.2443536767	0.9998425309204779	0.00024272390111734242
55076.26478693444	1.000138512614133	0.00024273629233372536
55076.285220191945	0.9996420962380698	0.0002427024572372156
55076.30565344922	0.9996616446156127	0.00024271105282626108
55076.3260867065	0.9998542390208588	0.00024272703406982515
55076.3465200633	1.0003780711114365	0.00024275995019691236
55076.36695322011	1.0001924859287215	0.00024275137665550876
55076.38738647668	0.9995883920209391	0.00024270403896812828
55076.40781963302	1.0002722740479426	0.0002427540727450951
55076.428252989135	0.9998593536139061	0.0002427135372923441
55076.44868624525	0.9999084461009868	0.00024272909188414188
55076.469119400885	1.0002359911837817	0.00024274732497463658
55076.48955275653	1.000535522475771	0.0002427643096304033
55076.50998601194	1.0000924176663515	0.00024274581034420387
55076.53041926712	1.0000405383592976	0.00024273379527831499
55076.550852422064	0.9999674613504518	0.00024273206971990623
55076.57128577678	1.000295522736565	0.00024275137352988693
55076.59171903149	1.0002821873747545	0.00024275207651721113
55076.612152185735	1.0002263869956307	0.00024275190863660628
55076.63258553998	1.0001084596326837	0.00024273825264586597
55076.65301879399	0.9999760397576591	0.00024273246631957077
55076.673451947776	0.9999107695788205	0.00024272521691242834
55076.693885201326	1.0002028253699289	0.00024273822761186514
55076.71431855487	0.9999730386442225	0.00024272586461280115
55076.734751707954	1.00012384112434	0.00024273648146821153
55076.775618313884	0.9997012094041228	0.00024270876287961677
55076.7960514665	0.999742078454122	0.0002427055045926484
55076.81648471889	0.999745860996441	0.00024271044920166736
55076.836917971035	1.0000260485535297	0.0002427252140988263
55076.85735132296	1.0002238988620376	0.0002427456951866067
55076.87778447488	1.000030243103937	0.00024272949388968264
55076.89821772656	1.0004942761594684	0.00024275875468905133
55076.91865107801	1.0001069836903407	0.00024273894340326042
55076.939084229234	1.0001501835723168	0.000242747297077421
55076.959517480216	0.9998978115491878	0.00024271883614744393
55076.97995073097	1.0000494564751587	0.00024273174449451654
55077.00038398173	1.0001236981591974	0.0002427443659144387
55077.020817232245	1.0001653449432506	0.00024273596939582476
55077.041250482536	0.9999832592321517	0.00024272833302378278
55077.06168373236	0.999786857674114	0.00024271244001917059
55077.08211698241	1.0000715701003646	0.0002427296750667619
55077.102550232004	0.999917764182694	0.00024271917988758274
55077.12298338136	1.0000164936185119	0.00024272148619009992
55077.143416730716	1.0001198502437982	0.00024272874582844875
55077.16384997984	1.0007755459357717	0.00024278476361836235
55077.184283128736	1.0000388151582253	0.00024273055988674585
55077.20471647739	0.9995855266288923	0.0002427020407789794
55077.22514972582	1.0000161722775607	0.00024272827829295452
55077.245582874246	1.0000599801280239	0.00024273050833414274
55077.2660161222	0.9998627266696577	0.00024272867542724123
55077.286449470164	0.9997423262882729	0.00024270933757454522
55077.306882717894	0.9998260551261077	0.0002427310817511746
55077.32731586538	1.000308593087031	0.00024275252386804402
55077.34774921265	0.9997481447675027	0.00024271514370091367
55077.36818245968	1.000546668468187	0.00024276442792092146
55077.3886156067	0.9997846310489684	0.00024271502363461026
55077.4090488535	1.0002602705634327	0.00024275242775761616
55077.429482199834	0.9996519981492838	0.000242709847273868
55077.44991534616	0.9996901079590449	0.00024271750982861182
55077.47034859249	1.0002774532993135	0.00024275173818655315
55077.49078193836	0.9998310682490549	0.00024271729745581192
55077.53164832962	0.9996691036455448	0.00024270473569319438
55077.55208157502	1.00021377858442	0.00024274692443271767
55077.57251482018	1.000162213089253	0.0002427422882898304
55077.59294806512	1.0003004335264176	0.00024275593809592114
55077.61338130982	0.9995702522385682	0.00024269529214497945
55077.633814554516	1.000039361273251	0.00024272900363932776
55077.65424779875	1.0001596364416	0.0002427420709834386
55077.67468094299	0.9996425773776916	0.00024270768785546277
55077.69511418699	1.0000073963061753	0.00024272742493960993
55077.7359807743	1.0001788090886283	0.0002427366139830155
55077.75641391783	0.9997004472586529	0.00024270924001405938
55077.7768472609	0.9997871609324944	0.00024271646861776823
55077.797280403975	1.0003876635946254	0.00024275970658354647
55077.81771364681	1.0002453797551594	0.00024274746892940404
55077.838146889415	1.000463690015904	0.00024276489352973072
55077.85858023179	1.0000024633685136	0.00024273064745874648
55077.879013373924	1.0004721860976429	0.00024276705412207598
55077.899446616066	0.9997791924629085	0.00024271755659160572
55077.91987995774	1.000132626294709	0.00024274041212781286
55077.94031309941	1.000048223203901	0.00024273572268097423
55077.960746340854	0.9999223740166785	0.00024273727313511915
55077.981179482296	0.9996366098195891	0.00024271235856077332
55078.00161282327	0.9998302965594553	0.000242726632472322
55078.02204606401	0.9997967752553698	0.00024271826288413837
55078.06291254526	1.0003177579429778	0.00024276050271043026
55078.08334578554	1.0001362476076736	0.00024274113839465656
55078.10377902559	0.9992533744715025	0.00024268689024340895
55078.12421216539	0.9997507946077552	0.00024271984403328873
55078.165078744554	0.9998388654866858	0.00024273438614578455
55078.1855118839	1.0000194250270957	0.00024273758571908638
55078.20594522301	0.9998053438514037	0.0002427326191311893
55078.22637846189	0.9995114875622113	0.00024271414161116146
55078.246811600766	1.0004084007940814	0.00024277091953507556
55078.26724483918	1.0007465653991208	0.00024279749328606144
55078.2876781776	0.9997640390636954	0.0002427292221186194
55078.30811131578	1.0000386909720496	0.0002427464028552034
55078.328544553726	1.000618276795949	0.0002427825561351143
55078.348977891445	0.9998118677684534	0.00024272331575185918
55078.36941112892	1.000030241001758	0.00024274561157321584
55078.389844266174	0.9996530834926232	0.00024271136661889193
55078.410277503426	0.9996452173315008	0.0002427205523890452
55078.43071084044	1.0000690081807289	0.0002427519560939122