55815.30727236436	0.999723329147407	0.000247374763369268
55815.327705761454	0.9998601973785023	0.0002473772162157086
55815.34813895831	1.0000768340798376	0.00024739769252414204
55815.36857235493	1.000425370213965	0.0002474095839462301
55815.38900565132	0.9999987316065332	0.00024738131713278246
55815.40943884771	0.9999720823774644	0.00024739058033315604
55815.42987224363	1.000120802204984	0.00024740148826196424
55815.450305539554	0.9998012991564962	0.00024737298030442194
55815.47073873525	0.9997302101191015	0.00024736351849103034
55815.49117213047	1.0001480115873962	0.0002473847802604144
55815.511605425694	0.9999316173708066	0.00024737990880530314
55815.53203872092	1.0001116743728065	0.0002473843085846213
55815.552472015675	1.0001486858253912	0.0002473858893071061
55815.572905310204	1.0006396235961088	0.00024741452512528104
55815.59333860473	0.9999796020010766	0.0002473747942657698
55815.61377189902	0.9998119111403293	0.0002473665262472185
55815.63420519285	1.000120042448313	0.0002473732964307756
55815.65463848668	0.9998589486823177	0.00024735880864787824
55815.67507178027	0.9999846973173334	0.00024736317263538793
55815.69550507387	0.9998627154466242	0.0002473605002246394
55815.715938466994	1.0001007682507315	0.00024737589133629176
55815.736371660125	0.9999870208453091	0.00024736769141273085
55815.75680495279	0.9999277310655165	0.00024735949101868735
55815.77723834546	0.9997041475372993	0.00024735403540153785
55815.79767153788	0.999733113413493	0.0002473482847209463
55815.81810483008	1.0003109320268624	0.00024738935517197537
55815.838538222044	0.999967136459954	0.0002473662416143789
55815.85897141401	1.0003191501349729	0.00024739860390559905
55815.87940470551	0.9995311384479036	0.0002473348060977606
55815.899838097015	0.9996611033973037	0.0002473527659404927
55815.92027128804	0.9999690844403912	0.00024736185563154254
55815.94070457908	0.9998567797783573	0.00024735867532750614
55815.961137969876	0.9999039805990804	0.00024736494018424206
55815.98157126068	0.9999120279449601	0.0002473670525477883
55816.00200445102	0.9998986817542395	0.0002473574214730677
55816.02243784112	0.9998797656746953	0.0002473570842415806
55816.04287113122	1.000271663032517	0.0002473872718011758
55816.06330442109	1.0001400132157217	0.000247379953008416
55816.083737710724	0.999835830856396	0.00024736123223325864
55816.10417100013	1.0004170297017858	0.0002474012733103964
55816.124604389304	0.9994291994828873	0.0002473355270632494
55816.165470866945	1.0000951829225666	0.0002473786682162209
55816.18590425565	0.9995774903198714	0.0002473431537944885
55816.20633744412	1.000309175626948	0.0002474015075385659
55816.24720412014	1.0005264498778532	0.0002474144530194521
55816.26763730791	0.9994057530693998	0.00024733399734688463
55816.308503983	1.0000065725666576	0.00024737876950340276
55816.3289371703	0.9999787246509888	0.00024737040846026096
55816.349370457145	1.0000094629338347	0.00024737847282947824
55816.36980374399	0.9999582996489603	0.00024738089495390613
55816.390237030595	1.000319379069357	0.00024739882669253476
55816.410670416975	1.0003261198065052	0.0002474081728132486
55816.43110360312	1.0003969310384873	0.00024741065590692805
55816.45153688926	0.9998953871449949	0.0002473675905200062
55816.49240346062	1.000049762966638	0.0002473906232403082
55816.512836746064	0.9998206770029291	0.0002473707858136162
55816.53327013128	1.0001297467229033	0.00024739744775712955
55816.55370341626	0.9999415583056904	0.0002473881763091272
55816.574136601004	1.000019417407487	0.00024738819590470194
55816.59456998552	0.9998916741109475	0.00024738605189035035
55816.61500327004	0.999882636269874	0.0002473845206853537
55816.635436454315	0.9999245838153096	0.0002473891352127576
55816.655869838134	1.0002471301854012	0.00024740821350778926
55816.67630312195	0.9999834294816495	0.0002473981464214284
55816.71716968912	1.0000671628613207	0.0002474117387044988
55816.737602972236	1.0002836556336159	0.00024742289850071525
55816.75803635512	1.0001864130864657	0.0002474149084517378
55816.778469538	0.9998389763989676	0.00024739606938512285
55816.79890282066	1.0000184052793306	0.000247415102574856
55816.81933620307	1.000204200729317	0.0002474282659622849
55816.83976938526	0.9999293817698321	0.00024740414656470146
55816.860202667216	1.0003955691616686	0.0002474389557231762
55816.88063604893	0.9999450762585586	0.00024741519880865337
55816.901069230655	1.000435841332537	0.00024744874401535404
55816.94193589316	0.9994829981748531	0.0002473927853498229
55816.96236907419	1.0001774235950869	0.00024742828643114915
55816.98280235498	0.999499993286981	0.00024738907251825804
55817.00323563576	0.9998568344683725	0.0002474226006485275
55817.02366891609	0.9999510021721377	0.000247424407470076
55817.04410229641	1.0001771006637235	0.0002474463125541434
55817.06453557627	0.9999744088042674	0.0002474397560477585
55817.08496875613	0.999709737130327	0.0002474091842913574
55817.105402135756	1.0001353092217198	0.00024743878402197267
55817.12583541514	0.9999319014268203	0.00024743311009748004
55817.146268594304	1.0001890663798512	0.0002474488035156969
55817.16670197346	1.0003551832700255	0.00024746250310128556
55817.187135252156	0.9998928546529894	0.0002474350795561504
55817.20756843085	1.0000650002324132	0.00024743919345933846
55817.228001809315	0.999887178585724	0.0002474322012074305
55817.24843508754	0.9998816271473274	0.0002474317604405537
55817.268868265535	0.9998875341124657	0.0002474337460714396
55817.309734920826	0.9997750608385547	0.00024742246901325864
55817.33016809836	1.00016395407849	0.0002474566172367756
55817.35060147566	0.9998000950582624	0.00024743494680068824
55817.371034752716	0.9996703573714611	0.00024742680720323863
55817.39146812932	0.9996292494823656	0.00024742037179671216
55817.41190130614	1.0004129599694407	0.0002474768344202384
55817.43233458251	1.0000264933634677	0.0002474505635810746
55817.452767958646	0.9998326166055094	0.0002474365231502807
55817.47320113478	1.0000655283521191	0.00024745506209479724
55817.493634410675	1.000807383136757	0.0002475059357493546
55817.514067786346	1.0001123591529448	0.0002474671683815708
55817.534501061775	0.9999934964296595	0.0002474508339553637
55817.55493423698	0.9998521117405869	0.0002474444678645706
55817.57536761195	0.9999216666648021	0.0002474489989032333
55817.59580088691	0.999518069873228	0.0002474260523770115
55817.61623406142	1.0004897685980843	0.0002474984556783185
55817.63666743592	0.999657493463348	0.0002474346257512054
55817.65710071019	1.0003497860242263	0.00024748309531265003
55817.67753388423	0.9996449767382657	0.0002474362075753115
55817.697967258035	1.0005216069054055	0.0002474964765261753
55817.7184005316	0.9997261309922918	0.00024743276619468323
55817.738833805175	0.9995856412169803	0.0002474280733822463
55817.759267078516	0.9998913454442302	0.00024745577074032464
55817.77970025138	1.000099057325823	0.00024747275446162977
55817.80013362426	0.9999798095407199	0.00024746079420415325
55817.8205668969	0.9998802763108641	0.00024746147992746776
55817.841000069544	0.999864953243564	0.0002474581026330938
55817.861433441714	1.0003872848347481	0.0002474867150567457
55817.88186671389	0.9998495504728353	0.0002474576212933515
55817.902299985595	1.0002716424671643	0.0002474875809009541
55817.92273325731	0.9999507234267351	0.00024746679806837886
55817.943166528785	0.9998546984534926	0.00024746846034936126
55817.96359980002	0.9998026852096028	0.0002474569497153516
55817.98403307127	0.9998872686872607	0.0002474548283513491
55818.00446634205	1.0003814094715628	0.00024748719385065375
55818.02489971282	0.9998114027679347	0.0002474491324194022
55818.045332983136	1.0001586459714853	0.0002474709358763761
55818.06576615345	0.9998562833049868	0.00024745461828422664
55818.086199523525	0.9998940487787765	0.000247454037173252
55818.106632793606	1.00014250612254	0.00024747800756265263
55818.12706596322	1.0000286292732958	0.0002474684813135959
55818.1474993326	0.9996922916956968	0.0002474381931972939
55818.16793260198	1.0001955277114387	0.0002474810128890776
55818.18836577113	1.0000571091865353	0.0002474715562450396
55818.20879914004	1.0001017791852231	0.0002474680166650397
55818.229232408725	1.00021303441096	0.0002474818414399918
55818.249665577176	1.0002692441699088	0.00024748471093209137
55818.27009894562	1.0001031998611463	0.00024746906639216667
55818.29053221361	0.9996625500944089	0.00024744147262238664
55818.31096538159	0.9997433797899957	0.00024745260832207674
55818.33139874934	0.9999367453053987	0.00024746980121504987
55818.35183201686	1.0001752542568432	0.0002474752489367492
55818.372265284146	1.000157528300207	0.00024747778382003683
55818.39269855119	1.0002047851210347	0.0002474790026805445
55818.41313181825	1.000055470507724	0.0002474712158262273
55818.43356508507	0.9999591873804934	0.00024746319861391813
55818.45399835142	0.999546476213718	0.00024744547243050265
55818.474431617775	1.0000266958649113	0.00024746433460547996
55818.4948648839	0.9994506576384133	0.00024742085994745964
55818.515298150014	0.9997710374206477	0.0002474540624886004
55818.53573141567	0.9995701998111155	0.00024743541999817025
55818.55616468133	0.9993575974819564	0.00024741581600665224
55818.576597946514	0.9995142666250287	0.0002474317313529373
55818.597031211706	0.9994159121158996	0.0002474238139424462
55818.61746457666	0.9996755035608771	0.0002474329200465679
55818.63789774162	0.9998032005196856	0.00024744562283469316
55818.65833100611	0.9993486448696667	0.00024741202194997116
55818.678764370365	0.9989638314104606	0.00024739098244881913
55818.699197534625	0.9994351512296128	0.0002474304135777372
55818.71963089865	0.9995729193190678	0.00024743071250158256
55818.74006416244	0.9994007279280844	0.0002474224461457985
55818.760497326	0.9994298498386691	0.0002474243426033939
55818.78093068933	0.9994391250028667	0.00024742109483501305
55818.801363952654	0.9989186586324715	0.00024738758516827187
55818.82179711552	0.9999500450138978	0.00024746891710260505
55818.84223047838	0.9992871333580999	0.00024741060325005515
55818.862663741005	0.999693759448329	0.00024744117704298253
55818.8830970034	0.9994535285913395	0.00024742941576291224
55818.90353026557	0.999906032441236	0.0002474517829174094
55818.923963527726	1.0001425121608543	0.0002474750363681602
55818.944396789426	0.9998597646025605	0.00024745352523658666
55818.964830051125	0.9995618841920955	0.00024742902827719164
55818.985263312585	0.999691209292252	0.00024743648199228785
55819.00569657382	0.9995956371155084	0.0002474375790737689
55819.02612983482	1.000082530212829	0.00024746633307698066
55819.04656309558	1.0002210735424226	0.0002474793886921357
55819.06699645612	1.0002364254025244	0.000247476940338148
55819.08742961665	0.9999772676580093	0.00024746056680473554
55819.10786287695	0.9995655807669587	0.0002474381480750848
55819.12829623702	1.0002276592979662	0.0002474806392733238
55819.14872939685	1.0002998321320449	0.00024749068523793974
55819.16916265645	1.0002815844185762	0.0002474816750464896
55819.189596016055	0.9999170480599645	0.0002474552099626739
55819.21002917519	0.9998778872964506	0.00024746386007634176
55819.23046243432	1.0001977783068057	0.00024747893390208536
55819.25089579323	0.9998698755286147	0.0002474621336508278
55819.2713289519	1.0002084046613273	0.0002474821590970619
55819.291762210334	1.0000921676018606	0.0002474795462747454
55819.31219556854	1.000230896891456	0.0002474891124391588
55819.33262872675	1.0000582620412437	0.00024748619888841094
55819.37349534246	0.9996295307824121	0.0002474448918424324
55819.393928499965	0.9999341330945385	0.0002474678381037049
55819.414361857234	1.0001558402055892	0.00024748920364759563
55819.43479511428	0.9998388373509721	0.00024746520737282745
55819.45522837132	1.000112908827715	0.0002474856779395225
55819.47566162789	0.9999592537441788	0.00024747863069078175
55819.49609488447	0.9997520912085354	0.00024746416064748574
55819.51652814081	0.9998906614160904	0.00024747696660342865
55819.53696149692	1.0004122315602404	0.0002475072880626725
55819.55739465303	1.000140883996807	0.00024749878432130026
55819.57782790867	0.9999443318537826	0.00024748213133896215
55819.59826126431	0.9995726623825083	0.0002474526729336764
55819.61869441949	0.9996415325010919	0.00024747771218625465
55819.63912767467	1.0003997214171096	0.00024752552850258914
55819.65956102961	1.000034011284119	0.0002474879783823664
55819.67999418456	1.0002477560591558	0.0002475013112414034
55819.70042743904	0.9996193414359656	0.00024746769613107186
55819.72086079352	0.9993151562147645	0.00024744174761361543
55819.74129394753	0.9999586413178554	0.00024749101661651954
55819.76172730155	1.0000157902708007	0.0002475013621202073
55819.782160455325	1.0004348347744467	0.0002475273770206664
55819.80259370911	0.9997552402975003	0.00024748225768600837
55819.82302706242	0.9994588354202495	0.00024746801878581945
55819.843460215736	0.9998287763733201	0.0002474928423192322
55819.86389346859	0.9999068199651701	0.00024749133779639954
55819.88432682144	1.0004325038316262	0.0002475360333964591
55819.92519322667	0.9997685426656564	0.0002474936239743097
55819.94562657882	0.9999229360580318	0.00024750466649523087
55819.96605983074	1.0000454679707125	0.0002475188042249303
55819.98649298266	1.0001113970839146	0.0002475213211195628
55820.00692633435	0.9996727897000425	0.0002474982813611184
55820.027359585794	1.0003858751333778	0.000247545473797317
55820.04779293702	1.000058430084283	0.0002475255095712816
55820.06822608823	0.9999160300526104	0.000247517246495204
55820.08865933899	1.0003850678038655	0.00024754651610547456
55820.109092689745	0.9999616355772579	0.0002475219447212758
55820.12952584027	1.0005678825126207	0.00024756312926008334
55820.14995909055	1.0001435386995678	0.00024753411672255344
55820.17039244061	0.9999470574661995	0.0002475277024200094
55820.19082559043	0.9999912578841247	0.0002475256413282694
55820.21125884025	1.0000028000448424	0.0002475302165635063
55820.231692189845	0.9995083465450452	0.00024749824225765097
55820.25212533897	1.0003960107965477	0.0002475634501416617
55820.27255858809	1.0001290747827536	0.0002475381307004024
55820.29299193722	0.9997213163362866	0.0002475128717898056
55820.31342508587	1.000405005930931	0.0002475682557836066
55820.33385833453	0.9996772142200954	0.00024751288075034725
55820.35429168273	0.9998426882780223	0.00024753250180978997
55820.39515817888	1.000099517068189	0.0002475495806680654
55820.41559142661	1.0000489851654197	0.00024754864612263835
55820.43602457433	0.9999830068135981	0.0002475431323811074
55820.456457921595	1.0000083282934007	0.0002475438436342041
55820.47689116886	1.000025821847999	0.0002475534507153808
55820.49732431589	0.9999426271533667	0.00024754608550198973
55820.51775766268	0.9996663378458865	0.0002475240366310777
55820.53819090925	1.0000404121575688	0.00024756556107631827
55820.55862405557	0.9998824577262062	0.0002475455269553431
55820.579057401905	0.9995348532866914	0.0002475268414539018
55820.599490648005	1.0002375630443399	0.0002475687651414442
55820.61992379364	0.9998311412952876	0.00024753829815595907
55820.640357139266	0.9996249210716847	0.00024752896938283865
55820.68122353006	1.000017354202308	0.00024755738283529474
55820.70165687523	1.0000483236295532	0.00024756131980670866
55820.72209011993	1.0000017591429042	0.0002475510354718653
55820.74252346463	0.999945370640322	0.0002475604951263877
55820.7629566091	1.0002762248807109	0.00024758193362342144
55820.783389853335	1.0000547575525036	0.00024756332391306126
55820.803823197566	0.9999856737093139	0.0002475683068953409
55820.82425634134	1.0000306064748963	0.00024756961726546894
55820.84468958511	1.0000711579900243	0.0002475657546024178
55820.86512292864	1.0002098135879742	0.00024758045347373573
55820.88555617195	1.0002276808374184	0.00024757935198174876
55820.90598931502	0.9996105955120473	0.0002475339138999655
55820.926422658085	0.9998935117846772	0.0002475706664582142
55820.9672890433	1.0001779514531555	0.0002475805807018582
55820.98772238567	1.0000896368557197	0.00024756971952257775
55821.00815562781	0.9999894539875183	0.000247561791836834
55821.02858876972	1.0001667457811074	0.00024757166390807205
55821.04902211162	1.000174332124067	0.0002475735882090366
55821.06945535306	1.0005980803466277	0.00024761323514158816
55821.089888594506	0.999677153330639	0.0002475368717997195
55821.11032183571	0.9997459466692188	0.0002475438512937455
55821.13075507669	0.9999069715026812	0.00024755711406918756
55821.17162155817	0.9996885716790694	0.00024754313448039137
55821.19205469868	1.0001940426898652	0.00024757115240231037
55821.21248803896	1.0005167992092308	0.00024759888268496334
55821.232921279	1.0000760804474829	0.0002475689287879428
55821.25335441881	1.0001853536556027	0.0002475702709066745
55821.273787758386	0.999846505909987	0.0002475503410399738
55821.29422099797	0.999987332391161	0.0002475507009573543
55821.31465423708	1.0001831420086895	0.0002475692678243747
55821.335087476196	0.9997775565843366	0.0002475369803787425
55821.35552071507	0.9999977721458825	0.000247554684798424
55821.37595395372	0.9998063816718755	0.0002475383304010534
55821.39638719236	1.0002802625659724	0.00024756166024185005
55821.416820430546	1.0000509858972868	0.00024755605472860453
55821.43725376873	0.9999715414244047	0.0002475516542733428
55821.457687006674	0.99995446219132	0.0002475409529894227
55821.47812014439	0.9999492754167784	0.0002475466190676731
55821.49855348188	0.9998262880520542	0.0002475346102196207
55821.518986719355	0.9999678537579597	0.00024754403841652006
55821.53941985637	1.0001109126851018	0.000247552706080351
55821.559853193394	0.9996568912095387	0.00024751421139364413
55821.58028643017	0.9996503011738067	0.0002475153710440297
55821.600719566726	0.9999992405492446	0.0002475421674635757
55821.62115290305	0.9999851772062389	0.00024753928135373205
55821.64158613936	0.9999059453086893	0.00024752920712656906
55821.66201927545	1.0001881176519738	0.00024754695450059463
55821.68245261107	1.0000133907158801	0.00024753786222986887
55821.70288584669	1.0002225562621143	0.0002475438085186344
55821.72331908231	1.0002686018759963	0.00024755335038387753
55821.74375231747	0.9999130770123658	0.0002475218030355232
55821.76418555238	1.0000139760290128	0.00024752647678409916
55821.78461888731	1.0000845402160423	0.00024753894157944115
55821.82548525645	1.0001375873490066	0.00024754230499844757
55821.845918490675	0.9998526319889155	0.0002475173010756898
55821.8663517249	0.9999679285901675	0.0002475248850989064
55821.88678495865	1.000348082421087	0.0002475490432948411
55821.90721819241	0.9995452877138807	0.000247501704954193
55821.92765142594	0.9999462915305922	0.0002475183021532547
55821.94808465923	0.9998615996754916	0.000247523981533989
55821.96851799252	0.9999344243831837	0.00024752661668177783
55821.98895112535	1.0005374001398697	0.00024757551980045673
55822.00938435817	0.9996043086532493	0.00024750741786253375
55822.02981769077	0.9998900541275686	0.0002475251859445999
55822.05025082313	0.9999712194926352	0.0002475407118251816
55822.07068405525	0.9998333648349201	0.0002475296328573646
55822.09111738715	0.9997622344053051	0.00024751975187963687
55822.131983850704	1.000152350119979	0.0002475600973221844
55822.152417082136	1.000018740653634	0.0002475495089852236
55822.172850213334	1.0001558405228863	0.00024756983302995676
55822.19328354429	1.000204924729134	0.0002475862467524975