55390.28846665844	1.0002060417458738	0.00024397400753994544
55390.308900406875	0.9996700675769171	0.00024393399421005754
55390.329334354836	0.9998708128080321	0.0002439455260982739
55390.3497682028	1.000033110493995	0.00024396353706724935
55390.37020205054	0.9997080181513476	0.0002439492903050284
55390.39063589803	0.9996283650472978	0.0002439326496532994
55390.4110697453	1.0001882909360396	0.00024397031039883856
55390.43150369257	0.9999146810720311	0.0002439611969028777
55390.47237128617	0.9997942518412177	0.00024394858920735033
55390.49280523274	0.999769251322801	0.0002439533087844421
55390.51323907907	1.0001516868899996	0.00024397719147618426
55390.53367282517	1.00006453502479	0.00024397568763260394
55390.554106771044	0.9998538856849457	0.0002439646601211946
55390.574540516674	1.0001841115167824	0.00024398311632346933
55390.59497436231	1.0001406256713425	0.00024398309187480962
55390.61540830772	1.0003195222282624	0.00024399543639202356
55390.635842052885	0.9993822516106878	0.00024393921103361122
55390.656275897825	0.9998501845050244	0.00024396164797674635
55390.67670984253	0.9996001863469538	0.00024394948848829284
55390.697143587	1.0004280791179911	0.00024400506289443664
55390.71757743124	0.9997936133412609	0.0002439640987284331
55390.738011375484	0.9995320705048785	0.00024394584120299064
55390.75844511925	0.999599032904197	0.0002439519838787244
55390.77887906303	0.99999361265267	0.00024398103523352917
55390.819746649875	0.9999530937104139	0.00024397101316583043
55390.86061443603	1.000304768997378	0.00024401619264616384
55390.88104827887	1.0003810698067455	0.00024400835158613646
55390.90148212125	0.9995543597470162	0.00024396073666983778
55390.92191596363	0.9999609043894507	0.00024398629160154536
55390.942349805766	1.000122956384773	0.00024399864496321938
55390.96278364768	1.000074488333088	0.00024399451057363083
55391.00365133103	1.0001374619972476	0.00024400087629993804
55391.02408527225	1.0005419073143345	0.00024403181909463272
55391.04451901346	1.0000841590297074	0.0002440058693206406
55391.06495285444	1.0001018655174954	0.00024400529431090973
55391.08538679519	1.0001530939603995	0.00024400912633778615
55391.105820535704	0.999944724409632	0.0002440025445731663
55391.12625447598	1.000582177964175	0.0002440381208457466
55391.146688316265	1.0001851730312918	0.0002440135950233486
55391.16712205608	1.0002366445645048	0.00024402587356092746
55391.18755599589	1.0003254398042332	0.0002440284311860673
55391.20798983548	0.9999585209992667	0.00024399867244174534
55391.22842357483	0.9999553613135373	0.00024400954137318036
55391.24885751394	0.9999060286349707	0.00024400146767646704
55391.26929135283	0.999980758000902	0.00024400744748097927
55391.28972509148	1.000129978347569	0.00024401984664139387
55391.31015903013	0.9999327349679699	0.00024400967006804557
55391.33059276855	1.0003977685176986	0.00024403903834708905
55391.351026606506	0.9997972054141153	0.0002439983972460253
55391.371460544455	1.0000177059037727	0.00024401603545731067
55391.39189438241	1.0003182903099157	0.00024404395537253314
55391.4123281199	0.9998272333146859	0.0002440043182412873
55391.43276205715	0.9999818697680587	0.0002440190714556776
55391.453195894406	1.000488278469503	0.00024405170773941206
55391.47362973119	0.9995784451509458	0.00024399598857062008
55391.49406356798	0.9999818294988133	0.0002440247583276178
55391.51449740454	0.9994211786978935	0.00024398798679295367
55391.55536507695	1.0002442328726384	0.00024404220676112805
55391.57579891304	0.9999020880139111	0.00024402414638704034
55391.61666658429	1.0003972872177072	0.00024405768423162147
55391.637100419684	1.0001221259923012	0.00024404085752874165
55391.65753435461	0.9999963582783561	0.00024404165187421947
55391.677968089534	1.0002071226299156	0.00024405746843961406
55391.69840192446	1.0001088912571374	0.00024405364689028967
55391.71883585892	1.0002618996448747	0.00024405638511875374
55391.73926959315	0.9999407917118734	0.00024404380558558033
55391.75970342738	1.0000977504784003	0.00024407202779184073
55391.78013736137	0.9998926600797113	0.0002440390134171503
55391.80057109513	1.0002934231416363	0.0002440664766653187
55391.821004928664	0.9997822758015762	0.00024404293179859283
55391.84143886196	0.999774693121024	0.00024404357116950055
55391.86187269502	1.000186166215201	0.00024407021744205976
55391.88230652809	1.0002597306822483	0.00024407334538242365
55391.90274036068	0.9997983390225	0.00024404573252194826
55391.92317419328	1.0005310963736316	0.00024409372559891127
55391.94360802565	1.0002398386047484	0.000244072357411795
55391.96404185778	0.9999325808546289	0.00024405306611973652
55391.98447558968	0.9997197805052834	0.00024404172121275758
55392.025343352776	0.999926096629356	0.00024406049647936193
55392.04577718421	0.9998168479477734	0.00024404546062472613
55392.06621101518	0.9996258055638763	0.00024403525211904204
55392.086644846146	1.0001012055163392	0.0002440779460646391
55392.10707857688	0.9998977893259702	0.00024405783282501007
55392.12751250739	0.9998488181259144	0.00024405236332965177
55392.168380067924	1.000248768403601	0.00024407959853477555
55392.18881399773	0.9998152149231383	0.00024404883730424885
55392.20924782753	0.9997582100143324	0.00024405058661668583
55392.250115486444	1.000107163858255	0.00024407650129511718
55392.270549315544	0.9998262357505263	0.00024405129812123724
55392.31141697306	1.0002179619338105	0.00024408188411665773
55392.33185080146	1.0002138981468929	0.00024407673226823265
55392.352284729874	0.9998149106807531	0.0002440582893903502
55392.37271855805	0.9999520428882661	0.0002440658903482448
55392.39315228575	1.0006043947209644	0.00024411627934637693
55392.413586213464	0.999979122451806	0.000244072397746054
55392.43402004117	0.9997766538826011	0.0002440546216269355
55392.45445376841	1.0001728223806297	0.00024409320810944187
55392.474887695425	0.9998269881817372	0.0002440635414524864
55392.49532152244	0.9996058698924913	0.00024404496974677586
55392.536189175524	0.9999089056921366	0.00024406977589533564
55392.55662300183	1.0002566215258155	0.00024409537001924468
55392.57705692791	0.9996455570819724	0.0002440509479141577
55392.59749065376	1.000065154866432	0.00024408466110912883
55392.617924479375	0.9998901546404514	0.0002440744389991426
55392.63835830498	1.0002322488060595	0.00024409745258044367
55392.65879213013	0.9998843000070393	0.00024406756236059797
55392.679225955275	0.9998688345561776	0.00024406943195290622
55392.69965978019	1.000027967160939	0.0002440792496829947
55392.720093604876	0.9998009177798266	0.0002440603551298771
55392.74052742933	0.9994768511989351	0.00024404422564487533
55392.76096125354	1.0003053238436876	0.0002441095226470628
55392.781395077756	0.9995980205800595	0.00024405765561739989
55392.822262725254	0.9999039436788324	0.00024407957521613492
55392.84269654854	1.0002209680092886	0.00024409736139406217
55392.86313037183	1.0000867156020692	0.00024409590591377965
55392.883564194875	0.9999897461866585	0.00024408928174776283
55392.90399801793	0.9996123057981573	0.00024406441631660597
55392.92443194051	0.99977995234368	0.0002440768985051198
55392.94486576287	1.0001151086766493	0.00024409999651661088
55392.96529948522	0.9999567616558371	0.0002440869048759004
55392.98573340734	1.000183373659668	0.00024411578008272172
55393.006167228996	0.9999956512042522	0.00024409375419062447
55393.02660095065	0.9995981246089699	0.00024406570371217126
55393.04703487207	0.9997913842935333	0.00024408260085249893
55393.067468693494	1.000190293502817	0.000244110964100745
55393.08790241445	0.9995736553903014	0.00024406811101192088
55393.10833633517	1.0002324462908114	0.00024411123167313262
55393.1287701559	0.9996165659706351	0.00024407673859656607
55393.14920387639	1.0000007382817353	0.00024410548451919792
55393.169637796644	1.0002541713475677	0.00024410747219545887
55393.19007161667	0.999804159505913	0.00024408681111336638
55393.210505436466	0.999863541559219	0.0002440902199631356
55393.23093925602	1.000257694133885	0.00024412331883951721
55393.25137307535	1.0003085045908684	0.0002441350159058369
55393.27180689468	1.0000109910384065	0.00024409707769695906
55393.292240713534	0.9998858619436171	0.00024410070105827285
55393.3126745324	0.9998252524411188	0.00024410014499734372
55393.33310845103	0.9996053192727854	0.0002440742384777073
55393.35354216942	0.9998872509856852	0.00024410259355445578
55393.37397598758	1.0002239213778683	0.00024412081954405866
55393.39440980575	0.9999259500342746	0.00024410407664584988
55393.41484362344	1.0005114499563628	0.00024414683038631303
55393.43527744114	0.9998789416059148	0.00024410161927175786
55393.45571135837	0.9997498723351752	0.0002440905953625089
55393.4761450756	0.999643775796739	0.00024408032953886455
55393.4965788926	0.9999082034643565	0.00024410205389218003
55393.51701280937	0.9999069966252734	0.0002441059035989586
55393.537446525894	0.9996612897806016	0.000244088998402832
55393.55788034243	0.9998438228670986	0.0002441023725699919
55393.5783142585	0.9993394531679168	0.00024406730455239537
55393.59874797456	0.9998055513980523	0.00024409779203254467
55393.63961570577	0.9995042342271546	0.00024408622850159763
55393.66004942113	0.9992556650780002	0.00024407161843397645
55393.68048333627	0.9998314004596651	0.0002441078182544849
55393.700917151175	0.9993962489133287	0.00024408024591433616
55393.72135086607	0.9996915669683499	0.00024410241565455751
55393.74178478051	0.9997205096429977	0.0002441068552073265
55393.76221859495	0.9993237431676101	0.00024407547261446718
55393.80308622289	0.9996200999910169	0.0002440973146608751
55393.82352003663	0.999570876713433	0.0002440945249840974
55393.84395385013	0.9994654938560952	0.00024408237655601156
55393.86438766364	1.0001010103900543	0.00024412686212385042
55393.884821476684	0.9996498168929054	0.000244108814445582
55393.90525528972	0.9996797470081001	0.00024409572497406169
55393.9256892023	0.9996190103210293	0.00024410344907828697
55393.94612291487	0.9999435461432473	0.00024412841887792386
55393.96655672721	1.00016667899373	0.00024413993603602938
55393.98699063932	0.9995457988478877	0.0002441026819925659
55394.0074243512	1.0000778032612878	0.00024413466413987611
55394.02785826284	1.0003908440056906	0.00024415635347387814
55394.04829197425	1.0000368745096953	0.00024413142425094275
55394.06872578566	1.0006340171505348	0.00024417593365956217
55394.089159696836	0.9999905937253438	0.00024413527241728177
55394.10959340755	1.0002765319967604	0.00024415010711222984
55394.13002721826	1.000057755079177	0.00024413547034345925
55394.15046112874	1.0003794723987725	0.0002441618500507075
55394.170894838986	0.9999894170184482	0.0002441365370948968
55394.191328649234	1.0001149702709875	0.0002441433759366555
55394.21176255901	1.0000093540825878	0.0002441359893774343
55394.23219626856	1.0000454561205663	0.0002441355638077269
55394.25263007811	0.9998876918331957	0.00024413849178360548
55394.27306398742	1.0003743016676343	0.00024416394102308393
55394.293497796505	0.9998140346284319	0.00024412929525537922
55394.313931505356	1.0001003934400947	0.0002441441241639202
55394.33436541397	1.0001311356528402	0.0002441620942797356
55394.354799222354	1.0002011890562188	0.00024415477521190916
55394.375232930506	0.9998486627064046	0.0002441339516196701
55394.39566683865	0.9996868547758568	0.00024412516787408183
55394.41610064634	1.0003081553165685	0.0002441689364714503
55394.43653455402	0.9997260457234706	0.0002441292505733323
55394.456968261475	1.0001402107959565	0.00024416255534614724
55394.4774020687	0.9998871351024441	0.0002441461888350401
55394.49783597568	0.9997983820711235	0.00024413675569098006
55394.518269682434	1.000036610917463	0.00024414784803784075
55394.53870348919	1.0000977993789748	0.00024416143844275233
55394.559137395474	0.9999940829701219	0.00024415651781087576
55394.57957110176	1.000353554576333	0.0002441784995815881
55394.60000490782	1.000325779520558	0.0002441781554361007
55394.62043881341	0.9998069922064325	0.0002441418591732557
55394.640872519	1.0001648729824568	0.0002441704458172111
55394.66130632436	0.9998355727921653	0.00024414379911991927
55394.68174022971	1.0005926552892204	0.000244203280606407
55394.7021739346	1.000095469450416	0.0002441664710924386
55394.722607739495	1.000296640714396	0.00024417754084018377
55394.76347534834	1.0001650945254204	0.0002441755646886564
55394.78390925254	0.999925564397509	0.00024415691364699615
55394.804343056494	1.0007907374969565	0.00024422151787943257
55394.82477676022	1.0001977167113107	0.00024418363073580465
55394.84521066372	0.999885491338102	0.00024416576684527003
55394.865644466976	0.9999461396549472	0.00024417061149652154
55394.88607817024	0.999798463184393	0.0002441628117122658
55394.90651207304	0.9996992191242214	0.0002441503106777672
55394.92694587583	1.000168306852632	0.0002441901103517426
55394.94737957839	1.000335763635676	0.0002441960367129874
55394.967813480725	0.9998164411417044	0.0002441588872729012
55395.00868098468	0.9997779640015436	0.00024414326167110275
55395.02911488632	0.9997944009098867	0.0002441504708784298
55395.04954868771	0.9996982200006753	0.00024413881464900768
55395.06998238911	0.9999842165249277	0.00024416836201223915
55395.09041629028	1.0000859360933567	0.0002441687060733991
55395.110850090976	0.999898430470262	0.0002441574455851847
55395.13128399168	0.9999943695272663	0.00024416795512921747
55395.15171769215	1.00004688902083	0.0002441692767910795
55395.17215149238	0.9999538943406935	0.000244164576788345
55395.192585392615	1.0002239544112248	0.00024418253102857963
55395.213019092385	0.9999171845514437	0.0002441635610674334
55395.23345289192	1.0000188401812882	0.0002441694831252559
55395.253886791455	1.0004071386039273	0.00024419770735085257
55395.27432059076	1.000185650492779	0.0002441788309542184
55395.294754289826	0.9999200676774309	0.00024416120520797096
55395.315188188666	1.0001968463262334	0.0002441809529175328
55395.335621987266	1.0000148224580774	0.00024416817832010376
55395.37648958378	0.999971861865275	0.00024416483172222343
55395.39692338192	0.9995525457712298	0.000244142091818856
55395.41735707959	0.9998464559520506	0.0002441626506151405
55395.43779097727	0.9993067234906422	0.00024412310561608273
55395.45822467471	0.9999475879132452	0.00024416697779963903
55395.47865847191	0.9998733540533369	0.00024416477139688707
55395.49909236889	0.9999939127117845	0.00024416905794373274
55395.51952606563	0.9998536433285484	0.0002441629754307984
55395.53995996214	1.0002322070157657	0.0002441839684441248
55395.56039375842	0.9995950596482436	0.00024414923681209
55395.580827454694	0.9995953520297082	0.0002441518188875739
55395.601261350734	0.9999450221349095	0.0002441696721216193
55395.621695146314	1.00081208262712	0.0002442366277858982
55395.642128941894	0.9998379757765674	0.00024417292268751094
55395.662562737234	0.9997041812130296	0.0002441647928802522
55395.68299653235	1.000345361979606	0.00024420695756177907
55395.70343032722	0.9998421819677715	0.0002441641299492627
55395.723864122105	0.9998466048739677	0.0002441648272369643
55395.74429791652	1.0000915397385315	0.0002441872469046776
55395.76473171094	0.9998283432094005	0.0002441656441866765
55395.78516560488	0.9998433118962757	0.0002441688745941996
55395.80559929883	0.9996214395724847	0.0002441623619960195
55395.82603309254	0.99984485483827	0.0002441777007430623
55395.846466986026	1.0002518319649134	0.0002442011499372198
55395.86690067928	0.9996062804250319	0.0002441573624497535
55395.88733457252	0.9993701545924146	0.00024414724845517126
55395.90776836531	0.9996415393065519	0.0002441637250610722
55395.928202058094	1.000039363870704	0.00024419099784233906
55395.94863595041	1.0001966513732161	0.00024420202612667575
55395.96906974273	0.9998615095940498	0.00024418037144083196
55395.989503434816	0.9998724672697757	0.00024417642828091656
55396.009937326664	1.000030063081207	0.00024418729300312457
55396.030371118286	0.9998162465226208	0.0002441846544562945
55396.050804809674	1.0001830824725937	0.0002442092842748113
55396.071238700824	0.9999856956596072	0.00024418158042369825
55396.09167249198	0.9997893049886531	0.000244177038091247
55396.11210628267	0.9998620325728503	0.00024418037704202817
55396.132540073355	0.9994399097002634	0.0002441504780727064
55396.15297386381	0.9999493821869961	0.0002441893309077475
55396.17340755404	1.0001093127627683	0.0002442009831240578
55396.19384144402	0.9999863374748148	0.0002441926243759165
55396.21427523378	0.9995732352365269	0.00024415777506932735
55396.23470902331	1.0001064577245653	0.0002441942020259685
55396.255142812595	0.9999688486781776	0.0002441923155978813
55396.27557660189	1.0001460243563942	0.0002442029324737797
55396.29601049072	0.9997549804599845	0.00024418271653555703
55396.33687796813	1.0001414042564682	0.0002442100937952255
55396.3573118565	0.9998835551497727	0.00024419345178085234
55396.37774554462	1.000453767533754	0.00024423088748614497
55396.398179332515	0.9999121516144751	0.0002441932297305364
55396.41861322018	1.0001195366253792	0.00024420142455045104
55396.4390469076	1.0003471693526012	0.00024422347161537746
55396.45948069503	1.0000015306804169	0.0002441975738937396
55396.47991458223	0.9999015253346627	0.0002441944532114845
55396.50034826896	0.9997007332818798	0.00024418346278541777
55396.52078205569	1.000063631379718	0.000244209261053508
55396.54121594219	1.0004720708798922	0.0002442444802107873
55396.56164962845	0.9999841937400374	0.0002442015149716331
55396.58208341448	1.000593780779489	0.000244248419032239
55396.60251730052	0.9999648705279699	0.0002442022201625459
55396.62295108608	0.9998818628950102	0.0002441956417980992
55396.64338487165	0.9999798107371856	0.00024420465073886696
55396.66381865675	1.0002921224753467	0.00024422966122991305
55396.684252441846	0.999571058296284	0.00024418290957436127
55396.704686226716	1.0001499345418292	0.00024421966664618037
55396.72512001135	1.0000028626500421	0.0002442035245889751
55396.74555379575	1.0000484441412165	0.0002442119233415137
55396.76598767992	0.9998812068962188	0.00024420953106458413
55396.78642136386	1.0001791421804114	0.0002442180651396253
55396.80685514779	1.0000497132924162	0.0002442121875844879
55396.827288931265	0.9999178118296304	0.00024420905524837673
55396.84772271474	0.9999334640801154	0.00024420720203094913
55396.86815649797	0.9994831900205984	0.00024417470318023767
55396.888590280745	0.9999787302179479	0.00024421045554130343
55396.90902406352	1.0001117576183158	0.0002442220424420459
55396.92945774605	0.9997021339108711	0.0002441895251511199
55396.949891628596	0.9998776718755789	0.00024420078844428086
55396.97032541067	0.9998940506666615	0.000244207332039618
55396.99075929251	1.000097439657378	0.0002442182606521018
55397.01119297435	1.0003052413155615	0.00024423025025536874
55397.03162675572	1.000349573492024	0.0002442379846004205
55397.0520606371	1.0001827558793002	0.0002442284415378628
55397.07249431824	0.9999996429547805	0.00024421791116649205
55397.092928099155	0.9999700211615797	0.0002442119280600522
55397.11336197983	0.9999393823725278	0.00024421351977814437
55397.133795760274	1.0003348818054338	0.00024424002330467135
55397.15422944071	1.0006061949452436	0.0002442703748470617