55496.562178184744	0.9997304920163144	0.00024414464243497914
55496.58261121791	0.9997569903666329	0.00024414541302598123
55496.60304405097	0.9997712061815376	0.00024413939651485124
55496.62347708414	1.000020346762825	0.0002441671713470112
55496.64391001708	1.0000133996547436	0.00024416688090584857
55496.664342850025	0.9999175917634076	0.0002441521974393001
55496.68477588296	1.0000476551827062	0.0002441644201662939
55496.7052088159	1.0004934307300266	0.0002441977134322488
55496.72564164861	1.0001884166533836	0.00024418051003941634
55496.74607468143	0.9997212507716687	0.00024414210926223525
55496.76650751414	0.9997782534543599	0.00024415492591975147
55496.786940446735	0.999978955429244	0.00024416188388022846
55496.80737347944	0.9998642338867563	0.00024415705526541166
55496.827806311914	0.9998319145917467	0.0002441579238794394
55496.84823934439	0.9997976923953339	0.0002441536027138966
55496.86867227686	0.9995193200640032	0.00024412824565687264
55496.88910510922	0.9998217413949662	0.00024415659702091083
55496.90953814158	0.9998996183383981	0.0002441623094216663
55496.929971073936	1.0001271336517727	0.0002441760890309866
55496.95040390606	1.0003737933081684	0.0002441908489218809
55496.97083693831	1.0004887480157325	0.00024420132436053446
55496.99126987043	0.9998844586387728	0.0002441552082692694
55497.011702802556	0.9996777056541941	0.00024414615866313297
55497.03213573457	1.0005022164748933	0.0002442035034372922
55497.052568666455	0.9998477023037541	0.00024415817161968257
55497.07300159847	0.9998943828182271	0.0002441635149562292
55497.09343463036	1.0001036757378334	0.00024416865069867545
55497.11386746213	0.999967849690329	0.0002441737403074552
55497.13430049391	0.9998358872099898	0.00024415950672326955
55497.154733425574	0.9997768696857486	0.000244156402286903
55497.17516625723	1.0003022182808698	0.00024419234785383185
55497.19559928889	0.9997925573178665	0.00024415007809224605
55497.216032220436	0.9995747912146128	0.00024414008282868895
55497.256898083404	0.9998192314079452	0.00024416220422198445
55497.27733101483	1.0002330573297027	0.0002441877125784048
55497.297763846254	1.0000305722714686	0.0002441737096816752
55497.31819687757	1.000387829691319	0.0002441959600141613
55497.338629808764	0.9998866464025592	0.00024416614571864194
55497.35906263995	1.0000470396103196	0.0002441762578212981
55497.37949567115	0.9998675626914327	0.00024415653470311407
55497.39992860223	1.0001705581606375	0.00024418394014907873
55497.4203615333	1.0005648350648337	0.00024421340993795057
55497.44079446438	0.9999705833397521	0.00024417160163955746
55497.481660326186	1.0005151616726375	0.0002442074987792668
55497.50209325703	1.0000009476310567	0.0002441675761227056
55497.52252618788	1.0000839558418082	0.00024417658105778763
55497.542959118604	0.9998589251345746	0.00024416681649059733
55497.563392049335	0.9997872219907632	0.0002441581648363857
55497.583824980065	1.000347107728616	0.0002442050085858018
55497.60425801067	0.9998897507900436	0.000244166354590284
55497.62469084117	0.9995175631492784	0.00024413150641165683
55497.64512387167	1.0001480285557585	0.00024418194256034087
55497.66555680216	0.9998920906319417	0.00024417148604822305
55497.68598963254	0.9998501996219163	0.0002441604240767855
55497.706422662915	1.0001504258148695	0.0002441908797871734
55497.7268555933	0.9999786190625914	0.0002441786357160962
55497.74728842356	0.9997945877791047	0.0002441709124638329
55497.76772145383	1.0001373692823943	0.00024418659478313883
55497.80858721412	0.9995468417681694	0.00024415055670648435
55497.82902024414	1.000136998706851	0.00024418470858166203
55497.86988600409	1.000573570321638	0.0002442196713526021
55497.890319034115	1.0002120516948478	0.0002441920139096626
55497.910751963915	1.0004638396918035	0.0002442098124294961
55497.93118499383	1.0001221574817707	0.0002441909255856342
55497.951617823506	0.9999972891973206	0.0002441826545532283
55497.972050753306	0.9999667579880954	0.00024417459687950735
55497.99248378299	1.0001002208903984	0.00024418680205316626
55498.012916612664	0.9999295105146674	0.0002441776141855502
55498.03334954223	1.0000690856395522	0.00024418537928859197
55498.0537825718	1.0004868276084067	0.00024421663634504914
55498.07421540124	0.9998136985890095	0.00024417121297795776
55498.09464833069	0.9994800326183666	0.00024414394774697904
55498.11508126014	0.9995151798813233	0.00024415234137833026
55498.13551418947	1.0004037980147222	0.0002442167661959442
55498.1559471188	0.9998715406713709	0.0002441719022172381
55498.17638014802	0.9999565086248072	0.00024418494347080473
55498.196812977345	1.0001264717917873	0.0002441920684929377
55498.21724600645	0.9997492131374072	0.00024416873015576735
55498.23767893555	1.0002310175758387	0.00024419996983010984
55498.25811176464	1.0000577129726351	0.0002441853213120111
55498.29897772273	1.000084183120233	0.0002441892785028529
55498.31941055159	0.9997662025308669	0.00024416821212208195
55498.339843580456	1.0002518696143283	0.00024420079529183686
55498.360276509324	0.9998458956532293	0.0002441731668873507
55498.380709338184	0.9999701317417965	0.0002441851644026855
55498.401142366936	0.9995381521928215	0.000244149146079966
55498.42157529557	0.9996339028747174	0.0002441500665708099
55498.4420083242	1.0000473754289125	0.00024418377988538097
55498.48287408147	0.9994901255267605	0.0002441517497464587
55498.50330710998	1.0000524828993853	0.00024418634526829705
55498.523739938384	1.0003957792840263	0.00024421195691879484
55498.5441728669	1.0000115452656237	0.00024418457077253887
55498.56460589518	0.9998082569585673	0.000244167719613691
55498.585038723584	1.000416224684194	0.0002442202597059482
55498.62590468015	1.0002543106941817	0.0002442052862166912
55498.64633760832	1.0000234598453825	0.00024418710306685495
55498.66677043649	1.0003466312390146	0.00024420791713359094
55498.687203464535	1.0000614623694224	0.00024419307842276044
55498.707636292704	0.9992939464827041	0.00024413145809819116
55498.72806932064	0.9997469161482775	0.00024416228814315
55498.74850224869	1.0003089253356814	0.0002442039241233782
55498.768935176624	1.0000640052587801	0.0002441980231191206
55498.78936810444	1.0000925207860165	0.00024419079588169207
55498.809801032374	1.0002177938952759	0.0002442009019828943
55498.83023386008	1.000048988497592	0.0002441872338552585
55498.8506668879	1.0001806620684102	0.00024419776665271617
55498.871099815595	1.0003230607641502	0.00024421629721887615
55498.8915326433	0.9998324993985617	0.00024417220642628906
55498.91196567088	1.0002622873364788	0.0002442053428653118
55498.93239859847	0.9996125782229366	0.00024415981631121413
55498.95283142594	1.0001740090565892	0.0002442011119533697
55498.973264453525	0.9998270851678135	0.0002441750060948731
55498.99369738087	0.9998468360112847	0.0002441786655281065
55499.014130408344	1.0003770132839815	0.0002442201398774772
55499.054996163046	1.0001420423401066	0.00024420040358731334
55499.075429190285	1.0002198012495742	0.00024420043605395236
55499.09586201752	1.0001352410186384	0.00024420212919269377
55499.11629494475	1.000359000528203	0.0002442120507233953
55499.136727971876	0.9998921978178774	0.0002441850799948702
55499.15716089899	0.9996780132648961	0.0002441676466026737
55499.25932553378	0.9997006533985804	0.0002441761007922915
55499.27975846066	0.999981440234306	0.00024419160975746034
55499.320624314205	0.9995507080114893	0.0002441620133637397
55499.34105724097	0.9997958018616705	0.00024417636907901006
55499.38192309428	0.999976863407132	0.00024419286191606083
55499.402356020815	1.0000962538887745	0.0002442002520471456
55499.422788947355	0.999886913750451	0.000244191127802753
55499.443221873895	1.0007345162069348	0.00024424567959038476
55499.46365480031	0.9999901891431191	0.0002441908237060587
55499.484087726734	1.0000838046206832	0.00024419881927790593
55499.50452065316	0.999786991744684	0.0002441852089545908
55499.52495367946	0.999993163094868	0.00024419791549332284
55499.545386505764	1.000464463274434	0.0002442249394497256
55499.56581943207	0.9997685733673481	0.0002441867652119841
55499.586252458255	1.0002625343902118	0.0002442180618907628
55499.606685284445	0.9997009391927976	0.0002441714287016091
55499.62711821052	0.9998289209440576	0.0002441806755213517
55499.64755123659	1.0006074420139246	0.00024424467789374305
55499.66798416266	0.9999576825126429	0.00024419178268033633
55499.688416988734	0.9998148848486014	0.0002441812457653879
55499.708850014686	1.0000812543711923	0.00024420308010910963
55499.72928294053	0.9998139076225365	0.0002441820949083815
55499.749715866485	0.999459549661105	0.0002441621822269913
55499.77014879232	0.9994202549046136	0.00024415330022220717
55499.79058171816	0.999629539251112	0.00024416862455497345
55499.8314475696	0.9992451705310422	0.0002441421306001933
55499.85188049533	0.99953962080988	0.00024417136864841475
55499.87231352093	0.9995080527306516	0.0002441646316624712
55499.89274634654	0.9998785005866621	0.0002441853127202951
55499.913179272145	0.999678099630796	0.0002441753466921164
55499.93361229764	0.9996357488457505	0.00024417160234075134
55499.99491107398	0.9992495663259463	0.0002441457175403118
55500.05620974988	0.999642331647822	0.000244175868084246
55500.07664267513	0.9996436882547085	0.00024417359410516034
55500.09707570039	0.9993388633108224	0.0002441575852034332
55500.13794145067	0.9997747281913302	0.00024418702858138486
55500.17880740084	0.999423516650572	0.0002441633313265321
55500.199240225855	1.0000234544245121	0.00024420182960296764
55500.24010617567	0.999680776914001	0.000244185322710465
55500.26053900058	0.999616803408647	0.00024417556431623525
55500.28097202549	0.9999628583406429	0.00024420454845054055
55500.301404950274	1.0002507329790222	0.0002442294674574991
55500.342270799745	1.0001739311537023	0.000244221286835334
55500.36270372453	1.0007813054521715	0.00024427356022590325
55500.38313674921	1.0005986076077698	0.0002442559137893668
55500.40356957377	0.9998608070930334	0.0002442034573975901
55500.42400249832	1.0000105254207836	0.00024421868354065256
55500.444435522884	1.0003531773554077	0.00024423377128732085
55500.464868347444	1.0000482962613462	0.00024421587694414213
55500.48530127188	1.0004747870089576	0.00024425123827701814
55500.50573429633	1.000158373876964	0.00024423025331223296
55500.52616712077	1.0001193100032355	0.00024422867702923306
55500.54660004509	1.0002238218137258	0.00024422715840775373
55500.56703306942	1.0002982345721456	0.00024423028148848536
55500.58746589375	0.9996667628955896	0.0002441912544707987
55500.60789891795	1.0000749168027423	0.00024421510663770544
55500.62833184216	1.0000432912631085	0.00024421701307602016
55500.648764766374	0.9999979424689562	0.00024421130251919056
55500.66919769046	0.9998874946614938	0.0002442074025150456
55500.68963061456	1.0001668914618078	0.000244222092349043
55500.71006353865	0.9997890707151639	0.00024419869147407824
55500.73049646274	0.999740435396012	0.00024419751883079385
55500.75092938672	0.9994299050897971	0.00024417783709518054
55500.7713622107	1.0000666250897843	0.0002442193333833978
55500.79179523455	1.000037825004701	0.0002442159696281073
55500.812228158415	1.0000459277690497	0.00024421005150756673
55500.85309400613	1.0001148351027596	0.0002442217927113474
55500.87352692988	1.0000947994540361	0.0002442202740996215
55500.893959953624	0.9995502830111707	0.0002441772975180497
55500.91439277736	0.9998761533768542	0.00024420579125381203
55500.93482570099	0.9999014966848624	0.00024420692503442163
55500.955258724614	1.000050406521162	0.0002442237309498002
55500.97569154824	0.9999074963452866	0.0002442066036358662
55500.996124471756	0.9997682188700531	0.0002442023230934624
55501.036990318775	0.9995880906076965	0.00024419140370347234
55501.05742324229	1.0003149310299466	0.0002442475628567596
55501.07785626568	0.9997436616226668	0.0002441983821258381
55501.098289089074	0.9999894983429956	0.0002442147728524918
55501.118722112355	0.9998987711594597	0.00024420768425380295
55501.13915503575	1.0001128944649031	0.00024422394234790843
55501.159587959024	1.0000552643489866	0.00024421884879969176
55501.18002088219	0.999731935405171	0.00024419233443696137
55501.20045380546	1.000000143945846	0.00024421716661091595
55501.220886728624	0.9998279428892225	0.00024420578809613837
55501.24131965179	0.9998813089926478	0.000244215023141928
55501.261752574836	1.0002413700437964	0.0002442304566610139
55501.282185497876	1.0001181226286586	0.00024422599738313543
55501.30261842092	0.9991654904769153	0.0002441605912401011
55501.343484266894	0.9996016933057915	0.0002441844813896417
55501.363917189825	0.9997613270911375	0.000244192326814294
55501.384350112756	0.9996214738953625	0.00024418862290358185
55501.404783135564	1.000034466242991	0.0002442195035489465
55501.425215958494	0.9997821181461685	0.00024420366217596664
55501.445648881185	0.9998425762885478	0.0002442019129428008
55501.466081904	0.9994873051496656	0.0002441772899530588
55501.4865147267	0.9995018659321003	0.00024418025155747037
55501.506947649395	1.0000016937062242	0.00024421667328813695
55501.52738067209	1.0002843734737694	0.0002442401560837124
55501.54781349467	0.9999930476049566	0.0002442193213767843
55501.56824641736	1.0005215894295858	0.00024426518776827415
55501.609112262406	1.000019777356887	0.000244224244892809
55501.629545284864	1.000399440697161	0.00024425005711061295
55501.64997820733	0.9999391140095507	0.00024421561469070165
55501.670411029794	0.9997661645903609	0.00024420145128218365
55501.69084405225	0.9997134938051923	0.00024420626951722544
55501.7112769746	1.000404750704663	0.0002442511325296955
55501.752142819176	0.9999591581525799	0.0002442206665453632
55501.772575741525	1.0003208884716523	0.00024424033217121583
55501.813441585866	1.0000961910097956	0.0002442301970607876
55501.8338745081	0.9999750204417445	0.00024421797681696957
55501.854307530215	0.9999479506494295	0.0002442167868893465
55501.874740452324	0.9997530910761616	0.0002442009052649324
55501.89517327444	1.0000003085989748	0.00024421852970650033
55501.91560629644	0.9999248623455652	0.0002442138629005942
55501.97690506243	1.0000602227592539	0.0002442261668266492
55501.99733798431	0.999945683364188	0.00024422168453535004
55502.03820382807	0.9999507603425545	0.00024421590277000257
55502.05863664983	1.0002292863201456	0.00024424434409594836
55502.079069571715	0.9997284280786933	0.0002441992348906075
55502.09950259348	0.9999133725388692	0.00024421795480722495
55502.119935415125	0.9996769988712462	0.0002442076143214896
55502.14036843573	1.0000655388840949	0.0002442304857067943
55502.16080135738	1.0000227858167123	0.0002442224227723122
55502.24253304385	0.9997976316428012	0.0002442130330362629
55502.262965965325	1.0002092346346825	0.0002442384990489363
55502.2833988868	1.000043955460862	0.0002442302112556547
55502.30383180827	0.9997011432751975	0.0002442036915834385
55502.344697651104	1.0002041661523884	0.0002442401510644508
55502.36513067246	0.9998399626433051	0.00024421477883365043
55502.38556359376	1.0002745708907717	0.0002442548729542764
55502.40599641512	1.0001653944626745	0.00024424693112737675
55502.42642943635	0.9996421671447092	0.00024420833189028505
55502.446862357596	0.9998871338838791	0.0002442232173660351
55502.46729517884	1.0003850513675263	0.0002442557177174686
55502.487728200016	1.0002297476961202	0.00024424568863727766
55502.5081611212	1.0002070601938569	0.000244257103005648
55502.52859394233	0.9997992672948088	0.0002442153556378162
55502.56945988446	1.0001825303979612	0.0002442494509610106
55502.589892705524	1.000307450205667	0.00024426567408206406
55502.61032572653	1.0000380972129546	0.0002442336480826107
55502.63075864754	0.9999422981367547	0.0002442334787296877
55502.65119156848	0.9998958552534951	0.00024423123941757146
55502.671624489376	1.0007336710546524	0.00024429569428959533
55502.69205741033	0.9999799826952582	0.00024422635718458524
55502.712490331156	0.9995198366720784	0.0002441948847746367
55502.73292325199	0.9996205396478384	0.00024420613190836147
55502.75335617283	1.0002133616322226	0.0002442491952393211
55502.7737890936	0.9999948645218177	0.0002442305577284476
55502.794222014374	0.9999281834484697	0.00024422907951971926
55502.81465493509	0.9999531800485776	0.000244233263414687
55502.835087855805	0.9996086409385201	0.000244202552159211
55502.87595379713	1.0002127356771382	0.0002442498339039934
55502.89638671772	0.9996535330436603	0.0002442167932562338
55502.95768547941	1.0002148745806698	0.00024425184913906
55502.97811829989	0.9996998969092218	0.0002442089892489682
55502.99855132038	0.9997897595729518	0.00024422492398588295
55503.039417061285	1.0003280064533042	0.00024426612837214336
55503.059850081656	1.000099304686014	0.00024424713921995236
55503.10071582239	0.9998603701490026	0.0002442256109606009
55503.1211488427	1.0001338176207455	0.00024424811874412247
55503.141581763004	0.9998643515773055	0.0002442281494258092
55503.16201478326	1.0000115842473434	0.0002442564230521315
55503.18244760345	1.0000494385391057	0.00024424611731883254
55503.2028805237	0.9997170096497375	0.0002442214027220523
55503.223313543895	1.0002396568741625	0.0002442561917368822
55503.24374636403	1.0000940993522303	0.00024425203817592843
55503.26417928416	1.0001523646729877	0.00024425340253444186
55503.2846122043	1.0002323095412913	0.0002442569579139114
55503.305045124376	1.0001534053270666	0.000244253438599214
55503.32547804439	0.9999346218050805	0.00024423941968615144
55503.34591106441	0.9999194302809931	0.0002442346664887548
55503.36634388443	1.0003527057754018	0.0002442644910353242
55503.386776904386	0.9997488797476349	0.0002442184025417975
55503.40720982435	1.000201124621125	0.0002442561493329223
55503.42764264425	1.0001563543058383	0.0002442560722284841