55177.85767854989	1.000376887164846	0.00024232643366328157
55177.878111529455	0.9995772649371698	0.0002422652643436477
55177.8985446092	0.9998460606478368	0.00024229061425900012
55177.91897778911	1.0003832634701642	0.00024233084766701288
55177.93941076914	1.0003455715258862	0.00024232346802463705
55177.95984384935	0.9998772649485745	0.00024228597355357458
55177.980277029725	1.0000457360712622	0.0002423046011401492
55178.00071001028	1.000170911529053	0.00024230908877169308
55178.021143090955	1.0000240826750357	0.00024229616837549077
55178.041576271855	0.9999156921097817	0.00024229543900284507
55178.06200925288	1.000055079044666	0.0002423011499235214
55178.082442334075	0.9998245992685405	0.00024228679042186298
55178.10287541544	1.0005172255868955	0.00024244294222364673
55178.12330859693	1.00036374111385	0.00024232435106427114
55178.14374157865	1.0001860311627477	0.0002423141891491093
55178.16417466048	0.999891269940017	0.00024229055911327894
55178.18460784249	1.0000858834851223	0.00024230104320122103
55178.20504082474	0.9997011758943123	0.00024227383334583552
55178.22547390709	1.0001443432327881	0.00024231208112757298
55178.24590708957	1.000098916915071	0.00024230669248533776
55178.26634007228	1.0002562311413628	0.0002423185616808735
55178.2867731551	0.9998899944746703	0.00024234287948269212
55178.307206338104	0.9998177645687428	0.00024228406248141254
55178.40937165566	1.0001796646520449	0.00024232160511146664
55178.42980473965	0.9999185484112079	0.00024229176321262093
55178.45023792382	0.9997117001979938	0.00024238235288667685
55178.47067090815	0.999791599532423	0.00024233991258994274
55178.49110399267	0.9999311625618766	0.00024229586537822796
55178.51153707736	1.000145260037487	0.0002424137141585987
55178.531970162156	1.0001690325495165	0.0002423103689876367
55178.552403247195	0.9996545726825642	0.00024238395237906565
55178.59326941767	1.0000461884339804	0.0002423551141957747
55178.61370250318	1.0001675811222694	0.00024237087466631103
55178.63413548886	1.0002903526417994	0.00024243217112628035
55178.65456867465	0.9995784376337891	0.00024226942733230678
55178.69543474682	1.0005136148714155	0.00024244727586370587
55178.71586793319	0.9996574318449646	0.00024238158856966169
55178.736301019686	1.000000086671461	0.0002423537199697962
55178.756734006354	0.9999171854206205	0.0002424028615199685
55178.77716719319	0.9996927726414296	0.00024233193981729377
55178.79760028015	0.999536537861262	0.0002423682073093129
55178.818033267344	0.9998553859163135	0.00024239070133256943
55178.838466354704	1.0000982607947615	0.00024241304538750026
55178.85889954219	1.0003882653596565	0.00024243830954330186
55178.87933252985	0.9996990864922632	0.00024238642627256884
55178.89976561767	0.9995132914369643	0.0002423707662541756
55178.92019880568	0.9997408751391568	0.00024238668827977704
55178.961064882154	0.9997652746304339	0.0002423889710038443
55178.98149807069	0.9995620915644575	0.00024238036856784947
55179.00193115939	0.9995738717835152	0.0002423711065779105
55179.02236414821	0.9994566745142842	0.0002423638833099888
55179.042797237205	1.0001914112221673	0.0002424201773272559
55179.06323042638	1.0001838229823106	0.00024242624746641695
55179.08366341572	1.000147213465681	0.00024242046322648378
55179.10409650524	0.9997362056573806	0.00024239195366625526
55179.124529694935	0.9998066276151198	0.0002423941922967814
55179.1449626848	0.9999573373650202	0.00024240694810879514
55179.165395774784	0.9996878995456648	0.00024238956145929746
55179.185828965004	0.9999095428746964	0.00024240738993877833
55179.20626195533	0.9998304217484189	0.0002423961673177082
55179.22669504584	1.000127375079339	0.00024241873864234647
55179.24712823653	1.0000049022465078	0.00024241492718013794
55179.26756132738	0.9997123213710137	0.00024238960784261104
55179.287994318416	0.9998767607936658	0.00024240180590674157
55179.308427409625	1.0003815954874793	0.00024243924730410718
55179.328860601	0.9995334220997645	0.00024237981655606328
55179.3492935925	1.0005705837225243	0.0002424602734253481
55179.369726684236	0.9997876491317726	0.00024239584812230856
55179.39015977608	0.9999156915115259	0.00024240725461969378
55179.41059286816	1.0003399363813803	0.0002424410381911964
55179.43102596036	0.9998477513531032	0.0002423963939818498
55179.451459052725	1.0000705298156436	0.00024241831140728857
55179.47189214527	1.000116066373576	0.00024242538871179056
55179.51275823089	1.0004421810840611	0.00024244949657236184
55179.53319142396	0.9997728186141362	0.00024239928240472216
55179.553624517146	1.0001182128922321	0.00024242873658986358
55179.57405751056	1.000029080182593	0.000242419115130029
55179.5944907041	1.0000667017851488	0.00024241601727123348
55179.61492379787	1.0000917318442637	0.00024242159552989847
55179.635356791754	0.9998806425259202	0.00024240531864790538
55179.65578998587	1.0001624176951913	0.00024242426778711736
55179.6762230801	1.0003528145405753	0.00024244333679476453
55179.696656074506	1.0001675680343094	0.00024243181469439586
55179.71708916909	0.9999365734026467	0.00024241162257062458
55179.73752236385	0.9998168029468749	0.0002424003403762368
55179.757955358786	1.0005032376466572	0.00024245077971192676
55179.77838845383	1.0003253068848887	0.00024244061872307274
55179.819254744565	0.9998002440037984	0.0002424014698674994
55179.83968774014	0.9996395829358188	0.0002423894083072758
55179.880554031864	1.000176743933439	0.00024243072368544493
55179.90098702802	1.0002834963252487	0.00024243721318398758
55179.921420224295	1.000440673145164	0.00024244464999915067
55179.941853320735	1.0000356235611318	0.0002424151526796597
55179.96228631736	0.9998198621682362	0.0002423998534721739
55180.02358560832	1.0001705167051842	0.00024242481405157198
55180.04401870559	1.0002128736524354	0.00024242658483388028
55180.064451903076	1.0000228352301639	0.00024241504504603244
55180.084884900745	1.0000753850294015	0.00024242344712827494
55180.10531799859	1.0005220342251835	0.00024245671948763443
55180.1257511966	0.9999419742362674	0.00024241338437550224
55180.14618429474	1.0000878172818735	0.00024242110890827922
55180.16661729311	0.9999941913257264	0.0002424136163125471
55180.187050391585	0.9997543304733759	0.00024240240640096623
55180.207483590304	0.999573108137559	0.0002423817533020792
55180.22791658914	1.0002928578294388	0.00024244342101176504
55180.248349688205	1.000389774694647	0.00024244782984260806
55180.26878278738	0.9999122463096626	0.00024240908783614858
55180.28921588674	1.0001049141220468	0.0002424234554932082
55180.309648986324	1.0001643580221382	0.00024242409906358655
55180.33008208603	1.000151074598922	0.00024242481457995176
55180.35051518591	1.0004204254910216	0.00024244469214692525
55180.37094828596	0.9999485961387816	0.00024240788099873437
55180.391381386195	1.00016878249434	0.00024242928741788822
55180.41181448666	0.999913456294625	0.00024240513912184705
55180.43224758723	0.9998886617415168	0.0002424011121365895
55180.45268058793	0.9996679911590525	0.00024238535777914235
55180.47311378886	0.9999500511579339	0.00024241214814880178
55180.49354688996	0.9998865851698494	0.00024240803123670384
55180.53441309269	0.9999414991347801	0.0002424106014504518
55180.55484619431	1.0001279880999558	0.00024242273850650327
55180.59571239803	1.0001069377140641	0.00024241968485474408
55180.61614550018	0.9999974863089118	0.00024241541208203785
55180.636578502505	1.0000213156713127	0.00024241613958824436
55180.67744480762	0.9997967182426266	0.00024239448191321514
55180.69787791047	0.9998851792435056	0.00024241076176542798
55180.71831091349	0.9996488043596348	0.0002423812120491044
55180.73874411663	0.9999361954063859	0.00024241232469602282
55180.75917722	0.9999998345981318	0.00024241197301358604
55180.77961022349	1.0001700130509634	0.00024243181406237796
55180.80004342721	0.9998809989287197	0.0002424109458968442
55180.82047653105	0.9999799511348085	0.00024240987476374415
55180.84090953512	1.000397261020668	0.00024245007625404386
55180.86134273931	1.000059564844562	0.00024242115028603689
55180.88177584373	0.9998640810746394	0.00024240537836080095
55180.90220884827	0.9998822745063618	0.00024239967278516994
55180.92264195303	1.0001079090345493	0.00024242124633442355
55180.94307515792	0.9999459402765479	0.00024241000699450473
55180.96350816304	1.0000585010067182	0.00024241693372840969
55180.98394126828	0.9997386143267002	0.0002423909277937613
55181.00437447374	1.0005008340286834	0.00024245389931203872
55181.02480757933	0.9996089894604273	0.0002423798585052842
55181.04524058514	0.9998121998866151	0.00024239863806998477
55181.086106797244	0.99939497869289	0.0002423692230539219
55181.10653990353	0.9992240796059811	0.00024235640113873003
55181.12697301004	1.0002997295746345	0.0002424365188325408
55181.147406116674	0.9999618001149816	0.00024240975174700865
55181.16783922353	0.9993468282120089	0.00024236433931423295
55181.18827233052	0.9998891314383734	0.0002424049176447182
55181.208705437675	0.9992429258063631	0.00024235516474726182
55181.229138545066	0.9994072248327953	0.0002423731887090205
55181.24957165257	0.9992564115322201	0.00024235682969495762
55181.27000476031	0.9995467306978566	0.00024238042321272115
55181.310870976245	0.9996502043257537	0.00024239139871643783
55181.33130408445	0.9994346428452335	0.0002423756992433658
55181.35173719289	0.9995759785151364	0.0002423865767064757
55181.372170301496	0.9994838595183888	0.0002423768425369338
55181.392603310225	0.9998864065959483	0.00024240549580576765
55181.41303651918	0.999765930057307	0.00024240265013684149
55181.43346962826	0.9992903577750248	0.00024236401309491278
55181.45390263757	0.9997339705900916	0.0002423945427619531
55181.47433584706	0.9994964686332071	0.0002423834417424498
55181.51520206649	0.9998596519356575	0.0002424085657002236
55181.53563517649	0.9998713098731769	0.00024240410135702297
55181.617367618215	0.9997956405850051	0.0002424036719579091
55181.6378007291	0.9999998020059796	0.0002424196090631328
55181.658233740156	1.000030284334275	0.00024242019862665833
55181.67866695138	0.9998652660569896	0.00024241123797647722
55181.69910006279	1.000083335190355	0.00024243055624383576
55181.71953307437	0.9998943968797841	0.00024240918576465514
55181.78083241016	1.000084162656239	0.00024242626588362896
55181.80126562243	1.0000017575787186	0.000242417047510301
55181.821698734886	1.0002732406761237	0.00024244161727904809
55181.842131747515	1.0003013242461292	0.0002424398327680697
55181.88299807335	1.0000220693146624	0.0002424197354632135
55181.903431186496	0.9996884135953167	0.00024239656675100732
55181.92386419988	0.9997106226922667	0.00024239670071437617
55181.944297413385	1.0001823371022251	0.00024243407563789225
55181.96473052712	1.000030990338913	0.00024241790316024454
55181.985163540965	0.999868133615153	0.00024241335500889795
55182.00559675505	1.000087517211815	0.0002424227991488061
55182.0260298693	0.9995614854776297	0.00024238772460713826
55182.04646288368	0.9998349434778835	0.00024240340352119481
55182.06689599829	0.9993994373306427	0.00024237190209385736
55182.08732911307	0.9996403422413086	0.0002423872992227913
55182.10776222802	0.9999945508476072	0.00024242322298119942
55182.12819534315	0.999958788242144	0.00024241054573778982
55182.14862845845	1.0000075541445943	0.0002424277232441099
55182.169061573935	0.9999467328748503	0.00024241540572376416
55182.18949468959	1.0001866762324636	0.00024243303279506475
55182.20992780542	1.0003123561765024	0.00024243750701145913
55182.23036092148	1.0001364328462536	0.00024242740164237477
55182.25079403766	0.9999662650785635	0.0002424181535687714
55182.27122725401	0.9999074225774913	0.00024241382731025098
55182.291660270595	1.0000824999223719	0.00024242427241660165
55182.31209338736	0.999874625261039	0.000242409515110258
55182.332526404236	0.9997123120271647	0.00024240077667466377
55182.35295962134	1.0004857940160967	0.00024245942028075778
55182.37339273857	0.999829745889074	0.00024240766886830169
55182.39382585602	1.000536862916079	0.00024246034146190013
55182.41425897366	0.9999867449177247	0.00024241799006184317
55182.45512520945	1.0001750359599244	0.00024243123066777084
55182.495991446	0.9999798995335927	0.0002424160978845567