55921.5384991913	1.0001527102116567	0.0002464829076595255
55921.55893227238	1.00013682275732	0.0002464879852151377
55921.57936535363	1.0000089425428846	0.00024648039162421026
55921.59979843506	1.0000761912425389	0.0002464865804017401
55921.62023151661	1.0004978043423118	0.000246516407056052
55921.64066459838	1.0001468097090027	0.00024649513572517476
55921.66109768028	0.9998671402829719	0.00024648412699256934
55921.701963944586	0.9996786294820255	0.0002464606956184655
55921.72239692695	0.9995592981941708	0.0002464492736432446
55921.742830109535	0.9997106740494283	0.0002464638693453392
55921.763263192246	0.9998793880864852	0.0002464798439672374
55921.78369617513	0.9996634784884766	0.000246463267253335
55921.80412935819	1.0004438355396956	0.0002465187575500105
55921.82456244142	0.999906890375712	0.00024648180630192963
55921.84499542477	1.0005134103529472	0.00024652890737372356
55921.86542860835	0.9998698186634452	0.000246487284111508
55921.88586169205	0.9995799593311031	0.0002464622652659656
55921.906294875924	0.9998862725055534	0.0002464897366010655
55921.92672785997	0.9997818911410034	0.0002464811012582727
55921.94716094413	0.9997486059976385	0.00024647409493300595
55921.96759402853	1.000057307286633	0.00024650025161479923
55921.98802711304	0.9999492601813162	0.0002464910344273377
55922.00846019773	0.9999275532384513	0.0002464901778130284
55922.049326367625	0.999835557594674	0.00024647996427534184
55922.06975955278	0.9998916970667818	0.0002464969286239403
55922.09019253817	1.0000690873471354	0.00024650039490909265
55922.11062562367	1.00014012220905	0.00024651055212066003
55922.13105880935	1.0004356815347926	0.0002465340155950565
55922.1514917952	1.0000823957244143	0.00024650594149162565
55922.171924881164	0.9999667243815623	0.0002464987255797694
55922.19235806737	1.0000702254735667	0.00024651074472749736
55922.21279115369	0.9996679464361847	0.00024647904558775907
55922.233224140175	1.0000586369031224	0.0002465138141618656
55922.253657326844	0.9999259167947276	0.00024650064028090363
55922.27409041369	1.0003306901435407	0.0002465346177973309
55922.2945235007	0.9999178184147429	0.000246511000033106
55922.31495658789	0.9995149521424478	0.0002464792132233595
55922.3353896752	1.0000062461978325	0.0002465125509234374
55922.35582286268	1.000195628353427	0.0002465329080462311
55922.39668893817	0.9996871503034356	0.00024650359253482033
55922.41712212617	0.9999319824051487	0.0002465230712097093
55922.45798820265	1.0004673248847087	0.00024656698032286085
55922.498854379824	1.0004680148720546	0.00024657075417333743
55922.51928756865	0.9992183198393954	0.0002464793390440249
55922.53972065764	0.9999600529827981	0.0002465270259588172
55922.56015364681	1.0001117358539946	0.0002465418094979656
55922.58058683609	1.0003657671564488	0.0002465595605587394
55922.60101992561	0.9998143409038066	0.00024651401775909246
55922.62145291525	0.9999550275020197	0.00024652925522275075
55922.64188610506	1.000403225559887	0.00024656468897954497
55922.70318537553	1.0003621916032293	0.00024655912288932646
55922.723618465985	1.0000167360524523	0.000246541409841888
55922.76448464747	1.0003669497601613	0.00024655695480372257
55922.7849177385	1.00004587181309	0.0002465383979126534
55922.80535082965	1.0001576433568877	0.0002465507206272112
55922.82578392097	0.9999744079944358	0.00024654167718220264
55922.84621701241	1.0001575172066182	0.0002465498745065983
55922.866650104086	1.000398465377253	0.0002465630585121385
55922.887083195936	1.0002393187907448	0.00024655489947729886
55922.907516387895	1.0000635298087721	0.0002465392691351416
55922.927949480094	0.9997972582140543	0.000246526094228753
55922.9483824724	0.9998372273965694	0.0002465275069220369
55922.96881566489	0.9998859831749745	0.0002465335513847121
55922.989248757556	0.9999467841086059	0.00024653678539226674
55923.009681750395	1.0000940529751816	0.00024654399948473673
55923.0301149434	1.0005966205409267	0.0002465839852863653
55923.05054803653	0.9994924904406856	0.00024650777471951595
55923.07098102989	0.9999533959376067	0.0002465416566380799
55923.09141422337	0.9995834845699649	0.00024651618037239417
55923.11184731708	1.000239092702524	0.0002465683512587118
55923.1322805109	1.0000483443038288	0.0002465553273903779
55923.152713504904	1.0001750752094953	0.0002465629489795291
55923.17314659908	0.9999725714380894	0.0002465508386023641
55923.19357979343	0.9997886873049369	0.00024653427085265413
55923.214012787954	1.0002513472858399	0.00024656916011017694
55923.2344458826	1.0003748795380403	0.00024657294128730426
55923.25487897747	1.0000240481173128	0.00024656751101776136
55923.27531207246	0.9998666387468268	0.0002465508383990015
55923.295745267686	1.0001036419012888	0.00024656879469882277
55923.31617826302	0.9997155653302878	0.0002465360614566436
55923.336611358536	1.0002338040076406	0.0002465785742008958
55923.35704455423	1.0002518966133982	0.000246581517515678
55923.377477550086	1.0000318725339756	0.0002465624879932743
55923.39791064613	1.0001485401737944	0.00024657644682537003
55923.41834384234	0.9996046231550855	0.00024653330281358704
55923.43877693867	1.0000582175627757	0.0002465706952529269
55923.45920993523	0.9995583484527997	0.00024653633790373456
55923.47964313197	0.9994988703386651	0.00024652913837409766
55923.50007622882	1.0003471237937998	0.00024659215287591057
55923.52050932585	0.9994385123538606	0.0002465295722949049
55923.56137552048	1.0000395070629233	0.00024657022278518835
55923.58180871804	0.9997771130232688	0.0002465567908599661
55923.602241715766	1.000093382851354	0.000246581556351467
55923.64310801168	0.9998304000020445	0.0002465529000184922
55923.66354100993	1.000211149991822	0.00024658747699749656
55923.683974208296	1.0006108146255983	0.0002466150709977181
55923.7044073069	0.9996899046749219	0.00024654928262626884
55923.72484030567	0.9997649097277689	0.0002465543675062109
55923.74527350456	1.0000843857153388	0.00024658545905465156
55923.765706603626	0.9995935179608914	0.0002465463285862925
55923.786139602926	0.999384712633159	0.0002465349854138485
55923.806572802336	0.9998184245934956	0.00024655899495511517
55923.84743890169	0.999887896908334	0.0002465634560734364
55923.867872101626	0.9998735755604923	0.0002465705895224595
55923.88830520174	1.0003729945749107	0.0002466049929149343
55923.90873830202	0.9999449109095123	0.0002465778149774492
55923.92917140249	0.9996770351776507	0.0002465606056602115
55923.94960450307	0.9999902920596724	0.0002465795701869541
55923.97003760388	1.0003455091107023	0.00024660784601052534
55923.99047070486	0.9999687492304474	0.0002465794049736952
55924.01090380597	1.0003775076812165	0.00024661266827558515
55924.0313369073	0.9996632705887912	0.00024655939511052067
55924.05177000875	0.999766910815612	0.00024657190597950605
55924.07220321038	0.9999817054354322	0.0002465878911996449
55924.092636312234	1.0000812732629498	0.0002466033003573269
55924.11306931421	0.9998636732088942	0.00024658100438073596
55924.133502516364	1.000308577358727	0.00024661906937243125
55924.153935618684	0.9998422457207643	0.0002465886374811418
55924.174368621185	1.0005731876475303	0.00024664055925463014
55924.19480182386	1.0001115100823788	0.0002466075026008058
55924.215234926705	0.999868009841857	0.0002465861549664013
55924.23566792973	0.9998269753967801	0.00024658834786941785
55924.25610113293	0.9996959099381213	0.00024657844744285616
55924.2765342363	1.0002642576801544	0.00024662257723796126
55924.31740044357	1.000357131609657	0.0002466372118525327
55924.337833547404	0.9998030857844581	0.00024659883534607183
55924.35826675148	1.0003094588534154	0.00024663541738449625
55924.378699755725	0.9996601983328277	0.00024659241394421475
55924.39913286008	1.000050293827463	0.00024662116850649894
55924.41956606468	0.9999857468621682	0.00024661761738874947
55924.43999906939	0.9997668575103101	0.00024660827551081305
55924.46043217433	0.9999148504287475	0.00024661678888937745
55924.480865379395	0.9999858472891611	0.00024663054019164463
55924.50129838469	1.0003843872801637	0.0002466590740496788
55924.521731590095	0.999998116618174	0.0002466278901267957
55924.54216469568	1.0000806376243498	0.00024663805067335557
55924.5625978015	1.0000032275644672	0.0002466328117549573
55924.58303090743	0.9997335845882052	0.0002466156361189321
55924.60346401354	1.000094415649475	0.00024664251743264153
55924.623897119825	0.9999514140226609	0.00024662219895318834
55924.644330226336	0.9998851190301097	0.00024662559097451617
55924.66476333297	1.000296121533776	0.0002466516402550817
55924.68519643978	1.0000525495664885	0.00024663481365213387
55924.705629546756	0.9999304402944291	0.0002466238011696284
55924.726062653914	0.9993715364809592	0.0002465901428601214
55924.74649586124	0.999696521427517	0.000246620510795095
55924.76692886875	1.000184062475621	0.00024666554544738856
55924.78736197649	0.9994667906587343	0.0002466060050823103
55924.80779518434	0.9996760165445072	0.00024663412672685034
55924.82822819237	0.999627237897653	0.00024662298603205066
55924.84866130057	0.9997677877268348	0.00024663466017957786
55924.86909450895	0.9996448604960012	0.0002466248988098333
55924.8895275175	0.9994491224833908	0.0002466149977015609
55924.90996072623	0.999633266005154	0.0002466329868038834
55924.93039383513	0.9998548342201447	0.00024664591243259154
55924.95082684421	0.9995844803147558	0.00024663033078840065
55924.97126005346	0.9994434502268961	0.0002466248122215024
55924.99169316288	0.9993752304748074	0.00024662122011948284
55925.012126172485	0.9998780925687747	0.000246662577729711
55925.032559382205	0.9999942593180093	0.0002466734956079642
55925.05299249221	1.0002739180650724	0.00024668837132242643
55925.07342570228	0.9997622521151208	0.0002466459172955323
55925.09385871258	0.9996727881972793	0.0002466424416042874
55925.11429182305	0.9992326498521537	0.00024661391526193283
55925.1347250337	0.9997769016939696	0.00024664767212891146
55925.15515804452	0.9998928370926277	0.0002466544169405546
55925.175591155516	0.999776424357734	0.00024665080155015557
55925.19602436669	0.999504316065772	0.00024662176275380026
55925.21645737804	0.999699234316044	0.0002466381810359303
55925.236890489556	0.9994420828940727	0.00024660762293492335
55925.257323601254	1.0000091594364948	0.00024665697318601977
55925.27775671313	0.9999738823534765	0.00024665531342177045
55925.29818992517	1.0001606551234343	0.0002466717261372327
55925.31862303739	0.9997459424164239	0.00024665098111122477
55925.33905604979	0.9999002372742437	0.0002466560788881375
55925.3799223751	1.0006279056410792	0.0002467052951875258
55925.400355388076	1.0001123785609702	0.0002466671234019304
55925.48208794149	0.9999624786747865	0.0002466665784270072
55925.522954269254	0.9997306913866112	0.00024664913223898413
55925.563820397765	1.0001267736595885	0.00024667810543499956
55925.58425361225	1.0001912032871993	0.0002466851242526457
55925.60468662692	0.9997051730070219	0.00024665541470875673
55925.62511974182	1.000409352681572	0.00024670300363193777
55925.645552956834	1.0000339719202467	0.00024667808442079204
55925.665985972075	0.9997145262605489	0.0002466517506471472
55925.68641918744	0.9995268601815652	0.0002466312432909577
55925.70685230303	1.0004441436199258	0.0002467025579523461
55925.727285318746	1.0002841851776192	0.00024668722526249436
55925.747718534694	1.000106530832406	0.0002466731148629029
55925.76815165076	0.999720608064175	0.00024664914398776853
55925.78858476705	1.0002655448971791	0.0002466909770798366
55925.80901788346	1.0000121604303276	0.0002466683623781544
55925.8294510001	0.9999581379207444	0.00024666589343546176
55925.84988411692	1.000068728455985	0.0002466721440965978
55925.870317233916	1.0001418914581155	0.00024667506526096457
55925.890750351085	0.9993352888895343	0.00024662218760264663
55925.911183468364	0.9999773252410851	0.00024667249645866836
55925.93161658588	1.0001864065014547	0.00024668803152895827
55925.95204970357	1.0001163761111413	0.0002466728962953912
55925.97248292144	1.0002969944481948	0.0002466911090731371
55925.99291593948	1.0000086787091285	0.0002466735231527198
55926.0133490577	0.9998552912760823	0.00024666427857579634
55926.03378227614	1.0001100694646357	0.00024668284654757804
55926.09508163242	1.0004453447587176	0.0002467146499307866
55926.11551465151	0.999959517603304	0.00024667940280785676
55926.156380990265	1.000224073850019	0.0002467058402781924
55926.17681400994	1.0005321784015928	0.00024672646933149756
55926.21768034974	1.0001494913515647	0.0002466932817048553
55926.23811346988	0.999991676007864	0.0002466797700459528
55926.258546590245	0.9998513814750833	0.00024666759135815987
55926.27897971079	0.9998088232473737	0.00024666788732087764
55926.29941293151	0.9999074279112565	0.0002466720718219078
55926.3198459524	0.9997346499591417	0.00024665808845694177
55926.34027907347	0.9997195089139557	0.00024666680765642794
55926.360712294714	0.9998374404842707	0.0002466692458254544
55926.381145416184	1.000080237727429	0.0002466948349820324
55926.40157843778	0.9998631006991707	0.00024667839497461043
55926.422011659546	0.9997021958437831	0.00024666966222035064
55926.44244478154	0.9996670293929742	0.0002466669951725813
55926.46287790366	1.0001276025247872	0.0002467034528991181
55926.48331102601	0.9998480592360256	0.0002466870011093395
55926.503744048525	0.9999581926174557	0.0002467010761516738
55926.52417727117	1.0002884888346004	0.0002467233476866171
55926.54461039404	0.9995184383407963	0.000246667473756661
55926.56504341708	1.000122163775294	0.00024671158700854923
55926.585476640306	1.0001536523653465	0.0002467124070176164