55071.56513317994	1.0001548459908607	0.00024276455832738568
55071.58556658377	0.9996056247332511	0.00024274159964432528
55071.60599988738	0.999784046363391	0.00024275039395921596
55071.62643319099	1.0000615326321702	0.00024276792570327414
55071.64686649413	1.00000448011044	0.00024276929563459031
55071.66729979727	1.0002071127692653	0.00024277350785886065
55071.68773309994	1.0003486882784296	0.00024278996464848464
55071.70816630262	1.0003152382600244	0.00024277905674569908
55071.728599705064	0.9998676345467699	0.00024275355514035145
55071.76946620925	1.0003312946843952	0.00024277947095220734
55071.78989961123	1.0000359454683418	0.00024276198653976378
55071.81033281274	0.9997263579108038	0.00024274287326762214
55071.830766114246	1.0002911150663296	0.00024277745842285253
55071.851199415294	0.9999187543186937	0.00024275698221887173
55071.87163271634	0.9999584393617396	0.00024275416908852904
55071.89206601715	1.0002755908073064	0.0002427822883822447
55071.91249931773	0.9996383420992455	0.00024273348942216742
55071.93293261808	1.000446765034614	0.00024279089550165045
55071.95336591842	1.0001269851649994	0.00024276624190885148
55071.97379921831	1.0005433641343147	0.0002428159133584259
55071.99423241819	0.9997634520567387	0.00024274349573303594
55072.0146658176	0.9997439652041876	0.00024275356412954132
55072.03509911702	1.000213974381885	0.00024277661924424417
55072.055532316204	0.9999134219514212	0.00024275142839830347
55072.07596571515	0.999937094744731	0.00024275461002512636
55072.09639901387	0.9999253643401913	0.00024275529846634456
55072.116832212356	0.9997993356855769	0.00024275060718680322
55072.15769890886	1.0003316860594087	0.0002427879743711564
55072.17813220688	1.000030082980459	0.00024277021887085176
55072.19856540466	0.999712690592564	0.00024274099485875681
55072.218998802215	0.999953434673512	0.0002427599110892453
55072.23943209954	0.9997669062463554	0.00024275098146721552
55072.25986529662	0.9999823303164916	0.00024275734322076113
55072.280298593476	1.0006813146068416	0.00024281464282975554
55072.3007319901	0.9999874577843629	0.00024276044312110162
55072.32116518672	0.9997631452019672	0.0002427385824237598
55072.34159848311	0.9995147881712502	0.0002427231540873566
55072.362031879034	1.0004008105798075	0.00024278499651573957
55072.38246507495	1.000220709944612	0.00024277899776135186
55072.402898370645	0.9999899160057311	0.00024275958041698728
55072.423331666105	0.9998983501558588	0.00024275252351039115
55072.44376496156	0.9998294996953931	0.00024274895700039133
55072.46419825655	0.9997874089456289	0.00024275162331224116
55072.484631551546	1.0004996263050316	0.00024278937061878234
55072.50506494607	0.9998306538421533	0.00024275458468165544
55072.525498140596	0.9996493919553848	0.00024274404300220093
55072.54593143489	0.9999423206514876	0.00024275372326576912
55072.56636462895	0.9999543028169474	0.00024276185223878622
55072.58679802278	0.999984179911897	0.0002427528064500668
55072.607231316375	0.9997513945507717	0.00024273996008549858
55072.627664609965	0.9994996621799155	0.0002427195901260806
55072.6480979031	0.9999379092229173	0.00024275401297631357
55072.66853119623	0.9999847392471186	0.0002427527124579565
55072.68896448912	1.0001717363482303	0.00024276650346146853
55072.709397681785	0.9995822741904828	0.0002427263993825365
55072.72983107422	1.0001535390224432	0.00024275688298088955
55072.75026436641	0.9999421959342044	0.00024274507273400948
55072.77069755838	0.9998286375102278	0.00024274903540501763
55072.79113095035	0.999793029564728	0.00024274596758558757
55072.81156424184	0.9993137652879904	0.0002427083180642678
55072.83199743334	0.9997323956507546	0.0002427307959746328
55072.85243072461	0.9994318024953925	0.00024271175593196676
55072.87286411564	0.9999302097858357	0.00024275246085856978
55072.893297306444	1.00016075019427	0.00024277317133035794
55072.913730597014	0.9997042028987987	0.00024272955528076935
55072.934163987346	1.0000214459701287	0.0002427505261132169
55072.95459727768	0.9997440119702153	0.000242736815755141
55072.975030467554	1.0003468470031698	0.00024277899961912082
55072.99546375742	0.9999555087182482	0.00024274716757591384
55073.01589714706	1.0002193434101427	0.00024276777817964408
55073.036330336465	0.9999273954726281	0.0002427469543902675
55073.05676362563	1.0003330003464435	0.00024277494987942793
55073.07719701457	0.9999859845832672	0.00024275418706947683
55073.09763020328	0.9999890468016257	0.00024275253755990392
55073.11806349198	0.9997610328915728	0.0002427373869142026
55073.138496780455	1.000024699715357	0.00024275119973037463
55073.158930068465	1.0000389527742533	0.00024275927855969435
55073.19979664424	0.9996186602763322	0.000242728694855733
55073.22022993179	0.9995740786348294	0.0002427301755050389
55073.2610964064	0.9999298345580192	0.0002427398402165532
55073.281529693246	0.9999761088951219	0.0002427659184991363
55073.3223963667	1.0003066555604208	0.00024277921178557965
55073.342829553076	1.0000835194839246	0.00024275241070675362
55073.38369612513	0.9997324811589186	0.00024272869692317634
55073.40412941081	1.000022347955701	0.00024275527362806854
55073.424562796485	1.0000264626504065	0.0002427526047919165
55073.4449959817	0.9999907450459496	0.00024275011878364226
55073.4858625519	1.0001499933951843	0.00024276879126760288
55073.50629593664	1.0001647999969314	0.00024276889793701723
55073.52672912116	1.0002518472843978	0.00024277956371887116
55073.54716240543	0.9998247893107062	0.00024275296239770406
55073.56759578972	0.999859096762681	0.00024274778400352445
55073.588028973536	1.0001782664045555	0.00024276653804328413
55073.608462257354	1.0005764343181491	0.000242796521423976
55073.62889544093	0.9999851754268909	0.0002427582919650317
55073.64932882405	1.0003115456115284	0.00024277746695322428
55073.6697621074	1.0004754301876448	0.000242792775056878
55073.690195390285	1.0000502037017367	0.00024276264504114015
55073.71062867294	0.9999678408998182	0.0002427506969568682
55073.73106195536	0.9997926301578023	0.00024273123684431523
55073.751495237775	1.0005476728566445	0.000242792104725084
55073.77192841996	1.0001304811212706	0.00024275532149458393
55073.79236180191	1.0001265074201267	0.00024276481821523645
55073.8127950834	1.0001270210033852	0.00024275494209962013
55073.833228265124	1.0000044395305407	0.00024275221239206858
55073.85366164638	1.0000184704263753	0.00024275291737971996
55073.8740949274	1.0004236678695253	0.000242781875440772
55073.89452810842	1.0000396627674009	0.0002427563216863204
55073.91496138898	1.0002638737787495	0.00024277248272385455
55073.935394769534	1.000328593449236	0.00024277678855250272
55073.95582794986	1.0001258518321614	0.0002427633116422435
55073.97626122995	1.0001086380978983	0.00024275958478462006
55073.99669460981	1.0001303690409489	0.0002427646661821045
55074.01712788967	0.9998473570962284	0.0002427396943072771
55074.03756106906	0.9997598995441441	0.0002427427260061934
55074.05799434845	1.0002712346781064	0.00024277294683039248
55074.07842772738	0.9997695695799415	0.000242740479750183
55074.098860906306	1.0001472848268695	0.00024276432979891045
55074.119294184995	0.9998618370793013	0.00024273979017417407
55074.13972756346	1.00003701870314	0.000242755806982771
55074.16016074192	0.999951611251673	0.00024275431268482438
55074.18059401991	1.000332814477103	0.0002427867768625487
55074.20102729791	1.0002604251914866	0.00024276841964703254
55074.22146057544	0.9996926756567917	0.00024273009737876722
55074.262327130265	0.9998745193704243	0.00024274341771188257
55074.282760507325	1.0001779432102245	0.0002427621488265668
55074.30319368416	0.999914878822841	0.00024274743132108678
55074.32362696099	1.000012336895961	0.0002427516262886996
55074.34406013736	0.9996007549216799	0.00024273213917965614
55074.36449351372	0.9998324390539287	0.00024273420138560699
55074.384926789855	1.0000030756726577	0.00024274933162630812
55074.42579334142	1.0003794689845442	0.00024277564777583206
55074.446226616856	1.0004110595730942	0.00024278403618015014
55074.46665989206	1.000413954827874	0.0002427785422639534
55074.487093067255	1.0000290767971285	0.00024275682282023277
55074.507526441994	1.000508157518458	0.00024278281610129595
55074.527959716725	0.9994623500205815	0.00024270813807929193
55074.54839289123	1.0001075074406351	0.00024275092742134506
55074.5688262655	0.9995178329149056	0.00024271524280179566
55074.58925953954	1.0000490948411924	0.00024274696393994312
55074.60969271334	0.9993537820576557	0.00024270554595026163
55074.63012598715	1.0001299473660514	0.00024274894444073844
55074.65055936048	0.9996196022224636	0.0002427175365394083
55074.67099253382	1.000152024781159	0.0002427616439758113
55074.69142580693	0.999670763491318	0.00024271546769138693
55074.711859079805	1.0005136761982947	0.00024278174982126806
55074.75272562485	0.99992928465465	0.00024273878800168603
55074.77315879726	0.9994720674935683	0.00024271015564404332
55074.7935921692	0.9994615027847897	0.0002427072377965567
55074.81402544114	0.9994609646232869	0.0002427060039690308
55074.83445861285	0.9994335044744913	0.00024271042044097185
55074.85489198432	0.9994105313735219	0.00024270497659234508
55074.87532525557	0.9995163515149205	0.00024270908838134583
55074.89575842658	0.9997467544250613	0.00024272472229064856
55074.916191697586	0.999883539590663	0.00024273853921195476
55074.936625068134	0.9998325363313908	0.00024273370469742798
55074.95705823868	0.9997008785960637	0.00024272318116679977
55074.97749150899	0.9998808710975563	0.00024274262612963027
55074.99792487907	0.9992749811515486	0.00024269093340586204
55075.01835814892	1.0001001528913842	0.00024275315949437033
55075.038791318526	0.9992647098267693	0.0002426892745813635
55075.05922458791	0.9996677748993411	0.0002427103647024474
55075.100091126435	0.9993830244808897	0.00024269988154210055
55075.12052439512	0.999840208007289	0.00024272571884995767
55075.140957763804	0.9996316093401919	0.00024271340621191649
55075.16139093225	0.9992674094876429	0.0002426907349314512
55075.1818242007	0.9995726459885891	0.00024270717180925247
55075.202257468685	0.9996319884545373	0.0002427172826697858
55075.222690736664	0.9997976314476875	0.00024273733115067047
55075.243124004184	0.9997319498812085	0.00024271754042224066
55075.263557271704	0.9997718487695489	0.00024271651157066026
55075.283990538985	1.0006943889184263	0.00024278885706199388
55075.30442380604	1.000569657020596	0.00024278518585623999
55075.32485707286	1.0002886605004186	0.00024276223773868832
55075.34529023968	1.0004893101303487	0.00024277548371442768
55075.36572360603	0.9998779486364874	0.00024273203459578992
55075.38615687239	1.0000463594000513	0.00024274130887846695
55075.4065900385	1.0003720864046286	0.00024276771625181598
55075.427023404394	0.9998504087145874	0.00024273330191661304
55075.44745667005	0.9998867618716006	0.00024273271066196448
55075.46788993547	0.9999392896920899	0.00024273316079678845
55075.50875646585	0.9994549096364922	0.00024270443696689355
55075.52918973057	0.999746900788938	0.00024272236909642694
55075.5496228953	0.9996435534254493	0.0002427160391742878
55075.57005625979	1.00026618236967	0.0002427633293496869
55075.590489524046	1.000079634963622	0.00024274030960662595
55075.610922688305	0.9999780601328849	0.0002427359904339897
55075.6313559521	0.9996721981849944	0.00024271354132139993
55075.65178931589	0.9999122842974468	0.0002427336723864477
55075.67222247922	1.000170870877422	0.00024275900474440135
55075.69265574255	0.9999023995700782	0.00024273142636270024
55075.71308910564	0.9998284662508105	0.00024272498016385962
55075.75395553136	1.0001070081643744	0.00024274360035415513
55075.774388793754	0.9999479927847934	0.00024273470583959078
55075.79482205615	1.0002629110269956	0.00024275616611674116
55075.815255318084	1.0001713631155593	0.00024274916600965942
55075.83568858002	0.9998709884010287	0.00024273011820650462
55075.85612194171	0.999877262947103	0.00024272550552910274
55075.87655510341	1.000061344686305	0.00024274759164094001
55075.896988364635	0.999921108255743	0.0002427267879951465
55075.91742172564	1.0001483394785464	0.00024274916762438806
55075.93785488664	0.9997065522323327	0.0002427326457872121
55075.9582881474	0.9998392300805435	0.00024272365721647723
55075.97872140793	0.9999981630933785	0.0002427367144113965
55075.999154668236	0.9995645201303481	0.0002427079733375535
55076.0195879283	1.0000294893792274	0.00024273919328888268
55076.04002118837	0.9999064808046023	0.0002427286814976755
55076.06045444797	0.9996574024959372	0.00024271394339461493
55076.08088770757	0.999821763086835	0.000242727593205988
55076.10132096694	0.9998968331241662	0.0002427288354191167
55076.12175412608	0.9997218686892239	0.00024271132228880619
55076.14218748498	1.0002807217623852	0.00024276168506376993
55076.16262074365	0.9999041350713327	0.00024272610902183607
55076.18305390209	0.9994539351184344	0.0002426959447334392
55076.20348726052	0.9995780258063995	0.0002427102591532562
55076.22392041873	1.000048750061377	0.0002427407974238089
55076.2443536767	0.9998521290341623	0.00024272623117585143
55076.26478693444	1.0001488706256036	0.0002427388062508165
55076.285220191945	0.9996531976303895	0.00024270515253706828
55076.30565344922	0.9996734860082034	0.0002427139278358987
55076.3260867065	0.9998668132702391	0.0002427300866250263
55076.3465200633	1.0003913729595657	0.00024276317813251254
55076.36695322011	1.0002064956353596	0.00024275477687658696
55076.38738647668	0.9996030920346781	0.00024270760818995585
55076.40781963302	1.000287671628632	0.00024275780955308206
55076.428252989135	0.9998754197494086	0.00024271743730944586
55076.44868624525	0.9999251750526184	0.00024273315285917768
55076.469119400885	1.0002533743485595	0.000242751543695805
55076.48955275653	1.0005535456796013	0.00024276868267917255
55076.50998601194	1.0001110527575423	0.00024275033351649482
55076.53041926712	1.0000597770582307	0.00024273846497142152
55076.550852422064	0.9999872873286263	0.0002427368822772169
55076.57128577678	1.000315927677487	0.00024275632539393408
55076.59171903149	1.000303147491533	0.00024275716319368726
55076.612152185735	1.0002478837871336	0.00024275712584266557
55076.63258553998	1.0001304735397853	0.0002427435956837058
55076.65301879399	0.9999985516321233	0.00024273793081331155
55076.673451947776	0.9999337615766767	0.00024273079814811124
55076.693885201326	1.000226286004598	0.00024274392124992914
55076.71431855487	0.9999969353465697	0.00024273166511692924
55076.734751707954	1.0001481620427974	0.00024274238431136924
55076.775618313884	0.9997262960727527	0.00024271485345373094
55076.7960514665	0.9997675206886172	0.00024271168115607827
55076.81648471889	0.9997716348481376	0.00024271670637498208
55076.836917971035	1.0000521376976674	0.00024273154642697473
55076.85735132296	1.0002502772402946	0.00024275209699101794
55076.87778447488	1.0000568758330197	0.00024273595824303164
55076.89821772656	1.0005211557621958	0.00024276527672424954
55076.91865107801	1.0001340617706032	0.0002427455156047343
55076.939084229234	1.000177445686566	0.00024275391388823135
55076.959517480216	0.9999252231110262	0.00024272549012979052
55076.97995073097	1.000077001582444	0.000242738430235807
55077.00038398173	1.0001513472870305	0.00024275107675432407
55077.020817232245	1.0001930693293255	0.00024274269798901576
55077.041250482536	1.0000110243550446	0.00024273507251860307
55077.06168373236	0.9998146343827579	0.0002427191832091604
55077.08211698241	1.00009934259446	0.00024273641579279504
55077.102550232004	0.9999454907038542	0.00024272591019953256
55077.12298338136	1.0000441511841873	0.00024272819916482382
55077.143416730716	1.0001474085790474	0.00024273543422699475
55077.16384997984	1.0008029893882393	0.0002427914213071391
55077.184283128736	1.0000660744061847	0.00024273717628244866
55077.20471647739	0.9996125780882578	0.00024270860894570368
55077.22514972582	1.0000430080000844	0.0002427347919763383
55077.245582874246	1.0000865574017115	0.00024273695906237955
55077.2660161222	0.9998890065708516	0.00024273505518861943
55077.286449470164	0.9997682780486592	0.0002427156379325541
55077.306882717894	0.9998516508588213	0.000242737295711951
55077.32731586538	1.0003338092789889	0.0002427586432738778
55077.34774921265	0.9997729213544096	0.00024272115886871668
55077.36818245968	1.0005710049188759	0.0002427703327174845
55077.3886156067	0.9998084550322138	0.00024272080731889276
55077.4090488535	1.0002835770723106	0.00024275808399707615
55077.429482199834	0.9996747271256008	0.00024271536574067525
55077.44991534616	0.9997122393143956	0.0002427228831612247
55077.47034859249	1.0002989634528834	0.00024275695836536502
55077.49078193836	0.9998518993132882	0.0002427223543696991
55077.53164832962	0.9996884850865093	0.00024270944121774194
55077.55208157502	1.0002323929083907	0.00024275144203684488
55077.57251482018	1.0001800124796743	0.00024274660825383674
55077.59294806512	1.0003173847872056	0.00024276005187921724
55077.61338130982	0.9995863045311475	0.00024269918963575456
55077.633814554516	1.00005449730793	0.00024273267744933855
55077.65424779875	1.000173813482708	0.00024274551179847813
55077.67468094299	0.9996557497704778	0.00024271088603956278
55077.69511418699	1.000019538695264	0.00024273037220864707
55077.7359807743	1.0001887718361422	0.00024273903187427203
55077.75641391783	0.999709258919275	0.00024271137932634906
55077.7768472609	0.9997947895160609	0.0002427183205948051
55077.797280403975	1.0003940747442244	0.00024276126234922828
55077.81771364681	1.000250530642464	0.00024274871898752106
55077.838146889415	1.0004675448706462	0.0002427658289194009
55077.85858023179	1.0000049823573374	0.00024273125889302843
55077.879013373924	1.0004733340288618	0.00024276733267042963
55077.899446616066	0.999778930803296	0.00024271749306819748
55077.91987995774	1.0001309177551287	0.0002427399974512081
55077.94031309941	1.0000450307108875	0.00024273494778624332
55077.960746340854	0.9999176606137529	0.00024273612892772558
55077.981179482296	0.9996303395710715	0.00024271083614073435
55078.00161282327	0.9998224293262225	0.00024272472256117402
55078.02204606401	0.9997872754006631	0.00024271595662721785
55078.06291254526	1.000304874461141	0.00024275737610340707
55078.08334578554	1.0001216220586246	0.00024273758865587416
55078.10377902559	0.9992369822494173	0.0002426829090935788
55078.12421216539	0.9997325771646722	0.0002427154211961501
55078.165078744554	0.9998169027579009	0.0002427290541771307
55078.1855118839	0.9999955318778874	0.00024273178606639073
55078.20594522301	0.9997794938054197	0.0002427263432601861
55078.22637846189	0.999483647936519	0.0002427073812377823
55078.246811600766	1.000378501641811	0.00024276366385361166
55078.26724483918	1.0007145855095552	0.00024278973444152426
55078.2876781776	0.9997299868284586	0.00024272095469526003
55078.30811131578	1.0000024901647886	0.00024273761557944853
55078.328544553726	1.0005798798411902	0.0002427732397843736
55078.348977891445	0.9997712939090277	0.00024271346567704993
55078.36941112892	0.9999874157839552	0.0002427352162538944
55078.389844266174	0.9996079988889616	0.00024270042027565658
55078.410277503426	0.9995978239288283	0.0002427090449535303
55078.43071084044	1.0000192511870867	0.00024273987831984143