55496.562178184744	0.9997912105072645	0.00024415947052553014
55496.58261121791	0.9998168517795252	0.00024416003146777825
55496.60304405097	0.9998301947935707	0.0002441538012547097
55496.62347708414	1.0000784613799794	0.00024418136073998747
55496.64391001708	1.0000706105266732	0.0002441808497188243
55496.664342850025	0.9999738794173018	0.00024416594132629655
55496.68477588296	1.0001030179846357	0.00024417793714857157
55496.7052088159	1.0005478715016907	0.00024421100118761986
55496.72564164861	1.000241880494394	0.0002441935624080993
55496.74607468143	0.9997737160457812	0.0002441549218164097
55496.76650751414	0.9998297345994643	0.00024416749808275445
55496.786940446735	1.000029446335629	0.00024417421209449225
55496.80737347944	0.9999137055311383	0.00024416913575654443
55496.827806311914	0.999880358457496	0.0002441697538215662
55496.84823934439	0.99984509595888	0.00024416517880664946
55496.86867227686	0.9995656598658765	0.00024413956395188542
55496.88910510922	0.9998670324076656	0.000244167657092
55496.90953814158	0.9999438383329706	0.0002441731073615789
55496.929971073936	1.0001702775801138	0.0002441866224075277
55496.95040390606	1.0004158504530734	0.0002442011150543869
55496.97083693831	1.0005297017194676	0.000244211320423668
55496.99126987043	0.9999242696315465	0.00024416492945370037
55497.011702802556	0.999716380637123	0.0002441556040558481
55497.03213573457	1.000539784955174	0.00024421267318659636
55497.052568666455	0.9998840992225771	0.0002441670595784507
55497.07300159847	0.9999296254358264	0.00024417212082654627
55497.09343463036	1.0001377608953277	0.000244176972362835
55497.11386746213	1.000000757347606	0.00024418177575155934
55497.13430049391	0.999867609986045	0.0002441672534119538
55497.154733425574	0.9998074027159756	0.000244163858785485
55497.17516625723	1.0003315718574386	0.00024419951360699044
55497.19559928889	0.9998206944512594	0.0002441569492009225
55497.216032220436	0.9996017148370042	0.00024414665876023347
55497.256898083404	0.9998437294944922	0.000244168186810259
55497.27733101483	1.0002563414887333	0.00024419339695915134
55497.297763846254	1.000052623500534	0.000244179093847473
55497.31819687757	1.000408656183679	0.0002442010437878186
55497.338629808764	0.9999062269880201	0.0002441709271767203
55497.35906263995	1.0000653846578216	0.00024418073703564626
55497.37949567115	0.9998846634391495	0.0002441607105154508
55497.39992860223	1.0001864206535882	0.0002441878128545865
55497.4203615333	1.0005794583087968	0.0002442169791142272
55497.44079446438	0.9999839520519317	0.0002441748659954487
55497.481660326186	1.000526043342187	0.00024421015479629185
55497.50209325703	1.0000105775523584	0.00024416992743501987
55497.52252618788	1.0000923412203975	0.00024417862839897614
55497.542959118604	0.9998660649906937	0.0002441685600525089
55497.563392049335	0.9997931197269032	0.00024415960512327975
55497.583824980065	1.000351768919344	0.0002442061464769528
55497.60425801067	0.999893173534005	0.0002441671904013472
55497.62469084117	0.9995197522660197	0.0002441320411019789
55497.64512387167	1.0001489899250096	0.0002441821772746077
55497.66555680216	0.9998918274838238	0.0002441714217880218
55497.68598963254	0.999848717331298	0.00024416006210585604
55497.706422662915	1.00014772913513	0.00024419022138161647
55497.7268555933	0.9999747152289	0.00024417768246292985
55497.74728842356	0.9997894839119509	0.0002441696659918923
55497.76772145383	1.000131069655516	0.000244185056709987
55497.80858721412	0.9995381828524552	0.0002441484416689455
55497.82902024414	1.0001271653155197	0.00024418230774677675
55497.86988600409	1.0005614212249696	0.00024421670600504187
55497.890319034115	1.0001987668825258	0.00024418877055234676
55497.910751963915	1.0004494219677882	0.0002442062931122176
55497.93118499383	1.000106626822949	0.0002441871336029007
55497.951617823506	0.9999806546056741	0.00024417859266347174
55497.972050753306	0.9999490304028749	0.0002441702681096354
55497.99248378299	1.0000814101324285	0.0002441822091746357
55498.012916612664	0.9999096356975139	0.00024417276085800666
55498.03334954223	1.000048154460783	0.00024418026855384364
55498.0537825718	1.000464847985212	0.0002442112711673211
55498.07421540124	0.9997907095669487	0.00024416559867460334
55498.09464833069	0.9994560426955377	0.00024413808770548304
55498.11508126014	0.9994901962556962	0.00024414623860889186
55498.13551418947	1.000377814664251	0.0002442104231874115
55498.1559471188	0.9998446108308197	0.00024416532586205014
55498.17638014802	0.9999286332272624	0.0002441781364223831
55498.196812977345	1.0000976658160174	0.0002441850351916437
55498.21724600645	0.9997195105372866	0.00024416147589033913
55498.23767893555	1.0002004111855962	0.00024419249747678097
55498.25811176464	1.0000262414330543	0.0002441776368674984
55498.29897772273	1.000051028020715	0.00024418118306452225
55498.31941055159	0.9997322467893672	0.00024415991927054096
55498.339843580456	1.0002171062552798	0.0002441923081895534
55498.360276509324	0.9998103764357167	0.000244164492710797
55498.380709338184	0.9999338592476275	0.00024417630693317633
55498.401142366936	0.9995011683628771	0.00024414011233725203
55498.42157529557	0.9995962103178507	0.0002441408605602477
55498.4420083242	1.000008984031302	0.0002441744057729
55498.48287408147	0.9994504577150972	0.00024414205984019674
55498.50330710998	1.000012178084015	0.00024417650389923866
55498.523739938384	1.0003548691950952	0.00024420197013848
55498.5441728669	0.9999700833927493	0.00024417444653979456
55498.56460589518	0.9997662601033714	0.00024415746337076363
55498.585038723584	1.0003736827912753	0.00024420987443641673
55498.62590468015	1.000210810471848	0.0002441946659332973
55498.64633760832	0.9999795244024854	0.00024417637485001423
55498.66677043649	1.0003022612915367	0.0002441970853957528
55498.687203464535	1.000016710149792	0.0002441821509121133
55498.707636292704	0.9992488594124008	0.0002441204431488329
55498.72806932064	0.9997014648546199	0.00024415118784198455
55498.74850224869	1.0002631302485945	0.0002441927442371562
55498.768935176624	1.0000179290713824	0.000244186772125368
55498.78936810444	1.000046176925394	0.00024417948018441965
55498.809801032374	1.0001712038961872	0.00024418952714046465
55498.83023386008	1.0000021922039002	0.00024417580735751413
55498.8506668879	1.0001336716273268	0.0002441862937646653
55498.871099815595	1.0002759018757075	0.00024420478396923895
55498.8915326433	0.9997852282347681	0.00024416066218825843
55498.91196567088	1.0002148866954845	0.000244193770410834
55498.93239859847	0.9995651255745605	0.00024414822579088314
55498.95283142594	1.0001264732056927	0.00024418950566532235
55498.973264453525	0.9997795355272083	0.00024416339365312506
55498.99369738087	0.9997992813622364	0.0002441670519185755
55499.014130408344	1.0003294555104763	0.00024420852968857495
55499.054996163046	1.0000946180594534	0.00024418882420360077
55499.075429190285	1.000172473326251	0.0002441888810942338
55499.09586201752	1.000088042888056	0.0002441906048672731
55499.11629494475	1.0003119432810375	0.000244200562900698
55499.136727971876	0.9998453393579501	0.0002441736366244641
55499.15716089899	0.9996313669111692	0.00024415625340380275
55499.25932553378	0.9996553884557869	0.00024416504486550353
55499.27975846066	0.9999365119538551	0.00024418063844470843
55499.320624314205	0.9995065681619724	0.0002441512312448925
55499.34105724097	0.9997520705401473	0.00024416568874280077
55499.38192309428	0.9999340308448722	0.0002441824022680988
55499.402356020815	1.000053902829188	0.0002441899109030955
55499.422788947355	0.999845079728494	0.0002441809111503879
55499.443221873895	1.0006931766196263	0.00024423558998576677
55499.46365480031	0.9999494306883692	0.00024418087076777346
55499.484087726734	1.0000436132606985	0.0002441890054176993
55499.50452065316	0.9997474030986951	0.0002441755399332164
55499.52495367946	0.9999541768080333	0.00024418839505825466
55499.545386505764	1.0004260885898815	0.0002442155717456689
55499.56581943207	0.999730873613212	0.0002441775573000162
55499.586252458255	1.000225482802813	0.00024420901559886097
55499.606685284445	0.9996645925549669	0.00024416255123621946
55499.62711821052	0.9997932711297801	0.00024417196903612197
55499.64755123659	1.0005724832091332	0.00024423614457522337
55499.66798416266	0.9999234809170418	0.000244183430578296
55499.688416988734	0.9997814382125376	0.0002441730772120042
55499.708850014686	1.0000485642445114	0.0002441950977280883
55499.72928294053	0.9997820060275556	0.00024417430366019627
55499.749715866485	0.9994284529028788	0.00024415458546897214
55499.77014879232	0.9993899663093591	0.0002441459008719797
55499.79058171816	0.99960006428617	0.00024416142502618196
55499.8314475696	0.9992173824255626	0.000244135341228098
55499.85188049533	0.9995126794333762	0.00024416478730572734
55499.87231352093	0.9994819775561299	0.0002441582618934981
55499.89274634654	0.9998532912512762	0.0002441791562228396
55499.913179272145	0.9996537798915031	0.00024416940649919273
55499.93361229764	0.9996123232251837	0.00024416588038521283
55499.99491107398	0.9992288730103911	0.0002441406615617607
55500.05620974988	0.9996244084371944	0.0002441714901028667
55500.07664267513	0.9996267000105561	0.00024416944454599146
55500.09707570039	0.9993228183027569	0.00024415366510128594
55500.13794145067	0.9997605604688425	0.00024418356822780864
55500.17880740084	0.9994112428903404	0.00024416033279574305
55500.199240225855	1.0000121186808715	0.0002441990614585559
55500.24010617567	0.9996713325018659	0.00024418301578721683
55500.26053900058	0.9996083005767846	0.0002441734873365754
55500.28097202549	0.9999552912002397	0.0002442027004517976
55500.301404950274	1.0002440992209451	0.00024422784770442214
55500.342270799745	1.0001691562274022	0.00024422012089948104
55500.36270372453	1.0007774497105812	0.00024427261910548023
55500.38313674921	1.0005956685320754	0.00024425519633222275
55500.40356957377	0.999858778865916	0.0002442029620285638
55500.42400249832	1.0000093984781389	0.0002442184083231002
55500.444435522884	1.000352944061332	0.0002442337143291453
55500.464868347444	1.0000489483040154	0.0002442160361756241
55500.48530127188	1.0004763158692094	0.00024425161152581416
55500.50573429633	1.0001607688065162	0.00024423083813386365
55500.52616712077	1.0001225610362736	0.00024422947093001064
55500.54660004509	1.0002279185711354	0.00024422815872328206
55500.56703306942	1.0003031655968266	0.00024423148543497274
55500.58746589375	0.9996725121814236	0.0002441926588641148
55500.60789891795	1.000081477532495	0.00024421670874699675
55500.62833184216	1.0000506476807312	0.0002442188095605868
55500.648764766374	1.0000060807012836	0.00024421328997159666
55500.66919769046	0.9998963998192945	0.0002442095774651945
55500.68963061456	1.0001765523891875	0.00024422445136724173
55500.71006353865	0.999799465734404	0.00024420123045972096
55500.73049646274	0.9997515518703564	0.0002442002341510479
55500.75092938672	0.999441723631551	0.0002441807245672767
55500.7713622107	1.0000791404381104	0.0002442223896697978
55500.79179523455	1.0000510121195043	0.00024421919001032453
55500.812228158415	1.0000597695490168	0.00024421343165412283
55500.85309400613	1.0001299326702542	0.0002442254794429802
55500.87352692988	1.0001104961482403	0.0002442241071872079
55500.893959953624	0.9995665511259896	0.00024418127160957836
55500.91439277736	0.9998929874475503	0.0002442099027405601
55500.93482570099	0.9999188720165522	0.00024421116862875314
55500.955258724614	1.0000683052012225	0.0002442281020118936
55500.97569154824	0.9999258926942949	0.0002442110965613888
55500.996124471756	0.999787092081646	0.0002442069330440771
55501.036990318775	0.9996078558653846	0.0002441962321983942
55501.05742324229	1.000335126597632	0.0002442524940219703
55501.07785626568	0.9997642396811248	0.0002442034085428844
55501.098289089074	1.0000104537077348	0.00024421989051587556
55501.118722112355	0.9999200748014067	0.0002442128872935667
55501.13915503575	1.0001345307301364	0.0002442292258454237
55501.159587959024	1.0000772050924784	0.0002442242068467002
55501.18002088219	0.9997541522633225	0.00024419776107810763
55501.20045380546	1.0000226275375563	0.00024422265748918836
55501.220886728624	0.9998506607636904	0.00024421133688728563
55501.24131965179	0.9999042436259836	0.00024422062478880393
55501.261752574836	1.0002645059059487	0.00024423610577966465
55501.282185497876	1.0001414259311965	0.0002442316879832514
55501.30261842092	0.9991889190952211	0.0002441663163630682
55501.343484266894	0.9996253596022958	0.0002441902626346886
55501.363917189825	0.9997850771931746	0.0002441981277915086
55501.384350112756	0.9996452783439788	0.00024419443788022886
55501.404783135564	1.0000583159872902	0.00024422532792091486
55501.425215958494	0.9998059752420964	0.0002442094894358153
55501.445648881185	0.9998664262803726	0.00024420773807344175
55501.466081904	0.9995111163999091	0.00024418310710203604
55501.4865147267	0.999525625746433	0.0002441860561263646
55501.506947649395	1.0000253922956204	0.00024422246086899845
55501.52738067209	1.0003079845801919	0.00024424592122457723
55501.54781349467	1.0000165369032519	0.00024422505795715664
55501.56824641736	1.0005449556521107	0.0002442708923475584
55501.609112262406	1.0000428008145803	0.00024422986766817537
55501.629545284864	1.0004222778803638	0.00024425563286673056
55501.64997820733	0.9999617266368831	0.00024422113738364
55501.670411029794	0.9997885405678737	0.0002442069168063992
55501.69084405225	0.9997356175555652	0.0002442116738241391
55501.7112769746	1.0004266206278851	0.0002442564721220071
55501.752142819176	0.9999804284406231	0.0002442258614014543
55501.772575741525	1.0003418463961269	0.00024424544929962363
55501.813441585866	1.0001164567560568	0.0002442351460919382
55501.8338745081	0.9999949173430164	0.0002442228361193264
55501.854307530215	0.9999674662276998	0.00024422155316924764
55501.874740452324	0.9997722083083739	0.0002442055748633102
55501.89517327444	1.0000190226624222	0.00024422310002614975
55501.91560629644	0.9999431544667612	0.0002442183304258515
55501.97690506243	1.000077185790777	0.000244230309393339
55501.99733798431	0.9999621795028717	0.0002442257134689658
55502.03820382807	0.9999662988916689	0.00024421969771766424
55502.05863664983	1.000244337698907	0.0002442480194673692
55502.079069571715	0.9997429732381069	0.00024420278777227054
55502.09950259348	0.9999274148866031	0.00024422138449777463
55502.119935415125	0.9996905265105094	0.00024421091894139744
55502.14036843573	1.0000785548964122	0.00024423366440547617
55502.16080135738	1.0000352798497505	0.0002442254740258057
55502.24253304385	0.9998080068302335	0.00024421556730510984
55502.262965965325	1.0002190809123073	0.00024424090338593415
55502.2833988868	1.0000532669515634	0.000244232485303039
55502.30383180827	0.999709919292604	0.0002442058353599686
55502.344697651104	1.0002118866361636	0.00024424203633166655
55502.36513067246	0.9998471546366294	0.0002442165355058427
55502.38556359376	1.0002812438643744	0.000244256502413194
55502.40599641512	1.0001715491448038	0.00024424843414100876
55502.42642943635	0.9996478065925525	0.00024420970958341953
55502.446862357596	0.9998922686197219	0.00024422447152929556
55502.46729517884	1.0003896891192785	0.0002442568500788342
55502.487728200016	1.0002338928123626	0.00024424670083149954
55502.5081611212	1.000210721612839	0.0002442579971481002
55502.52859394233	0.9998024528521479	0.0002442161337560285
55502.56945988446	1.0001847981072196	0.0002442500047466692
55502.589892705524	1.0003092750726883	0.0002442661196974326
55502.61032572653	1.000039490496533	0.0002442339883563784
55502.63075864754	0.99994327285213	0.0002442337168015517
55502.65119156848	0.9998964248072315	0.0002442313785348748
55502.671624489376	1.0007338496141316	0.00024429573787892707
55502.69205741033	0.9999797845784976	0.000244226308798282
55502.712490331156	0.9995192775534179	0.00024419474817512975
55502.73292325199	0.9996196352534361	0.0002442059109658639
55502.75335617283	1.000212127815139	0.0002442488939447761
55502.7737890936	0.9999933192962764	0.00024423018033521373
55502.794222014374	0.9999263443897465	0.00024422863033584123
55502.81465493509	0.9999510652899305	0.0002442327468960978
55502.835087855805	0.9996062701827001	0.00024420197298792524
55502.87595379713	1.0002099083642848	0.00024424914348017635
55502.89638671772	0.9996505101821731	0.00024421605476683273
55502.95768547941	1.0002113851616272	0.000244250997025104
55502.97811829989	0.999696298095854	0.0002442081101225646
55502.99855132038	0.9997860717277316	0.0002442240231327686
55503.039417061285	1.0003242080199304	0.00024426520084776325
55503.059850081656	1.0000954879104238	0.0002442462070759997
55503.10071582239	0.9998565873976983	0.00024422468698683816
55503.1211488427	1.0001300866409164	0.0002442472075812478
55503.141581763004	0.9998606988201875	0.0002442272571986688
55503.16201478326	1.0000080327777872	0.00024425555559293
55503.18244760345	1.000046013497908	0.00024424528080717426
55503.2028805237	0.9997137371030751	0.0002442206032698786
55503.223313543895	1.0002365589791047	0.0002442554352381331
55503.24374636403	1.000091203214241	0.0002442513308548803
55503.26417928416	1.0001496946760573	0.00024425275047795726
55503.2846122043	1.0002298906389075	0.0002442563672173981
55503.305045124376	1.0001512628379248	0.0002442529153691402
55503.32547804439	0.9999327808001505	0.00024423897001077665
55503.34591106441	0.9999179150628876	0.0002442342963901474
55503.36634388443	1.0003515404155077	0.00024426420647964724
55503.386776904386	0.9997480898302595	0.0002442182095809817
55503.40720982435	1.0002007334934846	0.0002442560538168016
55503.42764264425	1.0001563863262903	0.0002442560800484513