55390.28846665844	1.0002011208377768	0.00024397280721359356
55390.308900406875	0.9996650620030935	0.00024393277277745122
55390.329334354836	0.9998657480678177	0.00024394429041792369
55390.3497682028	1.0000280155412737	0.0002439622941257167
55390.37020205054	0.9997029238348729	0.00024394804718717197
55390.39063589803	0.9996232980405335	0.00024393141318539892
55390.4110697453	1.000183275489396	0.00024396908700911738
55390.43150369257	0.9999097483687338	0.00024395999341199676
55390.47237128617	0.9997895613467324	0.00024394744473236435
55390.49280523274	0.9997647201069173	0.0002439522031242048
55390.51323907907	1.000147337976662	0.00024397613060144296
55390.53367282517	1.0000603947179474	0.0002439746775635798
55390.554106771044	0.999849978013792	0.0002439637066482137
55390.574540516674	1.0001804573299162	0.00024398222492768624
55390.59497436231	1.000137248674289	0.00024398226806047668
55390.61540830772	1.0003164432873985	0.00024399468538446742
55390.635842052885	0.9993794947782269	0.00024393853811838345
55390.656275897825	0.9998477658796284	0.00024396105783649677
55390.67670984253	0.9995981271072948	0.00024394898593690445
55390.697143587	1.00042639585761	0.00024400465234612867
55390.71757743124	0.9997923264037701	0.00024396378469707615
55390.738011375484	0.9995311960537916	0.00024394562778441982
55390.75844511925	0.9995985867392206	0.00024395187499223338
55390.77887906303	0.9999936101650172	0.0002439810346265852
55390.819746649875	0.9999540214422443	0.00024397123951612232
55390.86061443603	1.0003066784667827	0.00024401665844565667
55390.88104827887	1.0003834869729278	0.00024400894117019946
55390.90148212125	0.9995572920117327	0.0002439614523462323
55390.92191596363	0.9999643641822302	0.0002439871357765589
55390.942349805766	1.0001269512392004	0.00024399961958245075
55390.96278364768	1.0000790245886748	0.00024399561731265338
55391.00365133103	1.0001430992715106	0.00024400225161074512
55391.02408527225	1.000548104238316	0.000244033330522211
55391.04451901346	1.0000909134256808	0.00024400751729421004
55391.06495285444	1.0001091825537813	0.00024400707952465045
55391.08538679519	1.0001609751237182	0.00024401104911919586
55391.105820535704	0.9999531677553805	0.00024400460488489858
55391.12625447598	1.0005911900691429	0.00024404031886327045
55391.146688316265	1.0001947428893936	0.00024401592976649642
55391.16712205608	1.0002467734386118	0.00024402834468350188
55391.18755599589	1.0003361243145132	0.00024403103766209785
55391.20798983548	0.999969751272942	0.00024400141272727755
55391.22842357483	0.9999671353755951	0.00024401241448491513
55391.24885751394	0.9999183390619567	0.0002440044717210135
55391.26929135283	0.9999935984757561	0.0002440105807127625
55391.28972509148	1.0001433410928902	0.00024402310699268278
55391.31015903013	0.9999466054998007	0.00024401305483961805
55391.33059276855	1.0004121453351624	0.00024404254545677955
55391.351026606506	0.999812061354343	0.00024400202280687453
55391.371460544455	1.0000330402356068	0.00024401977721392004
55391.39189438241	1.0003340908029332	0.00024404781016040432
55391.4123281199	0.9998434727378586	0.00024400828141537162
55391.43276205715	0.999998542896589	0.00024402314009078514
55391.453195894406	1.0005053749630082	0.00024405587813153571
55391.47362973119	0.9995959232686141	0.00024400025495973594
55391.49406356798	0.9999996937382808	0.00024402911772354894
55391.51449740454	0.9994393926575235	0.00024399243335405962
55391.55536507695	1.0002631211080164	0.00024404681516224843
55391.57579891304	0.9999212672870545	0.0002440288270510906
55391.61666658429	1.0004170032401096	0.00024406249416746527
55391.637100419684	1.0001420646161827	0.00024404572277343878
55391.65753435461	1.0000164977359012	0.00024404656675860529
55391.677968089534	1.000227444353497	0.00024406242708097887
55391.69840192446	1.0001293629570402	0.00024405864253932647
55391.71883585892	1.00028249978757	0.00024406141139873193
55391.73926959315	0.9999614832129965	0.00024404885551725553
55391.75970342738	1.0001185153191328	0.00024407709541326262
55391.78013736137	0.9999134622847748	0.00024404409051172584
55391.80057109513	1.0003142463215193	0.00024407155741465632
55391.821004928664	0.9998030714797013	0.00024404800794205044
55391.84143886196	0.9997954418143424	0.00024404863589583278
55391.86187269502	1.0002068461813522	0.00024407526386642126
55391.88230652809	1.0002803040646284	0.0002440783654928103
55391.90274036068	0.9998187636653229	0.00024405071807425882
55391.92317419328	1.0005513650737279	0.00024409867043524613
55391.94360802565	1.000259898682948	0.00024407725234837629
55391.96404185778	0.9999523999889304	0.00024405790336635364
55391.98447558968	0.9997393283386876	0.00024404649303682565
55392.025343352776	0.9999450163716633	0.00024406511438234131
55392.04577718421	0.9998354003878542	0.0002440499890929096
55392.06621101518	0.9996439563636655	0.00024403968321213515
55392.086644846146	1.000118933667146	0.00024408227267739852
55392.10707857688	0.9999150496780395	0.00024406204577973883
55392.12751250739	0.9998655804842734	0.00024405645484138668
55392.168380067924	1.000264444123952	0.00024408342370672365
55392.18881399773	0.9998302883542544	0.00024405251663747277
55392.20924782753	0.9997726546599193	0.00024405411269348484
55392.250115486444	1.0001202607588269	0.00024407969759825834
55392.270549315544	0.999838605106179	0.00024405431740318447
55392.31141697306	1.0002287942071308	0.00024408452750218163
55392.33185080146	1.0002239134151454	0.0002440791762394196
55392.352284729874	0.9998240752701512	0.0002440605264984265
55392.37271855805	0.9999603323982091	0.00024406791363190043
55392.39315228575	1.0006117837234583	0.0002441180820326398
55392.413586213464	0.999985573072661	0.0002440739721974237
55392.43402004117	0.9997821418534192	0.0002440559612907857
55392.45445376841	1.0001773236883926	0.00024409430665824061
55392.474887695425	0.9998304730242908	0.00024406439212267745
55392.49532152244	0.9996083136310683	0.00024404556636402778
55392.536189175524	0.9999091950540131	0.00024406984652625805
55392.55662300183	1.0002557978082272	0.00024409516900517964
55392.57705692791	0.9996435990566305	0.00024405046988678353
55392.59749065376	1.0000620393573632	0.0002440839007106973
55392.617924479375	0.999885862793441	0.0002440733913539123
55392.63835830498	1.0002267587786566	0.0002440961127899048
55392.65879213013	0.9998775972064889	0.00024406592623510697
55392.679225955275	0.9998608998733373	0.00024406749508532256
55392.69965978019	1.0000187828061635	0.00024407700803526488
55392.720093604876	0.9997904722897341	0.00024405780529222827
55392.74052742933	0.9994651323518484	0.00024404136423096737
55392.76096125354	1.0002923047273848	0.00024410634552684738
55392.781395077756	0.9995837094974107	0.00024405416148354938
55392.822262725254	0.9998869954797694	0.0002440754381095117
55392.84269654854	1.0002026854144004	0.00024409289964679392
55392.86313037183	1.0000671002115724	0.00024409111829242798
55392.883564194875	0.9999687925148644	0.0002440841671286203
55392.90399801793	0.9995900166593146	0.00024405897422107522
55392.92443194051	0.9997563135428964	0.00024407112755005505
55392.94486576287	1.000090114668574	0.0002440938961815282
55392.96529948522	0.9999304250473128	0.00024408047617667446
55392.98573340734	1.00015568614791	0.00024410902236337808
55393.006167228996	0.9999666276044884	0.00024408666968038894
55393.02660095065	0.9995677766545508	0.00024405829383947422
55393.04703487207	0.9997597006361976	0.0002440748658093604
55393.067468693494	1.0001572746603749	0.0002441029053728065
55393.08790241445	0.999539344487061	0.00024405973324276317
55393.10833633517	1.000196810290025	0.00024410253454670343
55393.1287701559	0.9995796625462398	0.00024406772787407898
55393.14920387639	0.9999625446433477	0.00024409616124947698
55393.169637796644	1.0002147070020486	0.00024409784110178046
55393.19007161667	0.9997634693053687	0.0002440768772266147
55393.210505436466	0.9998216236135155	0.00024407998680614783
55393.23093925602	1.0002145537227398	0.00024411278997239967
55393.25137307535	1.0002641773601746	0.00024412419741422074
55393.27180689468	0.9999655155795015	0.00024408597739233732
55393.292240713534	0.99983925525625	0.00024408932303454702
55393.3126745324	0.9997775375525574	0.00024408849575044989
55393.33310845103	0.9995565313753194	0.00024406232590712434
55393.35354216942	0.9998373942691281	0.00024409042202831058
55393.37397598758	1.0001730226416015	0.00024410839688454646
55393.39440980575	0.9998740731296119	0.00024409141234414683
55393.41484362344	1.0004585817762828	0.0002441339293859343
55393.43527744114	0.9998251809268286	0.00024408849461408973
55393.45571135837	0.9996952285096994	0.00024407725398156713
55393.4761450756	0.9995882848327519	0.00024406678045957818
55393.4965788926	0.9998518830128025	0.00024408830469215063
55393.51701280937	0.9998499010627917	0.00024409196493874508
55393.537446525894	0.9996034741340759	0.00024407488145802603
55393.55788034243	0.9997853044982009	0.0002440880858660486
55393.5783142585	0.9992803157416751	0.00024405286149986176
55393.59874797456	0.999745781921604	0.0002440831995978342
55393.63961570577	0.9994434117374915	0.000244071375205732
55393.66004942113	0.9991943931873858	0.00024405665256485066
55393.68048333627	0.9997696770513238	0.00024409274854719372
55393.700917151175	0.9993341858371507	0.00024406508839206988
55393.72135086607	0.9996291693213496	0.0002440871795388722
55393.74178478051	0.9996578451988504	0.0002440915541104233
55393.76221859495	0.9992608907369417	0.00024406012149644842
55393.80308622289	0.9995569621363012	0.00024408189702292477
55393.82352003663	0.9995076894366723	0.00024407909469429482
55393.84395385013	0.9994023154095825	0.00024406694756374847
55393.86438766364	1.000037849197522	0.00024411144433746608
55393.884821476684	0.9995867972971098	0.0002440934254177879
55393.90525528972	0.9996168947440393	0.000244080378090214
55393.9256892023	0.9995563875455833	0.00024408815681661587
55393.94612291487	0.9998811855451781	0.00024411319402421524
55393.96655672721	1.000104644059742	0.0002441247933551804
55393.98699063932	0.9994841989286806	0.00024408763845428449
55394.0074243512	1.0000166245301587	0.00024411972945286668
55394.02785826284	1.0003301575588168	0.0002441415422811701
55394.04829197425	0.9999767780421956	0.00024411675335572167
55394.06872578566	1.0005745108383752	0.00024416141285667014
55394.089159696836	0.9999318083030739	0.00024412092068720544
55394.10959340755	1.0002184693433487	0.00024413593502821483
55394.13002721826	1.0000005009883077	0.00024412149339629548
55394.15046112874	1.0003230520972222	0.00024414807959100996
55394.170894838986	0.9999339261974046	0.0002441229896146339
55394.191328649234	1.000060435186369	0.0002441300630875716
55394.21176255901	0.9999558418725164	0.00024412292524328768
55394.23219626856	0.9999930129705096	0.00024412276115167906
55394.25263007811	0.9998363808943491	0.00024412596340134382
55394.27306398742	1.0003241425807432	0.0002441516985651229
55394.293497796505	0.9997651312208446	0.00024411735428034152
55394.313931505356	1.00005275445655	0.0002441324945535432
55394.33436541397	1.0000848231705304	0.00024415078800971857
55394.354799222354	1.0001562497814076	0.0002441438052803996
55394.375232930506	0.9998051624548786	0.00024412333012394018
55394.39566683865	0.9996448305228421	0.000244114905482641
55394.41610064634	1.0002676195330455	0.00024415904194135054
55394.43653455402	0.9996870905751689	0.00024411973787612736
55394.456968261475	1.0001028391031992	0.0002441534318573576
55394.4774020687	0.99985141247156	0.00024413746630638726
55394.49783597568	0.9997643409196372	0.00024412844331877297
55394.518269682434	1.00000427756669	0.00024413995420883
55394.53870348919	1.0000672156042147	0.0002441539717945475
55394.559137395474	0.9999652875186926	0.0002441494871721255
55394.57957110176	1.0003265665147214	0.00024417191200626457
55394.60000490782	1.0003006399958012	0.0002441720189124708
55394.62043881341	0.9997837406973367	0.000244136181410744
55394.640872519	1.0001435149404478	0.00024416523167424334
55394.66130632436	0.9998161470623099	0.0002441390556684792
55394.68174022971	1.00057516362505	0.0002441990116146738
55394.7021739346	1.0000799541342575	0.00024416268313407857
55394.722607739495	1.000283108016002	0.00024417423743909226
55394.76347534834	1.0001555785713923	0.0002441732415087524
55394.78390925254	0.9999180751199838	0.0002441550849519901
55394.804343056494	1.000785276333843	0.0002442201851996874
55394.82477676022	1.0001942982089824	0.0002441827961585043
55394.84521066372	0.9998841163174861	0.0002441654310738581
55394.865644466976	0.9999468082170195	0.00024417077474852433
55394.88607817024	0.9998011736422407	0.00024416347363867747
55394.90651207304	0.9997039672424834	0.00024415147028110254
55394.92694587583	1.0001750896440087	0.0002441917663635992
55394.94737957839	1.0003445713400945	0.0002441981867975786
55394.967813480725	0.9998272554450393	0.00024416152816592946
55395.00868098468	0.9997927549346478	0.0002441468735797277
55395.02911488632	0.9998111528836974	0.00024415456172179745
55395.04954868771	0.9997169089645347	0.000244143378727839
55395.06998238911	1.0000048253639444	0.00024417339411812896
55395.09041629028	1.0001084345391114	0.0002441741990177454
55395.110850090976	0.9999227820159378	0.0002441633918003273
55395.13128399168	1.0000205484912352	0.00024417434722930764
55395.15171769215	1.0000748595178819	0.0002441761060069009
55395.17215149238	0.9999836146812017	0.0002441718337772954
55395.192585392615	1.000255395602541	0.0002441902066992535
55395.213019092385	0.9999502857840847	0.0002441716438516501
55395.23345289192	1.000053569561179	0.00024417796282023407
55395.253886791455	1.0004434593469054	0.0002442065731833944
55395.27432059076	1.0002234907773289	0.0002441880690356084
55395.294754289826	0.9999593727968216	0.0002441708027604469
55395.315188188666	1.000237583011295	0.0002441908980824407
55395.335621987266	1.0000569152742844	0.0002441784558940185
55395.37648958378	1.0000165004366364	0.0002441757311981791
55395.39692338192	0.9995983449623146	0.00024415327833462487
55395.41735707959	0.999893382943147	0.00024417411019322195
55395.43779097727	0.9993546716280803	0.0002441348189849061
55395.45822467471	0.9999965447528342	0.0002441789320697523
55395.47865847191	0.9999232141603449	0.0002441769470205099
55395.49909236889	1.0000446131348362	0.00024418143749362444
55395.51952606563	0.9999050964856138	0.00024417554022566435
55395.53995996214	1.0002843638892287	0.0002441967013597963
55395.56039375842	0.9996477897878947	0.00024416211605076624
55395.580827454694	0.9996486100154643	0.0002441648271854479
55395.601261350734	0.999998746835546	0.0002441827907853946
55395.621695146314	1.0008662212317743	0.0002442498396869767
55395.642128941894	0.9998923465379557	0.0002441862007065886
55395.662562737234	0.9997587464856205	0.0002441781197410686
55395.68299653235	1.00040008027443	0.00024422031553674426
55395.70343032722	0.9998969061636931	0.00024417749374399484
55395.723864122105	0.9999012776230428	0.00024417817844730745
55395.74429791652	1.0001460885969389	0.00024420056582102385
55395.76473171094	0.9998826545838316	0.00024417890743512786
55395.78516560488	0.9998973148782764	0.0002441820625079286
55395.80559929883	0.9996750353261004	0.00024417545301755794
55395.82603309254	0.9998979811820822	0.00024419067502444024
55395.846466986026	1.0003044124714697	0.00024421398692462136
55395.86690067928	0.9996581744415997	0.000244170037746478
55395.88733457252	0.9994212989923964	0.0002441597430893886
55395.90776836531	0.9996918757047136	0.0002441760197907309
55395.928202058094	1.0000888145028468	0.00024420307276623024
55395.94863595041	1.0002451211645091	0.00024421386022072464
55395.96906974273	0.9999088932982457	0.0002441919432139023
55395.989503434816	0.9999187013032015	0.00024418771898199746
55396.009937326664	1.0000750750441252	0.0002441982840220785
55396.030371118286	0.9998599423406572	0.0002441953262655049
55396.050804809674	1.0002254115466416	0.0002442196195354835
55396.071238700824	1.0000265599229687	0.00024419155886684375
55396.09167249198	0.999828633115703	0.0002441866431405597
55396.11210628267	0.9998997655161279	0.00024418959195770287
55396.132540073355	0.999475961828878	0.0002441592851499017
55396.15297386381	0.9999837218404822	0.00024419771670922683
55396.17340755404	1.0001418642354636	0.00024420893135684884
55396.19384144402	1.0000170316550663	0.0002442001197707511
55396.21427523378	0.9996020072960119	0.0002441648029906245
55396.23470902331	1.000133280732145	0.00024420075135167405
55396.255142812595	0.9999936530875457	0.00024419837283273284
55396.27557660189	1.0001687704058158	0.0002442084863147545
55396.29601049072	0.9997756116172313	0.00024418775554223396
55396.33687796813	1.000157712020509	0.00024421407575274574
55396.3573118565	0.9998976422168362	0.0002441968921509974
55396.37774554462	1.0004656158706418	0.00024423377990349324
55396.398179332515	0.9999217230319212	0.00024419556721121956
55396.41861322018	1.000126818270906	0.0002442032025261285
55396.4390469076	1.0003521439181164	0.0002442246860994058
55396.45948069503	1.0000041834976903	0.0002441982217042902
55396.47991458223	0.999901850496919	0.0002441945326221238
55396.50034826896	0.9996987284896504	0.000244182973101763
55396.52078205569	1.000059296802328	0.00024420820257691904
55396.54121594219	1.0004654109656903	0.00024424285433103526
55396.56164962845	0.9999752259501636	0.0002441993249891446
55396.58208341448	1.0005825111824427	0.00024424566808443725
55396.60251730052	0.999951334266474	0.0002441989144613084
55396.62295108608	0.9998660803892694	0.00024419178732362415
55396.64338487165	0.9999618103482203	0.00024420025487141724
55396.66381865675	1.0002719358044039	0.0002442247324859043
55396.684252441846	0.9995487485669737	0.0002441774595820175
55396.704686226716	1.0001255197066832	0.00024421370495714286
55396.72512001135	0.9999764113546081	0.0002441970651078914
55396.74555379575	1.0000200085029392	0.0002442049793559939
55396.76598767992	0.9998508553653368	0.00024420211805084547
55396.78642136386	1.0001469277460493	0.0002442101992019171
55396.80685514779	1.0000157218623686	0.0002442038868756524
55396.827288931265	0.9998821215040975	0.00024420033863129404
55396.84772271474	0.9998961523930195	0.00024419808964193916
55396.86815649797	0.9994443626203282	0.0002441652176090636
55396.888590280745	0.9999384428233921	0.00024420061672905696
55396.90902406352	1.0000701213246086	0.0002442118750776374
55396.92945774605	0.9996592738053683	0.0002441790560439172
55396.949891628596	0.9998336699502662	0.00024419004182481274
55396.97032541067	0.999849025069923	0.0002441963352936671
55396.99075929251	1.000051497550441	0.00024420704184381176
55397.01119297435	1.0002585022662807	0.0002442188386489599
55397.03162675572	1.0003021692313614	0.00024422641072525475
55397.0520606371	1.0001348247640194	0.00024421673753525185
55397.07249431824	0.9999513180337614	0.0002442061093510097
55397.092928099155	0.9999214308202965	0.00024420006136337247
55397.11336197983	0.9998906658464475	0.0002442016218226131
55397.133795760274	1.0002861607650668	0.0002442281276602716
55397.15422944071	1.0005576210007074	0.00024425851685967406