55709.030988183265	0.9999575393116227	0.00025352691577881916
55709.051422403296	1.0004539575659914	0.000253556520284536
55709.07185662309	0.999745373027157	0.0002535047597302302
55709.092290943	1.0001856767899693	0.0002535367239537809
55709.11272506268	1.0000125428852287	0.0002535297869262604
55709.133159282355	0.999831187701465	0.00025350981027922654
55709.1740277216	1.00010539178529	0.00025354197241005843
55709.19446194104	1.0000919224410558	0.00025354153235235315
55709.23533047982	0.9999250575436041	0.00025353093915505827
55709.25576459903	0.999682206582984	0.0002535160424262275
55709.27619891825	1.00015398641378	0.0002535535906738496
55709.296633137346	0.9999452073942692	0.0002535428353348167
55709.31706735644	0.999929004463997	0.0002535391572858145
55709.337501575304	0.9998145591747932	0.00025353742047987734
55709.35793579429	1.0002650650527987	0.00025357679255287233
55709.37837011303	1.0002420641451109	0.0002535752539854975
55709.398804231896	0.9998634981980621	0.00025354531690523766
55709.43967276916	1.000063786222813	0.0002535742543689209
55709.46010688767	1.0001182798320074	0.0002535767634584435
55709.48054110619	0.999965925372976	0.0002535726056560713
55709.500975424584	1.0004671916825052	0.0002536130415697257
55709.52140954287	1.0001623515765392	0.00025359511424759154
55709.54184386115	1.0000212842961107	0.00025358832192112974
55709.56227807931	0.999370016277611	0.00025354372910255644
55709.58271219748	1.0002500986980472	0.0002536190094941054
55709.603146515525	0.9993518686491147	0.0002535590428563482
55709.62358073346	1.0001474489982303	0.0002536158551557961
55709.64401485128	0.9999149825650143	0.00025361021004884646
55709.66444916921	1.000177250020543	0.0002536310466822027
55709.68488328691	1.000037891086107	0.00025362271360116395
55709.70531760461	0.9994087622793266	0.00025358375263216676
55709.72575182219	1.0002532357960372	0.0002536537310836813
55709.76662025713	1.0002090065103524	0.0002536603036260105
55709.7870544746	1.0000581350399667	0.000253651116527498
55709.807488691826	1.0000016870141788	0.00025365294891770265
55709.82792290906	0.9998915837799265	0.0002536525654578017
55709.84835712629	1.000177443136235	0.00025368328753861075
55709.868791343295	1.0003399524256436	0.0002536990687823787
55709.889225660416	1.0001577256784535	0.0002536918155824064
55709.9096597773	1.000130520406531	0.00025369187951947104
55709.93009399418	1.0001779848267665	0.0002537033570471217
55709.950528310954	0.9997835573282283	0.0002536788690111111
55709.97096242772	0.9997692624888425	0.0002536848134986813
55710.01183096091	0.9999454914546785	0.00025371052748787573
55710.03226507745	1.0000129474834176	0.00025372092382932026
55710.05269939386	0.9999662014491814	0.00025371960200290387
55710.07313361017	1.0005468140607057	0.00025377546108779433
55710.093567726464	1.000029103741419	0.0002537418044830089
55710.114002042654	1.0002358098658448	0.00025376425402524953
55710.13443625884	1.000173231300111	0.0002537644924232745
55710.154870374914	1.000799156927929	0.00025381378694731897
55710.17530469086	0.9996744592687898	0.0002537373223601467
55710.19573890682	1.0000838212338958	0.0002537725901161758
55710.21617312265	0.9995893199607719	0.000253738667628538
55710.236607338375	0.9998882501530147	0.0002537786872248802
55710.2570415541	0.999983207949074	0.00025378145131791746
55710.2774758697	0.9997972500286485	0.0002537701797003467
55710.29790998519	1.000349546424905	0.00025381913214418765
55710.31834420068	1.000009290780132	0.00025379173723102195
55710.338778416044	1.0001273155422796	0.0002538084306388741
55710.3592126313	1.0001824119915848	0.00025381426808100146
55710.37964684656	1.0001223347012227	0.00025382114435252635
55710.40008106169	1.0001279522842923	0.00025382694713699754
55710.42051527683	1.000190992593743	0.0002538266822982572
55710.44094949186	0.9997715601420774	0.00025380282973050074
55710.50225223646	1.0002546338572218	0.00025384796930883597
55710.52268645113	0.9995861897451257	0.0002538199455761722
55710.5431205658	0.9992741562464869	0.00025379188881396195
55710.56355488036	1.000168316630569	0.00025385989877121863
55710.5839890948	0.99975069792289	0.00025382405307406797
55710.60442320924	0.9998521078663246	0.0002538408952277133
55710.624857523566	0.9997425333980406	0.0002538322621907706
55710.64529173777	1.0003180773385039	0.00025388175689885156
55710.66572585198	0.9996316438710262	0.0002538313638730256
55710.68616016607	1.0002375971883566	0.00025388363341876237
55710.70659438016	0.9997850100378154	0.0002538503189211011
55710.727028694135	1.000034000965772	0.00025386421521550614
55710.747462807994	1.0002485321579428	0.00025388983248528577
55710.76789702173	1.0001496185040866	0.0002538840698280055
55710.788331335476	1.0003968603248583	0.00025390351116815325
55710.8087654491	1.0000087972052496	0.00025388028676126556
55710.82919966272	0.9994360955341013	0.000253837362991516
55710.849633976235	0.9997501391183629	0.00025386627328727844
55710.87006818963	1.0000925687940818	0.000253883867347006
55710.8905023029	1.000337066905585	0.0002539075848792192
55710.91093661618	0.9999661092540796	0.0002538827946777461
55710.93137082945	0.9998595017352899	0.0002538738245258833
55710.951804942495	0.9998468294290547	0.0002538823728855388
55710.99267336847	0.9997595818797497	0.0002538764088028547
55711.033541894205	0.9997756424961265	0.00025388485658788955
55711.053976106894	1.0000270431791718	0.00025389760532683184
55711.07441031959	1.0002113423694887	0.0002539174278757296
55711.09484453217	0.9999236370702175	0.00025389667206439555
55711.13571295709	0.9998983608078992	0.00025389708370634556
55711.15614716944	0.9996749384893571	0.0002538842144946208
55711.17658128167	0.9995846369328784	0.00025388475025976866
55711.19701559389	1.0003488026797662	0.0002539332733508331
55711.217449806005	1.0000373270834602	0.0002539123637722611
55711.237884117996	1.0004705651163095	0.0002539534545715987
55711.25831822999	1.0002590631032078	0.0002539304778745648
55711.278752441875	0.9997876524264976	0.0002538965835778439
55711.29918675363	0.9997394930615185	0.00025389242040715703
55711.3196208654	1.0002119714231106	0.0002539336015002776
55711.36048938857	1.0000137082207263	0.00025392635080860663
55711.380923499986	1.0003479108654416	0.00025394770550768317
55711.42179202281	1.0003469864671422	0.0002539533429350576
55711.442226233994	0.9999619844926935	0.0002539277888900994
55711.46266044518	1.0002898931394182	0.0002539538057350452
55711.483094656236	1.0000492028281633	0.0002539324459539157
55711.5035288673	1.0004601398102742	0.0002539728893600726
55711.52396317825	0.9998256027646651	0.00025392598953468776
55711.54439728908	0.9998346338415691	0.00025392973444675
55711.56483149991	1.0001126617376133	0.000253953477748444
55711.58526581063	1.000125472671061	0.000253956055470499
55711.60569992122	0.9996700524270862	0.00025392408109125854
55711.62613413171	1.0000945899895288	0.0002539648443256917
55711.64656834219	0.9994865248843593	0.00025391729292089765
55711.66700255255	0.9996908429271707	0.0002539409938040669
55711.68743676292	1.0001412985792062	0.00025397445413478194
55711.70787097317	0.9997853959587851	0.0002539499506440906
55711.7283051833	1.0000799909158598	0.00025397802950809196
55711.74873949332	0.9997383711115997	0.00025395317132152854
55711.76917360334	0.9995630482530729	0.0002539369004389828
55711.78960781323	1.0003290230789388	0.00025400259613867615
55711.81004212302	1.0001606472853615	0.0002539929614911892
55711.830476232804	0.9997114548110686	0.000253960252196636
55711.85091044247	0.999646596517151	0.0002539572393395356
55711.87134475214	0.9995509012737427	0.00025396000228507156
55711.89177886157	0.9999887596116246	0.0002539940210379182
55711.912213071	0.9999744956739767	0.00025399569711664156
55711.93264738032	1.000241359818672	0.0002540177315508058
55711.95308158964	0.9999889168112412	0.0002540058782179355
55711.97351579884	1.000097947813441	0.0002540144654255585
55711.99395000793	0.999964681533858	0.0002540118664759187
55712.01438421701	0.9997942561544887	0.0002539984132396151
55712.03481842598	0.9997878107953037	0.00025400996155203523
55712.05525263483	1.0002616941236098	0.0002540450800342083
55712.07568684357	1.0001366986790343	0.0002540402655823269
55712.0961211523	1.0002725357814815	0.0002540559719263577
55712.11655526092	0.9998510695642103	0.0002540313101824088
55712.13698946942	1.00006621680599	0.0002540573945517539
55712.15742377793	1.0003956955571935	0.0002540824870468094
55712.177857886316	1.0000232396816462	0.0002540518662539701
55712.19829219458	0.9995923670610313	0.000254031801275957
55712.218726402854	0.9992737486068073	0.00025401113924752904
55712.28002892708	0.9994384983755582	0.0002540344603819714
55712.341331550495	0.9996683891276373	0.00025406906279567854
55712.361765758185	1.0001079807505766	0.0002541059572323732
55712.38220006575	0.9993971772613485	0.0002540542844775587
55712.40263417321	0.9994386796356918	0.0002540704292122055
55712.42306838067	0.9998868549222949	0.0002541014839341412
55712.443502688	0.9998163579180773	0.0002541017470709005
55712.46393689523	0.9994111557141504	0.0002540840711679843
55712.48437110245	0.999705485217096	0.00025411204382290903
55712.50480530955	0.9995836270771213	0.00025410205713032985
55712.525239516544	0.9998964351577877	0.0002541334127019761
55712.54567372342	0.9995533211450377	0.00025410501183891783
55712.56610793029	0.9998732062334875	0.0002541381556714903
55712.58654213705	0.9995138227657058	0.00025411468132647777
55712.627410550325	0.9996538920205746	0.00025413995483370105
55712.64784475685	0.9995122803845863	0.0002541416399356916
55712.688713169664	0.9995042743204017	0.0002541451680618883
55712.70914747584	1.0000734015543502	0.00025419044130034864
55712.72958168202	0.9999519337029528	0.0002541857982622309
55712.75001578819	0.9999146861832018	0.0002541888038758756
55712.77045009425	0.9998802311478588	0.0002541880161566947
55712.79088430019	1.0002838369157687	0.00025422927546489305
55712.81131840601	1.000471795735344	0.00025424765384273373
55712.831752711725	0.9998256136949989	0.0002542018828896027
55712.85218691744	1.0002817146542649	0.00025425136190675846
55712.87262102302	1.0006321388481445	0.000254277742206086
55712.89305532862	1.0000053838819691	0.00025423338839010694
55712.91348953398	1.0001176706109254	0.0002542466434721982
55712.933923739336	1.0002771059258593	0.00025426470105166976
55712.9543579447	1.000275137452723	0.0002542639795091648
55712.99522635495	1.0001034262699928	0.0002542634475888096
55713.01566055996	1.0004789980298654	0.00025429207376178995
55713.036094764975	1.0000571753370446	0.0002542699946268947
55713.05652896975	1.0003905276195848	0.00025430172990971244
55713.09739737919	1.0003550214284966	0.00025430608109748755
55713.11783168385	1.0001725738096652	0.00025429873945860743
55713.158699992826	0.9998640876122131	0.00025427946502150757
55713.179134297134	0.9996595658477649	0.0002542815248554149
55713.22000270564	0.9998484223374411	0.0002543018176335852
55713.24043690972	1.0003335447217878	0.0002543379794256142
55713.28130531765	0.999790178087245	0.0002543046896700178
55713.30173952161	0.9999744739155388	0.0002543237867049468
55713.32217362534	1.0001279151167333	0.0002543458557939897
55713.34260792895	1.0000317288382436	0.0002543402193771704
55713.363042132565	0.9998576516020694	0.00025433124199945666
55713.383476236064	1.000716239443903	0.000254393945242748
55713.403910539564	0.999587798436753	0.00025431499491819406
55713.42434474294	0.9998149420906367	0.00025434013972146994
55713.44477904621	0.9993128277747632	0.00025430414678734406
55713.46521314935	0.9996110631579486	0.0002543291253170796
55713.48564735238	0.9997082758978126	0.0002543445101006395
55713.50608165542	0.9997609858243556	0.00025435740831089907
55713.546949961245	0.9999870454689989	0.00025438120324769746
55713.56738426393	0.9998037808298349	0.00025436192408431985
55713.58781846661	0.9996705189984815	0.00025435838489870096
55713.608252569175	0.9996661511703521	0.0002543552695563401
55713.62868677174	0.9993977411939834	0.00025434439878744305
55713.64912097408	0.9998690603081322	0.00025438337857254214
55713.66955527641	0.9998451933110215	0.000254386348205243
55713.689989478626	1.0000872339415936	0.00025439527720806134
55713.71042358084	0.9993347545296275	0.00025434999170952446
55713.73085788294	1.0002133546677805	0.000254412139538663
55713.751292084926	0.9997367227348535	0.00025437989320626974
55713.771726186795	1.0003900744870906	0.0002544365341058254
55713.79216048854	0.9996790662190231	0.0002543897516377054
55713.812594690295	1.0000866808374875	0.00025441263710355896
55713.83302879192	0.9996090164814904	0.0002543778814689467
55713.853463093445	0.9999229758684411	0.00025440984207282313
55713.873897294965	1.0000505718452606	0.0002544240113307342
55713.89433139637	0.9998433399453337	0.0002544084490096915
55713.93519989882	0.9996675381457297	0.0002543961641199075
55713.955634199985	0.9995929970819599	0.00025440014305432685
55713.99650250198	0.9996519367322532	0.00025440810987275794
55714.01693680279	0.9998840042854266	0.0002544303319884603
55714.037370903614	0.9999762674421653	0.00025444200683499146
55714.0782394049	0.9997720338041836	0.00025444006457652613
55714.098673505374	1.0002469182100593	0.000254470559137299
55714.11910770585	1.000224207605367	0.0002544664944366071
55714.139542006196	0.9995324470945588	0.0002544170625166327
55714.180410406676	0.9997872488180755	0.00025444196125104995
55714.200844606676	0.9998934788180552	0.0002544529028950228
55714.22127880668	0.9999352314669948	0.0002544600695789646
55714.24171300657	1.000189564228738	0.0002544727047322008
55714.26214720646	0.9998850273090941	0.00025445731295786056
55714.30301560588	0.9999025260028243	0.00025446240400755143
55714.32344980542	0.9997050737542181	0.0002544612350305725
55714.34388390485	0.9999570721734249	0.0002544724503603526
55714.36431820427	1.000061880353272	0.00025448682916058064
55714.384752403574	0.9998883448590815	0.00025447834422192905
55714.40518670277	0.9997031995418666	0.0002544627707612519
55714.425620801834	1.0000185112517834	0.00025448795879916904
55714.44605500091	1.0002831741045535	0.00025451049525970017
55714.46648929987	0.9996210214984712	0.00025446803894039045
55714.48692339871	1.000097022342375	0.000254498023594392
55714.50735759755	0.9998560293390228	0.0002544940553671242
55714.52779189616	0.9999299112035648	0.00025450526877015064
55714.54822599476	0.999756392746789	0.00025448342211532784
55714.568660193254	1.0002181864392108	0.00025453198964775
55714.58909449175	0.9997145278397754	0.00025448914390530683
55714.60952869	0.9998440053125537	0.0002545023931554385
55714.62996278826	0.9998553479286127	0.0002545094816048851
55714.65039708641	0.999863161128805	0.00025451465380049373
55714.691265482455	0.999903936396657	0.0002545308855035084
55714.732133878155	1.0000650445439114	0.000254535831383722
55714.77300227351	0.9997382547993543	0.0002545286545671216
55714.79343647107	1.0006387465424846	0.000254595727446146
55714.813870768514	1.000096157572763	0.0002545599847256929
55714.83430486584	1.0003325856397602	0.0002545806889111496
55714.85473906305	1.0004874155541366	0.00025460093859405996
55714.87517336026	1.0000313969394339	0.00025457613349950616
55714.89560745736	0.9998658675678992	0.00025455631416361604
55714.91604175433	1.0004042582288424	0.00025460799102058207
55714.93647595131	1.0002297229857198	0.00025458942460350085
55714.95691004806	1.0002868917533412	0.0002546011184973547
55714.9773443448	1.0003067914554211	0.0002546031967719339
55714.99777844143	1.000326127598287	0.00025460854636077447
55715.01821263806	0.9999594486447982	0.00025458840437845827
55715.03864693445	0.9999872675044885	0.0002545981460474858
55715.05908103085	1.000246851807701	0.00025461837280196873
55715.07951522713	1.0002161525671875	0.00025461894566589045
55715.09994952329	0.9995741381705435	0.00025457526326398623
55715.120383619455	0.99987942213054	0.0002545964432536116
55715.1408178155	1.0002123073279263	0.000254624778537136
55715.16125211131	1.0001257914317936	0.0002546269011339475
55715.202120502945	0.999988450977124	0.0002546194746870035
55715.242988894104	1.000139444776491	0.0002546403073811185
55715.26342308969	1.0002379764403526	0.0002546478927447183
55715.28385728503	1.0003166062131073	0.0002546598723457362
55715.304291480265	1.0000088418481163	0.0002546513588110935
55715.34515987061	1.0000882125062434	0.0002546613392130194
55715.386028360605	1.0001462994703785	0.0002546746538112915
55715.40646245537	1.0000503843339965	0.000254669053146238
55715.42689675014	0.9996156429832352	0.00025464153000800553
55715.44733094479	0.9999821591404877	0.00025467740655916326
55715.48819933386	1.0000903568867208	0.00025469269749279144
55715.50863352827	1.0000663179804996	0.0002546967851445114
55715.52906762257	0.9999114316257038	0.0002546966100217028
55715.56993611083	1.0001158025050927	0.00025472238684424244
55715.59037020489	0.9995384689268616	0.0002546748534352386
55715.61080449884	0.9998826228261224	0.0002547091801802314
55715.63123859268	1.0001770775450305	0.0002547290105798192
55715.65167288639	0.9999623143313122	0.000254721315275348
55715.67210708	1.0005404959119373	0.00025477458952699415
55715.6925412736	1.0001792429992045	0.00025474505883542174
55715.71297546708	1.0003075479673549	0.0002547636705784321
55715.73340966045	0.999973128015976	0.00025473973780037036
55715.7538438537	1.0000648205834917	0.00025475657387932484
55715.774278046956	1.0002211367882046	0.000254770306820291
55715.79471223998	1.0001364912908437	0.0002547661384826104
55715.815146433	1.0001947741365766	0.0002547762697007141
55715.856014818804	0.9999073930006329	0.00025476716604113097
55715.89688330414	0.9998381903200239	0.00025477362838097374