55815.30727236436	0.9995661261278818	0.0002473358645473418
55815.327705761454	0.9997157591604351	0.0002473414804954607
55815.34813895831	0.9999450915463258	0.0002473651022293892
55815.36857235493	1.0003062208108384	0.00024738011777600624
55815.38900565132	0.9998921454424204	0.00024735494967367187
55815.40943884771	0.9998778629302517	0.00024736727067868126
55815.42987224363	1.0000387610667099	0.0002473811936138948
55815.450305539554	0.9997312754257244	0.000247355654882873
55815.47073873525	0.9996719623624262	0.0002473491062327135
55815.49117213047	1.0001012755069352	0.00024737322017644566
55815.511605425694	0.9998961657681863	0.0002473711381913223
55815.53203872092	1.0000872159235747	0.00024737825862369465
55815.552472015675	1.0001349332218725	0.00024738248761283817
55815.572905310204	1.0006362679257361	0.00024741369541439196
55815.59333860473	0.9999863235737251	0.0002473764570473383
55815.61377189902	0.9998283707778695	0.0002473705985765399
55815.63420519285	1.0001459039068121	0.0002473796930971436
55815.65463848668	0.9998938423169383	0.000247367441113388
55815.67507178027	1.0000282711172594	0.0002473739513537247
55815.69550507387	0.9999145866320918	0.0002473733328687477
55815.715938466994	1.000160577679264	0.00024739068525622785
55815.736371660125	1.000054363916528	0.000247384350129007
55815.75680495279	1.000002221025211	0.0002473779181489125
55815.77723834546	0.999785377331327	0.0002473741338650653
55815.79767153788	0.9998207065030276	0.00024736995650530464
55815.81810483008	1.000404542516507	0.00024741250621224597
55815.838538222044	1.0000662806610052	0.00024739076734877323
55815.85897141401	1.0004234977065716	0.0002474244111127599
55815.87940470551	0.9996401696938175	0.0002473617859696519
55815.899838097015	0.9997745179353535	0.0002473808288506021
55815.92027128804	1.0000865087285404	0.00024739090281936544
55815.94070457908	0.9999777722831887	0.0002473886081602127
55815.961137969876	1.0000281706430865	0.00024739566339707363
55815.98157126068	1.0000390249143114	0.0002473984701776527
55816.00200445102	1.000028101440489	0.0002473894376367678
55816.02243784112	1.0000112308401667	0.00024738960699194183
55816.04287113122	1.0004048573655855	0.0002474202134348289
55816.06330442109	1.0002745024380608	0.0002474132182883396
55816.083737710724	0.9999712328078912	0.00024739473092627904
55816.10417100013	1.0005531129050218	0.0002474349264338012
55816.124604389304	0.9995654063332333	0.0002473692350969324
55816.165470866945	1.0002309958672717	0.0002474122622440308
55816.18590425565	0.9997125070905886	0.0002473765633842479
55816.20633744412	1.0004432537906334	0.0002474346684258516
55816.24720412014	1.0006575851666977	0.00024744688071365756
55816.26763730791	0.9995348283118598	0.00024736594102499343
55816.308503983	1.0001310878078893	0.00024740957172811345
55816.3289371703	1.0001005335595612	0.0002474005410208093
55816.349370457145	1.0001283303528528	0.0002474078777918069
55816.36980374399	1.0000739842075193	0.0002474095142969714
55816.390237030595	1.0004317063926682	0.00024742660746792934
55816.410670416975	1.0004348385602118	0.0002474350619523728
55816.43110360312	1.000501848549078	0.00024743660331770674
55816.45153688926	0.9999962566811197	0.00024739254498467206
55816.49240346062	1.0001421351620186	0.00024741347411816604
55816.512836746064	0.9999085342951454	0.00024739252303901556
55816.53327013128	1.0002129919192977	0.000247418039734514
55816.55370341626	1.0000200164906026	0.00024740758707080695
55816.574136601004	1.0000929880694018	0.0002474063960646246
55816.59456998552	0.9999602314205979	0.00024740301384993226
55816.61500327004	0.9999460891478003	0.00024740021978765075
55816.635436454315	0.9999828463293401	0.0002474035498128131
55816.655869838134	1.0003001385181238	0.00024742132496445243
55816.67630312195	1.000031084815245	0.000247409936457994
55816.71716968912	1.0001039832568583	0.00024742084789077955
55816.737602972236	1.0003150042711981	0.00024743065267197553
55816.75803635512	1.0002122537862932	0.0002474213006345335
55816.778469538	0.9998592896472135	0.00024740109561223656
55816.79890282066	1.000033197077657	0.0002474187622217994
55816.81933620307	1.000213473309086	0.00024743055979221636
55816.83976938526	0.9999331451938572	0.00024740507771716687
55816.860202667216	1.0003938483577675	0.00024743853009762026
55816.88063604893	0.9999379051280298	0.0002474134244645143
55816.901069230655	1.0004232544423273	0.0002474456307620651
55816.94193589316	0.9994597683897326	0.00024738703549589383
55816.96236907419	1.0001489432855033	0.00024742124084700467
55816.98280235498	0.9994663767723521	0.00024738075199956744
55817.00323563576	0.9998181319234382	0.0002474130233930753
55817.02366891609	0.999907312459841	0.00024741359703921086
55817.04410229641	1.0001285148281185	0.00024743429229707607
55817.06453557627	0.9999210531628432	0.0002474265534029892
55817.08496875613	0.9996517297079948	0.00024739482855537823
55817.105402135756	1.0000727283338327	0.00024742330117814235
55817.12583541514	0.9998649109669009	0.0002474165333107798
55817.146268594304	1.0001177669510053	0.0002474311638923974
55817.16670197346	1.000279717051415	0.00024744383467264217
55817.187135252156	0.999813413358594	0.00024741542088681673
55817.20756843085	0.9999816830075184	0.0002474185788523635
55817.228001809315	0.9998001679301581	0.00024741066954016224
55817.24843508754	0.9997910668574541	0.00024740935029585155
55817.268868265535	0.9997935857026581	0.00024741049744978654
55817.309734920826	0.9996748524596216	0.00024739766963037486
55817.33016809836	1.0000608297799776	0.00024743110262993466
55817.35060147566	0.9996943098080711	0.00024740876659938327
55817.371034752716	0.9995620681879805	0.0002474000047210747
55817.39146812932	0.9995186303474956	0.00024739299221824185
55817.41190130614	1.000300103645043	0.00024744891662326475
55817.43233458251	0.9999117188232364	0.0002474221633088283
55817.452767958646	0.999716092539031	0.00024740768601355016
55817.47320113478	0.9999473962588591	0.00024742583162574864
55817.493634410675	1.0006877740850466	0.00024747635568153495
55817.514067786346	0.9999916384198027	0.00024743729731986234
55817.534501061775	0.9998717897869546	0.00024742071734926304
55817.55493423698	0.9997296169692814	0.0002474141527278159
55817.57536761195	0.9997985529514479	0.00024741853215155026
55817.59580088691	0.9993945904977418	0.0002473954856315494
55817.61623406142	1.0003659480757034	0.0002474678252920493
55817.63666743592	0.9995337488945508	0.0002474039965694414
55817.65710071019	1.0002261218171702	0.0002474525012132968
55817.67753388423	0.9995217574487169	0.00024740570783348754
55817.697967258035	1.0003988282864882	0.00024746610509254996
55817.7184005316	0.9996041870994286	0.00024740258501426156
55817.738833805175	0.9994646383668938	0.00024739812146933743
55817.759267078516	0.9997714145957549	0.00024742608993482486
55817.77970025138	0.9999803932756491	0.00024744339125091884
55817.80013362426	0.9998626310590739	0.0002474317965385453
55817.8205668969	0.999764757749435	0.00024743289011041903
55817.841000069544	0.9997512585992365	0.0002474299641721211
55817.861433441714	1.0002755246451862	0.000247459066602384
55817.88186671389	0.999740010270166	0.0002474305106565805
55817.902299985595	1.000164380357154	0.00024746104206989887
55817.92273325731	0.9998459788731299	0.000247440875991732
55817.943166528785	0.9997526023003708	0.0002474431910998796
55817.96359980002	0.9997033837103416	0.0002474323720196994
55817.98403307127	0.9997908950414682	0.00024743097753863845
55818.00446634205	1.0002880679965576	0.000247464101838447
55818.02489971282	0.9997213297254335	0.0002474268397188393
55818.045332983136	1.0000718902396948	0.00024744946975975015
55818.06576615345	0.999773028422968	0.00024743401351792744
55818.086199523525	0.9998143873042344	0.0002474343225309789
55818.106632793606	1.0000665386314675	0.00024745920995809627
55818.12706596322	0.9999564945226582	0.0002474506307474544
55818.1474993326	0.9996241090554101	0.0002474213170150325
55818.16793260198	1.0001313397793632	0.00024746513070004035
55818.18836577113	0.999997051847387	0.0002474566946105924
55818.20879914004	1.0000459282981349	0.0002474541967633614
55818.229232408725	1.0001614679393607	0.00024746908239275993
55818.249665577176	1.0002220404411133	0.00024747303187543334
55818.27009894562	1.0000604373639264	0.00024745848508889206
55818.29053221361	0.9996242998461379	0.0002474320047296868
55818.31096538159	0.9997096756977746	0.0002474442660157411
55818.33139874934	0.9999076338223616	0.0002474625965464005
55818.35183201686	1.0001507783849368	0.00024746919282561545
55818.372265284146	1.000137731024177	0.00024747288520570956
55818.39269855119	1.0001896942811201	0.0002474752687791802
55818.41313181825	1.0000451108392185	0.0002474686522486696
55818.43356508507	0.9999535726618948	0.0002474618091209855
55818.45399835142	0.9995456145172975	0.0002474452591108793
55818.474431617775	1.0000305886716052	0.00024746529791058194
55818.4948648839	0.9994592955276839	0.00024742299831614754
55818.515298150014	0.9997844152934416	0.00024745737365570406
55818.53573141567	0.9995882928682208	0.0002474398987863382
55818.55616468133	0.9993803784342993	0.0002474214559977101
55818.576597946514	0.9995417117907723	0.000247438525457938
55818.597031211706	0.9994479762611778	0.0002474317520120921
55818.61746457666	0.9997121537990026	0.000247441991465651
55818.63789774162	0.9998443820273898	0.0002474558150243339
55818.65833100611	0.9993942740053311	0.00024742331850475467
55818.678764370365	0.9990138430131184	0.0002474033677015444
55818.699197534625	0.9994895174899552	0.00024744387304658286
55818.71963089865	0.9996315474765091	0.00024744522510640406
55818.74006416244	0.9994635161638389	0.00024743799068008336
55818.760497326	0.9994967206226176	0.0002474408975019298
55818.78093068933	0.9995099816604858	0.00024743863610527745
55818.801363952654	0.9989933601918507	0.00024740608541173355
55818.82179711552	1.0000286022829805	0.000247488358556113
55818.84223047838	0.9993693019034412	0.0002474309471218938
55818.862663741005	0.9997795079714675	0.00024746240125819296
55818.8830970034	0.9995426786011488	0.0002474514861585948
55818.90353026557	0.999998517608917	0.0002474746706877534
55818.923963527726	1.0002381808600675	0.00024749870860939503
55818.944396789426	0.9999584282677874	0.00024747794333264124
55818.964830051125	0.9996633961598456	0.0002474541562937118
55818.985263312585	0.99979546449945	0.00024746228650217913
55819.00569657382	0.9997024599038915	0.00024746402173834845
55819.02612983482	1.0001918273048844	0.0002474933781955282
55819.04656309558	1.0003326478601469	0.0002475069949330704
55819.06699645612	1.000350099268212	0.0002475050653491577
55819.08742961665	1.0000928415297963	0.00024748916743071495
55819.10786287695	0.9996828646365724	0.0002474671811911251
55819.12829623702	1.000346605258406	0.00024751006939561143
55819.14872939685	1.0004201939082862	0.0002475204647275703
55819.16916265645	1.000403171255768	0.0002475117570899867
55819.189596016055	1.000039635051611	0.0002474855472689689
55819.21002917519	1.0000013293387284	0.0002474944112513061
55819.23046243432	1.000321933370074	0.00024750965358909385
55819.25089579323	0.9999944749202409	0.0002474929712948633
55819.2713289519	1.0003333416004425	0.00024751307231804574
55819.291762210334	1.0002171943073077	0.00024751048497553574
55819.31219556854	1.0003558531898273	0.0002475200306236237
55819.33262872675	1.0001829163030846	0.0002475170473005578
55819.37349534246	0.9997529913759904	0.00024747545285757255
55819.393928499965	1.0000567710611759	0.0002474981890553014
55819.414361857234	1.0002774519366768	0.00024751929654839275
55819.43479511428	0.9999591651503462	0.0002474949891163569
55819.45522837132	1.000231832428109	0.0002475151065046442
55819.47566162789	1.000076531858573	0.0002475076557006025
55819.49609488447	0.9998675293854805	0.00024749273454276996
55819.51652814081	1.0000041126417167	0.00024750504623879174
55819.53696149692	1.00052355281251	0.00024753482953046335
55819.55739465303	1.0002498037155954	0.000247525738021944
55819.57782790867	1.0000506790893928	0.00024750845184470674
55819.59826126431	0.9996762426736887	0.00024747831511145936
55819.61869441949	0.9997422182025074	0.00024750263858859593
55819.63912767467	1.0004974086801937	0.0002475496989325735
55819.65956102961	1.0001284220359286	0.00024751134311380474
55819.67999418456	1.0003387823673904	0.0002475238347917028
55819.70042743904	0.9997067492485623	0.0002474893349780915
55819.72086079352	0.9993988229536916	0.00024746246444550625
55819.74129394753	1.000038495572559	0.00024751078064461134
55819.76172730155	1.000091638006883	0.00024752013424178445
55819.782160455325	1.000506562391658	0.0002475451238526749
55819.80259370911	0.9998226366114384	0.00024749894116138393
55819.82302706242	0.9995218028513788	0.0002474836096484717
55819.843460215736	0.9998872351317004	0.00024750731292121113
55819.86389346859	0.9999606358140124	0.00024750465799400066
55819.88432682144	1.0004815894908	0.00024754817861297494
55819.92519322667	0.999807787498267	0.00024750333906878465
55819.94562657882	0.9999571476392628	0.0002475131346738249
55819.96605983074	1.000074564261564	0.00024752600577660936
55819.98649298266	1.0001353037157035	0.00024752723786153883
55820.00692633435	0.999691432756278	0.0002475028969957792
55820.027359585794	1.0003992191152338	0.0002475487757654804
55820.04779293702	1.0000664119180915	0.00024752748516332823
55820.06822608823	0.9999186152843748	0.0002475178864383879
55820.08865933899	1.0003822265070983	0.00024754581302309297
55820.109092689745	0.999953349277641	0.0002475198936015901
55820.12952584027	1.000554130129746	0.0002475597266094499
55820.14995909055	1.000124331072008	0.00024752936286179396
55820.17039244061	0.9999224007120052	0.00024752159886715704
55820.19082559043	0.9999611636562363	0.0002475181921700897
55820.21125884025	0.9999672953972737	0.0002475214281150127
55820.231692189845	0.9994674882216333	0.00024748812492020105
55820.25212533897	1.0003497863760449	0.0002475520111945877
55820.27255858809	1.0000775904065036	0.0002475253879989066
55820.29299193722	0.9996646489575037	0.00024749884197426594
55820.31342508587	1.0003431686544366	0.00024755295303462654
55820.33385833453	0.9996103809754117	0.0002474963333201505
55820.35429168273	0.9997708988695965	0.0002475147288020165
55820.39515817888	1.0000181476901846	0.00024752943971702963
55820.41559142661	0.9999630254197658	0.0002475273679462957
55820.43602457433	0.9998925962156563	0.0002475207514781696
55820.456457921595	0.9999136065170879	0.0002475203960368983
55820.47689116886	0.9999269473583071	0.00024752897462628767
55820.49732431589	0.9998397780838556	0.0002475206241566449
55820.51775766268	0.9995597132032821	0.0002474976356601311
55820.53819090925	0.9999301298384676	0.0002475382600754055
55820.55862405557	0.9997687728847715	0.0002475173814730793
55820.579057401905	0.9994179958639187	0.0002474979026443503
55820.599490648005	1.0001176252790733	0.00024753907934925055
55820.61992379364	0.9997084805073025	0.000247507929785287
55820.640357139266	0.999499748434125	0.00024749797390311723
55820.68122353006	0.9998877930495303	0.00024752530957200184
55820.70165687523	0.9999169736735437	0.00024752880420951404
55820.72209011993	0.9998688977590546	0.00024751814555657716
55820.74252346463	0.9998112738965752	0.000247527296256478
55820.7629566091	1.0001411223330383	0.000247548493910312
55820.783389853335	0.9999190121714354	0.00024752972017537666
55820.803823197566	0.9998495597810559	0.00024753460891781015
55820.82425634134	0.9998944091565986	0.0002475358999794726
55820.84468958511	0.9999351839581507	0.00024753209448379716
55820.86512292864	1.0000743605949005	0.0002475469249950166
55820.88555617195	1.0000930807697812	0.00024754603536978053
55820.90598931502	0.9994772523877267	0.00024750089409645106
55820.926422658085	0.9997616276100916	0.0002475380123279367
55820.9672890433	1.0000500015183709	0.0002475489084188323
55820.98772238567	0.9999641760073367	0.0002475386619994312
55821.00815562781	0.9998668123161634	0.00024753143012472446
55821.02858876972	1.0000472184791056	0.00024754207726848036
55821.04902211162	1.0000582682197865	0.0002475448588602408
55821.06945535306	1.0004857596011043	0.0002475854396623455
55821.089888594506	0.9995690485409752	0.00024751010323611794
55821.11032183571	0.9996422676438342	0.000247518179666541
55821.13075507669	0.9998080257576487	0.0002475326170671786
55821.17162155817	0.9996000712923754	0.00024752121999247417
55821.19205469868	1.0001111616257525	0.0002475506374225375
55821.21248803896	1.000439846374831	0.00024757983909086097
55821.232921279	1.0000053932533235	0.00024755143016630876
55821.25335441881	1.0001211599601627	0.00024755438140128174
55821.273787758386	0.9997890899836317	0.00024753612552582603
55821.29422099797	0.9999369092572612	0.0002475382185170903
55821.31465423708	1.0001399409301825	0.0002475585745233922
55821.335087476196	0.9997418159896173	0.00024752813129142755
55821.35552071507	0.999969665320914	0.00024754772680672687
55821.37595395372	0.9997860990272641	0.00024753330869677623
55821.39638719236	1.0002679516847988	0.00024755861339358516
55821.416820430546	1.000046794892336	0.0002475550172728491
55821.43725376873	0.9999755818324666	0.00024755265451150777
55821.457687006674	0.9999668236025728	0.00024754401308429454
55821.47812014439	0.9999700218316286	0.00024755175503304687
55821.49855348188	0.999855452330225	0.0002475418306421237
55821.518986719355	1.0000054505170355	0.000247553345569283
55821.53941985637	1.0001569198176585	0.00024756409400744883
55821.559853193394	0.9997112210755459	0.0002475276634230936
55821.58028643017	0.9997128815419972	0.0002475308660656733
55821.600719566726	1.0000699667899384	0.00024755967520378986
55821.62115290305	1.0000638577992276	0.0002475587581798779
55821.64158613936	0.9999923646891573	0.00024755060045944
55821.66201927545	1.000282055733338	0.0002475702042128667
55821.68245261107	1.0001145073503075	0.0002475628920902231
55821.70288584669	1.000330544774349	0.00024757053445820406
55821.72331908231	1.0003830508718086	0.00024758167500819173
55821.74375231747	1.0000334910270998	0.00024755161072053387
55821.76418555238	1.0001399064011613	0.00024755764744979503
55821.78461888731	1.00021542496797	0.00024757133791360924
55821.82548525645	1.000276452394137	0.00024757667524289204
55821.845918490675	0.9999943574545842	0.0002475523857508046
55821.8663517249	1.0001117579198349	0.0002475604875790279
55821.88678495865	1.0004931714097043	0.00024758494743756495
55821.90721819241	0.9996905086484448	0.00024753766373399164
55821.92765142594	1.000090787257546	0.0002475540694112634
55821.94808465923	1.000004189002077	0.0002475592806972453
55821.96851799252	1.0000739369961014	0.00024756115203151464
55821.98895112535	1.0006726293604031	0.0002476089812628279
55822.00938435817	0.9997336827001334	0.00024753945157427896
55822.02981769077	1.000012276974605	0.0002475554425041231
55822.05025082313	1.0000847112236007	0.0002475688064576289
55822.07068405525	0.9999364507528393	0.00024755515392948797
55822.09111738715	0.9998531717036053	0.0002475422660102344
55822.131983850704	1.000213349150897	0.0002475751959479376
55822.152417082136	1.0000616848669128	0.00024756013960490974
55822.172850213334	1.0001785463535586	0.0002475754534327786
55822.19328354429	1.000205070755249	0.00024758628289914795